0.999998,0.001747
0.999995,0.003181
0.999992,0.004099
0.999981,0.006160
0.999976,0.006938
0.999975,0.007102
0.999972,0.007481
0.999970,0.007797
0.999967,0.008087
0.999964,0.008515
0.999939,0.011028
0.999910,0.013384
0.999893,0.014654
0.999890,0.014860
0.999858,0.016845
0.999847,0.017518
0.999845,0.017601
0.999839,0.017928
0.999828,0.018537
0.999797,0.020165
0.999786,0.020699
0.999785,0.020717
0.999761,0.021845
0.999671,0.025664
0.999617,0.027660
0.999609,0.027977
0.999477,0.032347
0.999465,0.032696
0.999454,0.033038
0.999430,0.033748
0.999425,0.033913
0.999283,0.037853
0.999278,0.037992
0.999199,0.040024
0.999187,0.040303
0.999120,0.041944
0.998917,0.046536
0.998785,0.049280
0.998655,0.051848
0.998644,0.052051
0.998616,0.052586
0.998509,0.054582
0.998447,0.055709
0.998417,0.056241
0.998350,0.057423
0.998206,0.059881
0.998014,0.062994
0.997964,0.063779
0.997807,0.066197
0.997731,0.067325
0.997536,0.070163
0.997524,0.070329
0.997457,0.071269
0.997402,0.072038
0.997363,0.072575
0.997315,0.073231
0.997269,0.073851
0.997206,0.074700
0.997133,0.075664
0.997094,0.076179
0.996994,0.077476
0.996592,0.082486
0.996562,0.082850
0.996479,0.083841
0.996382,0.084987
0.996143,0.087749
0.996018,0.089156
0.995560,0.094134
0.995465,0.095131
0.995373,0.096088
0.995286,0.096983
0.995149,0.098381
0.995035,0.099524
0.994559,0.104180
0.994495,0.104780
0.994353,0.106126
0.994055,0.108875
0.994040,0.109014
0.993692,0.112142
0.993685,0.112210
0.993675,0.112298
0.993673,0.112311
0.993549,0.113406
0.993529,0.113581
0.993475,0.114048
0.993448,0.114288
0.993418,0.114545
0.993406,0.114654
0.993279,0.115745
0.993244,0.116042
0.993137,0.116959
0.992823,0.119591
0.992813,0.119675
0.992666,0.120888
0.992454,0.122620
0.992237,0.124361
0.992216,0.124530
0.992144,0.125102
0.991835,0.127531
0.991829,0.127576
0.991366,0.131122
0.991009,0.133795
0.990722,0.135905
0.990622,0.136628
0.990528,0.137311
0.990416,0.138115
0.990308,0.138887
0.990188,0.139745
0.990084,0.140478
0.989870,0.141977
0.989844,0.142157
0.989839,0.142194
0.989705,0.143125
0.989699,0.143165
0.989424,0.145053
0.989368,0.145433
0.988851,0.148910
0.988680,0.150041
0.988514,0.151131
0.988418,0.151753
0.988414,0.151781
0.988277,0.152675
0.987858,0.155360
0.987849,0.155418
0.987629,0.156806
0.987202,0.159475
0.987094,0.160140
0.986984,0.160821
0.986950,0.161028
0.986914,0.161249
0.986796,0.161966
0.986701,0.162548
0.986395,0.164391
0.986343,0.164705
0.986278,0.165095
0.986083,0.166255
0.985602,0.169084
0.985525,0.169530
0.985509,0.169625
0.985301,0.170825
0.985288,0.170903
0.984774,0.173840
0.984625,0.174684
0.984579,0.174940
0.984168,0.177237
0.983872,0.178875
0.983750,0.179544
0.983589,0.180424
0.983365,0.181641
0.983138,0.182867
0.982535,0.186079
0.982494,0.186295
0.982420,0.186686
0.982381,0.186887
0.982023,0.188761
0.981884,0.189485
0.981808,0.189875
0.981450,0.191718
0.981251,0.192736
0.981228,0.192851
0.981114,0.193432
0.981088,0.193564
0.980488,0.196577
0.980412,0.196956
0.980249,0.197769
0.980202,0.197998
0.979947,0.199259
0.979576,0.201076
0.979551,0.201197
0.979002,0.203850
0.978652,0.205527
0.978581,0.205861
0.978571,0.205911
0.977722,0.209902
0.977627,0.210347
0.977286,0.211924
0.977253,0.212077
0.976329,0.216290
0.976324,0.216315
0.976016,0.217699
0.976001,0.217767
0.975904,0.218199
0.975629,0.219428
0.975537,0.219835
0.975255,0.221083
0.975174,0.221440
0.974928,0.222520
0.974559,0.224130
0.974199,0.225689
0.973945,0.226784
0.973791,0.227444
0.972877,0.231325
0.972827,0.231531
0.972729,0.231943
0.972662,0.232227
0.972644,0.232300
0.972406,0.233296
0.972244,0.233968
0.971654,0.236408
0.971515,0.236977
0.971488,0.237090
0.971419,0.237370
0.971074,0.238781
0.970896,0.239502
0.970845,0.239708
0.970773,0.239998
0.970757,0.240065
0.970497,0.241114
0.970294,0.241928
0.970291,0.241940
0.970236,0.242162
0.970222,0.242218
0.970180,0.242387
0.970023,0.243015
0.969930,0.243383
0.969239,0.246122
0.969106,0.246643
0.968425,0.249307
0.967300,0.253636
0.967296,0.253652
0.966896,0.255172
0.966214,0.257742
0.965894,0.258937
0.965759,0.259441
0.965652,0.259838
0.965529,0.260297
0.965344,0.260980
0.964536,0.263950
0.964048,0.265728
0.963796,0.266642
0.963101,0.269140
0.962881,0.269926
0.962838,0.270081
0.962619,0.270859
0.962434,0.271517
0.962404,0.271623
0.962375,0.271726
0.962109,0.272664
0.961575,0.274541
0.960886,0.276943
0.960421,0.278552
0.960325,0.278882
0.960284,0.279026
0.959786,0.280731
0.959185,0.282780
0.958865,0.283862
0.958647,0.284599
0.957853,0.287260
0.957461,0.288561
0.957218,0.289367
0.956542,0.291596
0.955412,0.295275
0.955071,0.296378
0.954987,0.296647
0.954532,0.298110
0.954482,0.298269
0.953864,0.300238
0.953810,0.300409
0.953172,0.302430
0.952570,0.304319
0.952397,0.304860
0.952125,0.305710
0.951335,0.308160
0.950773,0.309889
0.949927,0.312472
0.949754,0.312997
0.949684,0.313210
0.949608,0.313440
0.949535,0.313662
0.949131,0.314880
0.948427,0.316996
0.948110,0.317942
0.947381,0.320109
0.947299,0.320350
0.947135,0.320836
0.946853,0.321667
0.946680,0.322174
0.946340,0.323172
0.945971,0.324250
0.945846,0.324615
0.945684,0.325088
0.945225,0.326419
0.944960,0.327186
0.944378,0.328862
0.944005,0.329932
0.941923,0.335830
0.941719,0.336401
0.941613,0.336697
0.941209,0.337826
0.941060,0.338240
0.940821,0.338904
0.939902,0.341445
0.939648,0.342142
0.939603,0.342266
0.939422,0.342762
0.938481,0.345331
0.938440,0.345443
0.938383,0.345597
0.937741,0.347336
0.935693,0.352816
0.935598,0.353068
0.935087,0.354419
0.934445,0.356108
0.934214,0.356714
0.934000,0.357273
0.933698,0.358061
0.932900,0.360136
0.932637,0.360816
0.932281,0.361736
0.931666,0.363315
0.931648,0.363362
0.931209,0.364485
0.930368,0.366628
0.930154,0.367170
0.929834,0.367978
0.929461,0.368920
0.929256,0.369438
0.928396,0.371593
0.927995,0.372594
0.927815,0.373042
0.927761,0.373175
0.927718,0.373281
0.927606,0.373561
0.927522,0.373767
0.925357,0.379097
0.923922,0.382581
0.923854,0.382745
0.922985,0.384836
0.922795,0.385290
0.922774,0.385341
0.922710,0.385494
0.921818,0.387622
0.920249,0.391332
0.920184,0.391485
0.919696,0.392632
0.919441,0.393228
0.919252,0.393671
0.918764,0.394808
0.918272,0.395950
0.917076,0.398713
0.916930,0.399047
0.916887,0.399148
0.916738,0.399488
0.916014,0.401147
0.915073,0.403289
0.915060,0.403318
0.915016,0.403417
0.914516,0.404549
0.914017,0.405676
0.913182,0.407552
0.912101,0.409966
0.911631,0.411011
0.911433,0.411449
0.911404,0.411512
0.911385,0.411555
0.909533,0.415633
0.909455,0.415802
0.908971,0.416859
0.908906,0.417001
0.908759,0.417321
0.908072,0.418813
0.907311,0.420460
0.907145,0.420818
0.907118,0.420877
0.906394,0.422434
0.905666,0.423993
0.905374,0.424616
0.902653,0.430369
0.901572,0.432629
0.901103,0.433605
0.901029,0.433759
0.900939,0.433946
0.900191,0.435495
0.899612,0.436691
0.899021,0.437905
0.898919,0.438116
0.898789,0.438383
0.898575,0.438820
0.898359,0.439262
0.898232,0.439522
0.896554,0.442934
0.896094,0.443864
0.895274,0.445516
0.895082,0.445901
0.895052,0.445961
0.894270,0.447528
0.893836,0.448393
0.892965,0.450126
0.892964,0.450129
0.892698,0.450655
0.892680,0.450691
0.892312,0.451420
0.892123,0.451793
0.889698,0.456550
0.888257,0.459348
0.886948,0.461870
0.886609,0.462519
0.886371,0.462976
0.886284,0.463142
0.885702,0.464254
0.885160,0.465286
0.884891,0.465798
0.884406,0.466719
0.884185,0.467137
0.883673,0.468104
0.883665,0.468120
0.883599,0.468244
0.882436,0.470432
0.881926,0.471388
0.881628,0.471945
0.880932,0.473243
0.880626,0.473812
0.880607,0.473848
0.879907,0.475147
0.879649,0.475623
0.877174,0.480173
0.876843,0.480777
0.876642,0.481143
0.875557,0.483114
0.874766,0.484546
0.874646,0.484762
0.874465,0.485089
0.874403,0.485201
0.873504,0.486816
0.873023,0.487679
0.871427,0.490524
0.870825,0.491592
0.870563,0.492056
0.870350,0.492434
0.870175,0.492743
0.869110,0.494618
0.868890,0.495006
0.868711,0.495320
0.868289,0.496059
0.867807,0.496902
0.866665,0.498890
0.866142,0.499799
0.865597,0.500741
0.864959,0.501842
0.863271,0.504741
0.862056,0.506812
0.861640,0.507521
0.860215,0.509932
0.860036,0.510233
0.859512,0.511115
0.859160,0.511707
0.857247,0.514905
0.856519,0.516115
0.856433,0.516258
0.855387,0.517990
0.855244,0.518226
0.854994,0.518637
0.854948,0.518714
0.854808,0.518944
0.854228,0.519898
0.854119,0.520078
0.851495,0.524363
0.850724,0.525612
0.847532,0.530744
0.847325,0.531075
0.846847,0.531836
0.845917,0.533315
0.845547,0.533901
0.845141,0.534544
0.843933,0.536449
0.842792,0.538240
0.842400,0.538853
0.841890,0.539649
0.841496,0.540263
0.840407,0.541956
0.839917,0.542715
0.839671,0.543095
0.838964,0.544187
0.836814,0.547487
0.836756,0.547576
0.835301,0.549794
0.835247,0.549876
0.835117,0.550072
0.833466,0.552570
0.833139,0.553064
0.831522,0.555491
0.830635,0.556818
0.830612,0.556852
0.827868,0.560923
0.827476,0.561501
0.826502,0.562934
0.825649,0.564184
0.825582,0.564282
0.824929,0.565236
0.823383,0.567486
0.822612,0.568603
0.822524,0.568731
0.822440,0.568853
0.822306,0.569046
0.821554,0.570130
0.819490,0.573093
0.819422,0.573191
0.819286,0.573385
0.815469,0.578801
0.814598,0.580025
0.812245,0.583316
0.811604,0.584207
0.809685,0.586865
0.808099,0.589047
0.805951,0.591982
0.805164,0.593053
0.804488,0.593968
0.803832,0.594857
0.802481,0.596678
0.801302,0.598260
0.800528,0.599296
0.800484,0.599354
0.800103,0.599863
0.798922,0.601435
0.797456,0.603377
0.797311,0.603569
0.795865,0.605474
0.795318,0.606192
0.795215,0.606327
0.794489,0.607278
0.792690,0.609625
0.791791,0.610792
0.791745,0.610852
0.791331,0.611389
0.790970,0.611855
0.790768,0.612116
0.790295,0.612727
0.790215,0.612830
0.788795,0.614656
0.788611,0.614893
0.788441,0.615110
0.788341,0.615239
0.787432,0.616401
0.787028,0.616918
0.786225,0.617940
0.785088,0.619384
0.782775,0.622305
0.782090,0.623166
0.781979,0.623304
0.781657,0.623708
0.781427,0.623996
0.780818,0.624759
0.779869,0.625942
0.779352,0.626587
0.779213,0.626759
0.779009,0.627013
0.778166,0.628059
0.777370,0.629044
0.776569,0.630033
0.776513,0.630101
0.776424,0.630211
0.775909,0.630845
0.775426,0.631438
0.775196,0.631721
0.774805,0.632200
0.773853,0.633365
0.773705,0.633546
0.772920,0.634503
0.771489,0.636243
0.771420,0.636327
0.770928,0.636922
0.770324,0.637653
0.770160,0.637851
0.767649,0.640871
0.767349,0.641229
0.766458,0.642294
0.766294,0.642490
0.765553,0.643373
0.765441,0.643507
0.764689,0.644400
0.762469,0.647025
0.762379,0.647130
0.761184,0.648536
0.758896,0.651212
0.758771,0.651357
0.755792,0.654812
0.750941,0.660369
0.750546,0.660818
0.750327,0.661067
0.749565,0.661930
0.745306,0.666723
0.744573,0.667541
0.744174,0.667986
0.743591,0.668635
0.743191,0.669080
0.742192,0.670187
0.740984,0.671523
0.740069,0.672531
0.739953,0.672659
0.739377,0.673291
0.736310,0.676645
0.736130,0.676841
0.736127,0.676843
0.734303,0.678822
0.733480,0.679711
0.730758,0.682637
0.730325,0.683100
0.730206,0.683227
0.729144,0.684360
0.727840,0.685747
0.727749,0.685844
0.726948,0.686693
0.726155,0.687531
0.724455,0.689322
0.723696,0.690119
0.723327,0.690506
0.720992,0.692943
0.720039,0.693934
0.719839,0.694141
0.718439,0.695590
0.717061,0.697010
0.715218,0.698902
0.715157,0.698964
0.714796,0.699333
0.714716,0.699414
0.712571,0.701600
0.711440,0.702747
0.711154,0.703037
0.711104,0.703087
0.710471,0.703726
0.709592,0.704613
0.709471,0.704734
0.707929,0.706283
0.703928,0.710271
0.703259,0.710933
0.702846,0.711342
0.702367,0.711815
0.701906,0.712270
0.701301,0.712865
0.694664,0.719334
0.692524,0.721395
0.690349,0.723476
0.688879,0.724877
0.688767,0.724983
0.685066,0.728481
0.684799,0.728732
0.684496,0.729016
0.682812,0.730594
0.681286,0.732018
0.681019,0.732265
0.680237,0.732993
0.680091,0.733128
0.679281,0.733878
0.678567,0.734539
0.678329,0.734758
0.678013,0.735050
0.677249,0.735754
0.675382,0.737468
0.675176,0.737657
0.673929,0.738796
0.672949,0.739688
0.671639,0.740879
0.671113,0.741355
0.670100,0.742270
0.669609,0.742714
0.664541,0.747252
0.663469,0.748204
0.663041,0.748583
0.662821,0.748778
0.660616,0.750724
0.658418,0.752653
0.658327,0.752732
0.655022,0.755610
0.654692,0.755896
0.653937,0.756549
0.653923,0.756561
0.653236,0.757154
0.648415,0.761287
0.648299,0.761386
0.648263,0.761416
0.646607,0.762824
0.645199,0.764014
0.645081,0.764114
0.644932,0.764240
0.644325,0.764752
0.643559,0.765397
0.642742,0.766082
0.642558,0.766237
0.642447,0.766330
0.641530,0.767098
0.641225,0.767353
0.640250,0.768167
0.639411,0.768865
0.639024,0.769187
0.638221,0.769853
0.637792,0.770208
0.635413,0.772172
0.635412,0.772173
0.634804,0.772673
0.633097,0.774073
0.631916,0.775037
0.629663,0.776868
0.629143,0.777290
0.628823,0.777548
0.628776,0.777586
0.628047,0.778175
0.626471,0.779445
0.625962,0.779854
0.622960,0.782254
0.622682,0.782475
0.621142,0.783698
0.619229,0.785210
0.618527,0.785764
0.618522,0.785768
0.618491,0.785792
0.617742,0.786381
0.616528,0.787333
0.616221,0.787573
0.616101,0.787667
0.614905,0.788601
0.614890,0.788613
0.613894,0.789389
0.612212,0.790694
0.610945,0.791673
0.609866,0.792505
0.608271,0.793729
0.607361,0.794426
0.606560,0.795038
0.606119,0.795374
0.600321,0.799759
0.599758,0.800181
0.599625,0.800281
0.599339,0.800496
0.598466,0.801148
0.597584,0.801806
0.596708,0.802459
0.594107,0.804386
0.592768,0.805373
0.591697,0.806160
0.590716,0.806880
0.590120,0.807316
0.589972,0.807424
0.588963,0.808160
0.587574,0.809171
0.586644,0.809845
0.586172,0.810187
0.584764,0.811203
0.583456,0.812145
0.581549,0.813511
0.581266,0.813714
0.579772,0.814779
0.578311,0.815817
0.577309,0.816525
0.577103,0.816671
0.575968,0.817472
0.575759,0.817619
0.574381,0.818588
0.573567,0.819159
0.570349,0.821402
0.568882,0.822419
0.567621,0.823290
0.565350,0.824851
0.563480,0.826130
0.562184,0.827012
0.561495,0.827480
0.561426,0.827527
0.560104,0.828422
0.558725,0.829353
0.558660,0.829397
0.556617,0.830769
0.556126,0.831098
0.555615,0.831440
0.554066,0.832473
0.552854,0.833278
0.551809,0.833970
0.551759,0.834003
0.551683,0.834054
0.551058,0.834467
0.549094,0.835761
0.548761,0.835979
0.544971,0.838455
0.543948,0.839119
0.541948,0.840412
0.539027,0.842289
0.538844,0.842405
0.538775,0.842449
0.537184,0.843465
0.535709,0.844403
0.535498,0.844536
0.533288,0.845934
0.531303,0.847182
0.530986,0.847381
0.530596,0.847625
0.530367,0.847768
0.530212,0.847865
0.529775,0.848138
0.529249,0.848467
0.528060,0.849207
0.527357,0.849644
0.523955,0.851746
0.523874,0.851796
0.517815,0.855493
0.517353,0.855772
0.516208,0.856463
0.515043,0.857165
0.513265,0.858230
0.507843,0.861450
0.507328,0.861753
0.506665,0.862143
0.506277,0.862371
0.505702,0.862708
0.503953,0.863731
0.501648,0.865072
0.501523,0.865144
0.500809,0.865558
0.499674,0.866213
0.499141,0.866521
0.497450,0.867493
0.497165,0.867656
0.496903,0.867806
0.496569,0.867997
0.495756,0.868462
0.495559,0.868574
0.494909,0.868945
0.494616,0.869112
0.492337,0.870405
0.492194,0.870485
0.491141,0.871080
0.487783,0.872965
0.486874,0.873472
0.485229,0.874387
0.483934,0.875104
0.481074,0.876680
0.477597,0.878579
0.474804,0.880091
0.474708,0.880143
0.472907,0.881112
0.472186,0.881499
0.466400,0.884574
0.465009,0.885306
0.461783,0.886993
0.459585,0.888134
0.458385,0.888754
0.457882,0.889013
0.457167,0.889381
0.456806,0.889566
0.456756,0.889592
0.456392,0.889779
0.452800,0.891612
0.449573,0.893244
0.449143,0.893460
0.448657,0.893704
0.448503,0.893781
0.446815,0.894626
0.446290,0.894888
0.445819,0.895123
0.442896,0.896573
0.442404,0.896816
0.441206,0.897406
0.441149,0.897434
0.440949,0.897532
0.439656,0.898166
0.439363,0.898310
0.436440,0.899733
0.435108,0.900378
0.435078,0.900393
0.431416,0.902153
0.429730,0.902957
0.429197,0.903211
0.428018,0.903770
0.427493,0.904019
0.425348,0.905030
0.424737,0.905317
0.423294,0.905993
0.422015,0.906589
0.420205,0.907429
0.417337,0.908752
0.416159,0.909292
0.415788,0.909462
0.415768,0.909471
0.415298,0.909685
0.414662,0.909976
0.414219,0.910177
0.412818,0.910814
0.411379,0.911464
0.407082,0.913392
0.405865,0.913933
0.404764,0.914421
0.404645,0.914474
0.404480,0.914547
0.403899,0.914804
0.399907,0.916556
0.397384,0.917653
0.397347,0.917668
0.396630,0.917978
0.393803,0.919195
0.390102,0.920772
0.389890,0.920861
0.389583,0.920991
0.389478,0.921036
0.385646,0.922647
0.383108,0.923704
0.382236,0.924065
0.381423,0.924401
0.381001,0.924575
0.380883,0.924623
0.379933,0.925014
0.379242,0.925298
0.375525,0.926812
0.375026,0.927014
0.374873,0.927076
0.373751,0.927529
0.373280,0.927719
0.372937,0.927857
0.372785,0.927918
0.372706,0.927950
0.372659,0.927969
0.372232,0.928140
0.371094,0.928595
0.366572,0.930390
0.366219,0.930529
0.364436,0.931228
0.358809,0.933411
0.357618,0.933868
0.353465,0.935448
0.352819,0.935692
0.351328,0.936252
0.349652,0.936879
0.348486,0.937314
0.347631,0.937631
0.344220,0.938889
0.343381,0.939196
0.342555,0.939498
0.341485,0.939887
0.340369,0.940292
0.339230,0.940703
0.336972,0.941515
0.336223,0.941782
0.335642,0.941990
0.334599,0.942361
0.332589,0.943072
0.332473,0.943113
0.331900,0.943314
0.331793,0.943352
0.331027,0.943621
0.329987,0.943986
0.328970,0.944340
0.327127,0.944980
0.326484,0.945203
0.325344,0.945596
0.323743,0.946145
0.321884,0.946779
0.321321,0.946970
0.318696,0.947857
0.318378,0.947964
0.315092,0.949061
0.313233,0.949676
0.311548,0.950231
0.304200,0.952608
0.302438,0.953169
0.301271,0.953538
0.299247,0.954176
0.296607,0.954999
0.295712,0.955277
0.295087,0.955470
0.294373,0.955690
0.292764,0.956185
0.288000,0.957630
0.287786,0.957695
0.282991,0.959123
0.282631,0.959229
0.281813,0.959469
0.281316,0.959615
0.281269,0.959629
0.280882,0.959742
0.280349,0.959898
0.277781,0.960645
0.275650,0.961258
0.274621,0.961553
0.271287,0.962498
0.270603,0.962691
0.270301,0.962776
0.268480,0.963285
0.268460,0.963291
0.268075,0.963398
0.263424,0.964680
0.261896,0.965096
0.261078,0.965318
0.260707,0.965418
0.260413,0.965497
0.258723,0.965952
0.258581,0.965990
0.258370,0.966046
0.256510,0.966542
0.256345,0.966585
0.255722,0.966750
0.254525,0.967066
0.253401,0.967361
0.252009,0.967725
0.251633,0.967823
0.250956,0.967999
0.250872,0.968020
0.248167,0.968717
0.247841,0.968801
0.247032,0.969007
0.246531,0.969135
0.246457,0.969154
0.245804,0.969320
0.243818,0.969821
0.242222,0.970221
0.241375,0.970432
0.239983,0.970777
0.235942,0.971767
0.234054,0.972223
0.233786,0.972288
0.232621,0.972567
0.232410,0.972618
0.227486,0.973781
0.227343,0.973815
0.225208,0.974311
0.223132,0.974788
0.222728,0.974881
0.221708,0.975113
0.221466,0.975168
0.221109,0.975249
0.220979,0.975279
0.220820,0.975315
0.220530,0.975380
0.219980,0.975504
0.219467,0.975620
0.213552,0.976932
0.212334,0.977197
0.210475,0.977599
0.210314,0.977634
0.206928,0.978356
0.206863,0.978370
0.206764,0.978391
0.202139,0.979357
0.200919,0.979608
0.199005,0.979998
0.197753,0.980252
0.197057,0.980392
0.194780,0.980847
0.194418,0.980919
0.193997,0.981002
0.190962,0.981597
0.189623,0.981857
0.189582,0.981865
0.187976,0.982174
0.184085,0.982910
0.182105,0.983279
0.181883,0.983320
0.180927,0.983497
0.179914,0.983682
0.178099,0.984013
0.177986,0.984033
0.176760,0.984254
0.175513,0.984477
0.175206,0.984532
0.174360,0.984682
0.173991,0.984747
0.173162,0.984893
0.172231,0.985057
0.171987,0.985099
0.170448,0.985367
0.170434,0.985369
0.170319,0.985389
0.169118,0.985596
0.166767,0.985996
0.166765,0.985997
0.166512,0.986040
0.166042,0.986119
0.163161,0.986599
0.159926,0.987129
0.159853,0.987141
0.158666,0.987332
0.158100,0.987423
0.156654,0.987654
0.156588,0.987664
0.155883,0.987776
0.155524,0.987832
0.154602,0.987977
0.153877,0.988090
0.153688,0.988119
0.152307,0.988333
0.152192,0.988351
0.150453,0.988617
0.150361,0.988631
0.148978,0.988840
0.148460,0.988918
0.147991,0.988989
0.143195,0.989695
0.138020,0.990429
0.136643,0.990620
0.134758,0.990878
0.131433,0.991325
0.131300,0.991343
0.130078,0.991504
0.129346,0.991600
0.126834,0.991924
0.126069,0.992021
0.124204,0.992257
0.123996,0.992283
0.123686,0.992321
0.122977,0.992410
0.120534,0.992709
0.119822,0.992795
0.118538,0.992949
0.118084,0.993004
0.115974,0.993252
0.115537,0.993303
0.113996,0.993481
0.112811,0.993617
0.112564,0.993644
0.112257,0.993679
0.110498,0.993876
0.104687,0.994505
0.103912,0.994586
0.102874,0.994694
0.100183,0.994969
0.099208,0.995067
0.098444,0.995143
0.095591,0.995421
0.093773,0.995594
0.093466,0.995622
0.093377,0.995631
0.092648,0.995699
0.091179,0.995835
0.089683,0.995970
0.088233,0.996100
0.085851,0.996308
0.085729,0.996319
0.083784,0.996484
0.076517,0.997068
0.075188,0.997169
0.072979,0.997333
0.071251,0.997458
0.068452,0.997654
0.067082,0.997747
0.064334,0.997928
0.064121,0.997942
0.063982,0.997951
0.063749,0.997966
0.062256,0.998060
0.057050,0.998371
0.055797,0.998442
0.054723,0.998502
0.052171,0.998638
0.049610,0.998769
0.048847,0.998806
0.045951,0.998944
0.044396,0.999014
0.043817,0.999040
0.042860,0.999081
0.041996,0.999118
0.038254,0.999268
0.037601,0.999293
0.036609,0.999330
0.036102,0.999348
0.033090,0.999452
0.030554,0.999533
0.030010,0.999550
0.027373,0.999625
0.026023,0.999661
0.025792,0.999667
0.024551,0.999699
0.022482,0.999747
0.021384,0.999771
0.021165,0.999776
0.020927,0.999781
0.019496,0.999810
0.019160,0.999816
0.018744,0.999824
0.017665,0.999844
0.016158,0.999869
0.014253,0.999898
0.013930,0.999903
0.012189,0.999926
0.008398,0.999965
0.006555,0.999979
0.004657,0.999989
0.004646,0.999989
0.004619,0.999989
0.004470,0.999990
0.004216,0.999991
0.003917,0.999992
0.003280,0.999995
0.002284,0.999997
0.001762,0.999998
-0.002163,0.999998
-0.002464,0.999997
-0.003841,0.999993
-0.003842,0.999993
-0.005033,0.999987
-0.006519,0.999979
-0.006669,0.999978
-0.007560,0.999971
-0.008468,0.999964
-0.008839,0.999961
-0.013523,0.999909
-0.013849,0.999904
-0.013882,0.999904
-0.014043,0.999901
-0.017922,0.999839
-0.018413,0.999830
-0.019361,0.999813
-0.019841,0.999803
-0.023186,0.999731
-0.023904,0.999714
-0.024841,0.999691
-0.025823,0.999667
-0.026576,0.999647
-0.029021,0.999579
-0.029603,0.999562
-0.029996,0.999550
-0.030100,0.999547
-0.030946,0.999521
-0.031960,0.999489
-0.032752,0.999464
-0.033124,0.999451
-0.035111,0.999383
-0.037647,0.999291
-0.038016,0.999277
-0.038496,0.999259
-0.038843,0.999245
-0.043517,0.999053
-0.044055,0.999029
-0.044626,0.999004
-0.045084,0.998983
-0.045324,0.998972
-0.045634,0.998958
-0.045649,0.998958
-0.050748,0.998711
-0.052450,0.998624
-0.054454,0.998516
-0.054458,0.998516
-0.057392,0.998352
-0.057913,0.998322
-0.059193,0.998247
-0.059330,0.998238
-0.062647,0.998036
-0.063788,0.997963
-0.065444,0.997856
-0.065682,0.997841
-0.067807,0.997698
-0.070717,0.997496
-0.071909,0.997411
-0.074614,0.997213
-0.076060,0.997103
-0.076999,0.997031
-0.079790,0.996812
-0.080395,0.996763
-0.082450,0.996595
-0.083140,0.996538
-0.084017,0.996464
-0.086805,0.996225
-0.088205,0.996102
-0.088578,0.996069
-0.089011,0.996031
-0.089581,0.995980
-0.089815,0.995958
-0.091274,0.995826
-0.091494,0.995806
-0.092819,0.995683
-0.095600,0.995420
-0.096339,0.995349
-0.097613,0.995224
-0.098502,0.995137
-0.098528,0.995134
-0.098691,0.995118
-0.100961,0.994890
-0.101784,0.994807
-0.104081,0.994569
-0.105564,0.994412
-0.106259,0.994338
-0.108754,0.994069
-0.112667,0.993633
-0.116663,0.993172
-0.118265,0.992982
-0.119092,0.992883
-0.120463,0.992718
-0.120505,0.992713
-0.121603,0.992579
-0.122593,0.992457
-0.123692,0.992321
-0.125480,0.992096
-0.125641,0.992076
-0.125672,0.992072
-0.126502,0.991966
-0.126978,0.991905
-0.128903,0.991657
-0.129792,0.991541
-0.132825,0.991140
-0.139299,0.990250
-0.140413,0.990093
-0.141496,0.989939
-0.145343,0.989381
-0.146416,0.989223
-0.147319,0.989089
-0.147630,0.989043
-0.148130,0.988968
-0.149617,0.988744
-0.151526,0.988453
-0.156192,0.987727
-0.156693,0.987647
-0.157115,0.987580
-0.158125,0.987419
-0.160853,0.986978
-0.161064,0.986944
-0.162318,0.986738
-0.163166,0.986599
-0.164032,0.986455
-0.166835,0.985985
-0.167833,0.985815
-0.170012,0.985442
-0.172475,0.985014
-0.173566,0.984822
-0.176360,0.984326
-0.176552,0.984291
-0.176845,0.984239
-0.177308,0.984155
-0.178762,0.983892
-0.178770,0.983891
-0.179947,0.983676
-0.180461,0.983582
-0.180571,0.983562
-0.181119,0.983461
-0.181399,0.983410
-0.181760,0.983343
-0.182295,0.983244
-0.183915,0.982942
-0.185419,0.982660
-0.186642,0.982428
-0.188366,0.982099
-0.189396,0.981901
-0.190550,0.981677
-0.191998,0.981395
-0.194947,0.980814
-0.195560,0.980692
-0.195854,0.980633
-0.196236,0.980557
-0.197358,0.980332
-0.198068,0.980188
-0.199394,0.979919
-0.200118,0.979772
-0.200421,0.979710
-0.200622,0.979669
-0.201151,0.979560
-0.202985,0.979182
-0.203735,0.979026
-0.204663,0.978832
-0.209987,0.977704
-0.209999,0.977702
-0.210092,0.977682
-0.210692,0.977552
-0.211655,0.977344
-0.211908,0.977290
-0.213771,0.976884
-0.215006,0.976613
-0.216055,0.976381
-0.216213,0.976346
-0.217435,0.976075
-0.219281,0.975662
-0.219422,0.975630
-0.221948,0.975059
-0.222623,0.974905
-0.223876,0.974618
-0.225364,0.974275
-0.226862,0.973927
-0.227614,0.973751
-0.228886,0.973453
-0.229630,0.973278
-0.230163,0.973152
-0.231749,0.972776
-0.231783,0.972767
-0.231908,0.972738
-0.232285,0.972648
-0.232405,0.972619
-0.233842,0.972275
-0.233889,0.972263
-0.234474,0.972122
-0.237103,0.971485
-0.238104,0.971240
-0.239510,0.970894
-0.241584,0.970380
-0.242221,0.970221
-0.242951,0.970039
-0.243295,0.969952
-0.243651,0.969863
-0.243670,0.969858
-0.247282,0.968944
-0.248395,0.968659
-0.248431,0.968650
-0.250043,0.968235
-0.250052,0.968232
-0.252717,0.967540
-0.252784,0.967523
-0.255055,0.966926
-0.255085,0.966919
-0.256503,0.966544
-0.257067,0.966394
-0.257469,0.966287
-0.259205,0.965822
-0.259449,0.965757
-0.259839,0.965652
-0.260409,0.965498
-0.261459,0.965215
-0.262194,0.965015
-0.262396,0.964960
-0.263279,0.964720
-0.263532,0.964651
-0.264300,0.964441
-0.264408,0.964411
-0.264652,0.964344
-0.265784,0.964033
-0.267052,0.963682
-0.269475,0.963007
-0.270777,0.962642
-0.271056,0.962564
-0.271326,0.962487
-0.271743,0.962370
-0.271821,0.962348
-0.276825,0.960920
-0.277606,0.960695
-0.277630,0.960688
-0.278528,0.960428
-0.279959,0.960012
-0.280475,0.959861
-0.282790,0.959182
-0.284793,0.958589
-0.285826,0.958282
-0.286159,0.958182
-0.289767,0.957097
-0.297631,0.954681
-0.297679,0.954666
-0.300722,0.953712
-0.301306,0.953528
-0.302544,0.953135
-0.302601,0.953117
-0.304479,0.952519
-0.306003,0.952031
-0.307073,0.951686
-0.310622,0.950534
-0.312691,0.949855
-0.313918,0.949450
-0.314617,0.949219
-0.314963,0.949104
-0.315980,0.948766
-0.316726,0.948517
-0.319183,0.947693
-0.319903,0.947450
-0.322400,0.946604
-0.323414,0.946258
-0.323964,0.946069
-0.327287,0.944925
-0.327518,0.944845
-0.327819,0.944741
-0.329143,0.944280
-0.330340,0.943862
-0.331440,0.943476
-0.331750,0.943367
-0.339442,0.940627
-0.340000,0.940426
-0.340102,0.940389
-0.340277,0.940325
-0.341449,0.939900
-0.344004,0.938968
-0.344064,0.938946
-0.344395,0.938825
-0.344538,0.938772
-0.344767,0.938688
-0.346099,0.938198
-0.347458,0.937695
-0.350702,0.936487
-0.351409,0.936222
-0.353628,0.935386
-0.354830,0.934931
-0.356173,0.934420
-0.357925,0.933750
-0.361641,0.932318
-0.362192,0.932104
-0.362936,0.931814
-0.363870,0.931450
-0.365400,0.930851
-0.367234,0.930129
-0.367633,0.929971
-0.367770,0.929917
-0.367892,0.929869
-0.367947,0.929847
-0.368083,0.929793
-0.368408,0.929664
-0.368496,0.929629
-0.368963,0.929444
-0.369707,0.929148
-0.369932,0.929059
-0.370197,0.928953
-0.371648,0.928374
-0.372297,0.928114
-0.374602,0.927186
-0.375883,0.926667
-0.378093,0.925767
-0.378343,0.925665
-0.378790,0.925483
-0.381053,0.924553
-0.382550,0.923935
-0.382740,0.923856
-0.382778,0.923840
-0.382791,0.923835
-0.383065,0.923721
-0.385258,0.922809
-0.386171,0.922427
-0.390111,0.920768
-0.391044,0.920372
-0.392235,0.919865
-0.392670,0.919679
-0.394752,0.918788
-0.399575,0.916701
-0.400296,0.916386
-0.404227,0.914659
-0.405046,0.914296
-0.405221,0.914219
-0.407559,0.913179
-0.407575,0.913172
-0.408435,0.912787
-0.408436,0.912787
-0.409186,0.912451
-0.412769,0.910836
-0.413233,0.910625
-0.414397,0.910096
-0.415408,0.909635
-0.415843,0.909437
-0.416085,0.909326
-0.416529,0.909122
-0.419074,0.907952
-0.421891,0.906646
-0.424454,0.905450
-0.425629,0.904898
-0.428388,0.903595
-0.432199,0.901778
-0.433074,0.901358
-0.433263,0.901267
-0.434866,0.900495
-0.435191,0.900338
-0.437310,0.899311
-0.437456,0.899240
-0.437740,0.899102
-0.438548,0.898708
-0.442185,0.896924
-0.442209,0.896912
-0.443547,0.896251
-0.443633,0.896209
-0.444004,0.896025
-0.444902,0.895579
-0.446235,0.894916
-0.447034,0.894517
-0.447547,0.894261
-0.447881,0.894093
-0.448427,0.893820
-0.449873,0.893092
-0.451755,0.892142
-0.452250,0.891891
-0.452372,0.891829
-0.457177,0.889376
-0.457184,0.889372
-0.458617,0.888634
-0.459674,0.888088
-0.459724,0.888062
-0.459755,0.888046
-0.460378,0.887723
-0.460588,0.887614
-0.460800,0.887504
-0.461177,0.887308
-0.461657,0.887058
-0.462335,0.886705
-0.465666,0.884961
-0.466165,0.884698
-0.470908,0.882183
-0.471135,0.882061
-0.471196,0.882029
-0.472721,0.881212
-0.474266,0.880382
-0.474830,0.880078
-0.477258,0.878763
-0.479649,0.877461
-0.481274,0.876570
-0.488240,0.872710
-0.490025,0.871709
-0.490729,0.871312
-0.490736,0.871308
-0.493222,0.869903
-0.496150,0.868237
-0.499928,0.866067
-0.501916,0.864916
-0.503116,0.864219
-0.505979,0.862546
-0.505998,0.862535
-0.506065,0.862495
-0.506255,0.862384
-0.506353,0.862326
-0.508098,0.861299
-0.508555,0.861029
-0.509841,0.860269
-0.511382,0.859353
-0.512983,0.858399
-0.513024,0.858374
-0.513930,0.857832
-0.514032,0.857771
-0.515590,0.856835
-0.516452,0.856316
-0.516623,0.856213
-0.516917,0.856035
-0.517588,0.855630
-0.518269,0.855218
-0.519212,0.854645
-0.520252,0.854013
-0.520813,0.853671
-0.520830,0.853660
-0.520973,0.853573
-0.521691,0.853134
-0.522652,0.852546
-0.524083,0.851667
-0.524841,0.851200
-0.525268,0.850937
-0.525488,0.850801
-0.525804,0.850606
-0.527098,0.849804
-0.528018,0.849233
-0.528794,0.848750
-0.529283,0.848446
-0.530516,0.847675
-0.531057,0.847336
-0.531873,0.846824
-0.534609,0.845100
-0.535167,0.844746
-0.535480,0.844548
-0.535772,0.844363
-0.538314,0.842744
-0.539426,0.842033
-0.541203,0.840892
-0.542141,0.840288
-0.542289,0.840192
-0.542349,0.840153
-0.545623,0.838031
-0.546278,0.837604
-0.546414,0.837515
-0.546499,0.837460
-0.546643,0.837366
-0.546940,0.837172
-0.547010,0.837126
-0.547782,0.836621
-0.548440,0.836190
-0.548589,0.836092
-0.548670,0.836039
-0.548896,0.835890
-0.549780,0.835310
-0.549795,0.835300
-0.550631,0.834749
-0.550919,0.834559
-0.551087,0.834448
-0.551840,0.833950
-0.553434,0.832893
-0.553825,0.832633
-0.556838,0.830621
-0.557123,0.830430
-0.557670,0.830062
-0.558804,0.829300
-0.560739,0.827992
-0.562771,0.826613
-0.563554,0.826079
-0.563615,0.826037
-0.564344,0.825539
-0.566153,0.824300
-0.566428,0.824112
-0.569241,0.822171
-0.569960,0.821672
-0.570347,0.821404
-0.570506,0.821293
-0.570956,0.820981
-0.573611,0.819128
-0.576473,0.817116
-0.576605,0.817023
-0.578304,0.815822
-0.578548,0.815648
-0.580117,0.814533
-0.582524,0.812814
-0.587102,0.809513
-0.588842,0.808248
-0.589470,0.807790
-0.590409,0.807104
-0.591782,0.806098
-0.592066,0.805890
-0.592475,0.805589
-0.592993,0.805207
-0.593278,0.804997
-0.596790,0.802398
-0.597344,0.801985
-0.598138,0.801393
-0.600165,0.799876
-0.600352,0.799736
-0.600679,0.799490
-0.601054,0.799208
-0.602065,0.798447
-0.602337,0.798242
-0.604884,0.796314
-0.608633,0.793452
-0.610791,0.791792
-0.611512,0.791235
-0.612457,0.790504
-0.612838,0.790209
-0.613299,0.789851
-0.614148,0.789191
-0.614314,0.789061
-0.614667,0.788787
-0.615109,0.788442
-0.616757,0.787154
-0.619265,0.785182
-0.619439,0.785045
-0.619578,0.784935
-0.620581,0.784142
-0.622598,0.782542
-0.622749,0.782422
-0.623680,0.781680
-0.625076,0.780564
-0.625480,0.780240
-0.625668,0.780090
-0.626035,0.779795
-0.626429,0.779478
-0.627678,0.778473
-0.629676,0.776858
-0.629708,0.776832
-0.629945,0.776639
-0.631843,0.775096
-0.632370,0.774666
-0.632601,0.774478
-0.633287,0.773917
-0.633299,0.773907
-0.633305,0.773902
-0.633547,0.773704
-0.635000,0.772512
-0.636182,0.771539
-0.636797,0.771031
-0.637886,0.770130
-0.637940,0.770086
-0.637951,0.770077
-0.640283,0.768139
-0.641328,0.767267
-0.642321,0.766436
-0.642357,0.766405
-0.642359,0.766404
-0.644642,0.764485
-0.645402,0.763843
-0.646853,0.762615
-0.650421,0.759574
-0.650497,0.759509
-0.653176,0.757206
-0.653376,0.757034
-0.653500,0.756927
-0.656237,0.754555
-0.658453,0.752622
-0.660197,0.751093
-0.660493,0.750833
-0.660806,0.750557
-0.664270,0.747493
-0.665527,0.746374
-0.665693,0.746226
-0.666005,0.745948
-0.666590,0.745424
-0.667572,0.744545
-0.668453,0.743754
-0.668630,0.743595
-0.668997,0.743265
-0.669600,0.742722
-0.669819,0.742524
-0.669903,0.742448
-0.671866,0.740673
-0.672480,0.740115
-0.672962,0.739677
-0.673230,0.739433
-0.673271,0.739396
-0.673560,0.739132
-0.676519,0.736425
-0.676773,0.736192
-0.677088,0.735902
-0.677220,0.735781
-0.677960,0.735098
-0.678307,0.734778
-0.678309,0.734777
-0.678552,0.734553
-0.679391,0.733776
-0.679432,0.733739
-0.679575,0.733606
-0.679696,0.733494
-0.684720,0.728806
-0.686751,0.726893
-0.687221,0.726449
-0.688155,0.725564
-0.688757,0.724993
-0.689512,0.724274
-0.689682,0.724113
-0.691853,0.722038
-0.693229,0.720717
-0.693231,0.720716
-0.693591,0.720369
-0.693880,0.720091
-0.695331,0.718690
-0.696102,0.717943
-0.696413,0.717641
-0.696823,0.717243
-0.703646,0.710551
-0.704831,0.709375
-0.705136,0.709072
-0.705630,0.708580
-0.708242,0.705970
-0.709147,0.705061
-0.709376,0.704831
-0.710262,0.703937
-0.713909,0.700239
-0.716488,0.697599
-0.717485,0.696574
-0.719291,0.694709
-0.724741,0.689021
-0.725881,0.687821
-0.725892,0.687808
-0.725923,0.687776
-0.726082,0.687608
-0.729972,0.683477
-0.730452,0.682964
-0.731519,0.681821
-0.732300,0.680982
-0.734129,0.679010
-0.734888,0.678189
-0.735165,0.677888
-0.737024,0.675867
-0.737532,0.675312
-0.737597,0.675241
-0.738364,0.674403
-0.738563,0.674184
-0.738865,0.673853
-0.741054,0.671445
-0.742242,0.670132
-0.742352,0.670011
-0.742460,0.669890
-0.742715,0.669607
-0.744034,0.668142
-0.744307,0.667838
-0.744561,0.667555
-0.744656,0.667449
-0.745063,0.666995
-0.746204,0.665717
-0.747168,0.664635
-0.747459,0.664308
-0.747982,0.663719
-0.748440,0.663202
-0.748606,0.663015
-0.752119,0.659027
-0.754284,0.656548
-0.754410,0.656403
-0.754771,0.655989
-0.756153,0.654395
-0.756806,0.653639
-0.760018,0.649902
-0.760715,0.649086
-0.760973,0.648783
-0.761145,0.648581
-0.761877,0.647722
-0.761941,0.647647
-0.766498,0.642246
-0.766862,0.641812
-0.767156,0.641460
-0.767392,0.641178
-0.768013,0.640434
-0.768779,0.639515
-0.770394,0.637568
-0.771070,0.636750
-0.771684,0.636006
-0.771716,0.635968
-0.772943,0.634475
-0.774431,0.632659
-0.774777,0.632235
-0.775592,0.631234
-0.776738,0.629823
-0.777431,0.628968
-0.777487,0.628899
-0.778032,0.628225
-0.778713,0.627380
-0.778862,0.627195
-0.779986,0.625796
-0.780710,0.624893
-0.780942,0.624604
-0.782815,0.622255
-0.783420,0.621492
-0.783828,0.620978
-0.784004,0.620756
-0.784375,0.620287
-0.784492,0.620139
-0.786793,0.617217
-0.787607,0.616178
-0.787902,0.615800
-0.788235,0.615374
-0.789447,0.613819
-0.789599,0.613623
-0.789896,0.613240
-0.789934,0.613192
-0.790289,0.612734
-0.791262,0.611478
-0.791525,0.611137
-0.791842,0.610726
-0.791889,0.610665
-0.792049,0.610457
-0.793038,0.609172
-0.793692,0.608320
-0.793963,0.607966
-0.794416,0.607374
-0.794520,0.607238
-0.794788,0.606888
-0.794980,0.606635
-0.796114,0.605147
-0.796348,0.604838
-0.796384,0.604791
-0.796675,0.604407
-0.798470,0.602034
-0.798940,0.601411
-0.801132,0.598488
-0.801371,0.598167
-0.803296,0.595580
-0.805197,0.593007
-0.805320,0.592840
-0.808220,0.588880
-0.809234,0.587486
-0.809337,0.587345
-0.809868,0.586612
-0.810689,0.585477
-0.811140,0.584851
-0.813650,0.581354
-0.813904,0.581000
-0.815031,0.579418
-0.815080,0.579349
-0.815520,0.578729
-0.815863,0.578245
-0.816075,0.577946
-0.817061,0.576551
-0.818346,0.574726
-0.818566,0.574412
-0.818630,0.574321
-0.818978,0.573824
-0.819809,0.572637
-0.819900,0.572507
-0.821408,0.570341
-0.822126,0.569305
-0.822514,0.568745
-0.822652,0.568545
-0.823977,0.566623
-0.824722,0.565539
-0.824920,0.565249
-0.826596,0.562796
-0.826999,0.562203
-0.827481,0.561493
-0.828773,0.559585
-0.828824,0.559509
-0.829065,0.559152
-0.829643,0.558295
-0.829728,0.558168
-0.829977,0.557798
-0.830866,0.556472
-0.832299,0.554327
-0.832417,0.554150
-0.834171,0.551506
-0.834821,0.550521
-0.834962,0.550308
-0.834984,0.550274
-0.835318,0.549768
-0.835323,0.549759
-0.836564,0.547869
-0.838116,0.545492
-0.840825,0.541307
-0.841053,0.540952
-0.841062,0.540939
-0.841867,0.539686
-0.842023,0.539442
-0.842540,0.538633
-0.842711,0.538367
-0.843493,0.537140
-0.843522,0.537094
-0.843726,0.536774
-0.844525,0.535516
-0.845266,0.534346
-0.845699,0.533660
-0.847085,0.531457
-0.847596,0.530643
-0.848171,0.529722
-0.848587,0.529055
-0.849801,0.527104
-0.849839,0.527043
-0.850816,0.525463
-0.851618,0.524163
-0.851867,0.523758
-0.852139,0.523316
-0.853477,0.521130
-0.853619,0.520897
-0.854133,0.520054
-0.855276,0.518172
-0.858102,0.513479
-0.858153,0.513394
-0.858472,0.512861
-0.858899,0.512146
-0.860202,0.509954
-0.862060,0.506806
-0.862652,0.505798
-0.862869,0.505427
-0.863263,0.504755
-0.863470,0.504399
-0.863604,0.504171
-0.864525,0.502590
-0.864750,0.502203
-0.866300,0.499525
-0.866687,0.498853
-0.867856,0.496816
-0.868037,0.496499
-0.868273,0.496087
-0.869801,0.493403
-0.870672,0.491865
-0.871375,0.490618
-0.871656,0.490118
-0.872045,0.489425
-0.872167,0.489208
-0.872455,0.488694
-0.872619,0.488402
-0.873786,0.486310
-0.874052,0.485833
-0.874077,0.485787
-0.874126,0.485699
-0.874407,0.485193
-0.874616,0.484816
-0.874914,0.484278
-0.874919,0.484269
-0.874949,0.484214
-0.875591,0.483054
-0.878251,0.478199
-0.878352,0.478014
-0.878811,0.477169
-0.879425,0.476037
-0.881955,0.471334
-0.882220,0.470837
-0.882463,0.470382
-0.882529,0.470259
-0.882604,0.470118
-0.883471,0.468485
-0.883643,0.468161
-0.884052,0.467389
-0.884196,0.467115
-0.884275,0.466966
-0.884307,0.466907
-0.884490,0.466559
-0.885527,0.464588
-0.885710,0.464239
-0.885996,0.463692
-0.888171,0.459514
-0.888480,0.458915
-0.888948,0.458008
-0.889426,0.457078
-0.890463,0.455055
-0.891811,0.452408
-0.892006,0.452024
-0.892991,0.450075
-0.894591,0.446887
-0.894888,0.446290
-0.895520,0.445022
-0.895811,0.444435
-0.896095,0.443862
-0.896474,0.443097
-0.896969,0.442093
-0.897807,0.440389
-0.897918,0.440162
-0.898075,0.439842
-0.898432,0.439113
-0.898464,0.439048
-0.899684,0.436543
-0.899781,0.436342
-0.900655,0.434535
-0.901521,0.432734
-0.901850,0.432050
-0.903913,0.427716
-0.905111,0.425176
-0.905294,0.424786
-0.905302,0.424769
-0.905548,0.424245
-0.905616,0.424098
-0.907071,0.420978
-0.907838,0.419322
-0.907910,0.419166
-0.907941,0.419098
-0.908749,0.417344
-0.909306,0.416128
-0.909625,0.415429
-0.910151,0.414276
-0.910515,0.413476
-0.910559,0.413380
-0.910590,0.413310
-0.910656,0.413165
-0.910918,0.412588
-0.911055,0.412286
-0.912400,0.409299
-0.912796,0.408415
-0.913061,0.407824
-0.914881,0.403724
-0.914884,0.403716
-0.915143,0.403130
-0.915535,0.402238
-0.916446,0.400159
-0.917053,0.398766
-0.917368,0.398040
-0.918232,0.396042
-0.918798,0.394729
-0.919469,0.393162
-0.919528,0.393024
-0.920892,0.389818
-0.920902,0.389794
-0.921441,0.388518
-0.921671,0.387972
-0.921772,0.387732
-0.922783,0.385319
-0.923740,0.383021
-0.924675,0.380757
-0.924807,0.380437
-0.924845,0.380344
-0.924935,0.380124
-0.925783,0.378055
-0.926336,0.376697
-0.926860,0.375408
-0.927577,0.373633
-0.928251,0.371955
-0.929350,0.369200
-0.929896,0.367823
-0.931268,0.364335
-0.931917,0.362672
-0.932447,0.361308
-0.932922,0.360080
-0.933525,0.358511
-0.933954,0.357392
-0.934286,0.356525
-0.934364,0.356319
-0.934485,0.356003
-0.934567,0.355787
-0.934973,0.354718
-0.935009,0.354624
-0.935425,0.353524
-0.935427,0.353520
-0.935782,0.352578
-0.936195,0.351481
-0.936314,0.351163
-0.936503,0.350661
-0.936663,0.350231
-0.937592,0.347738
-0.938149,0.346233
-0.938264,0.345920
-0.938406,0.345535
-0.938446,0.345426
-0.938646,0.344882
-0.938817,0.344417
-0.939051,0.343778
-0.939445,0.342699
-0.939454,0.342675
-0.939647,0.342144
-0.939806,0.341709
-0.939989,0.341205
-0.940364,0.340169
-0.940849,0.338825
-0.940978,0.338467
-0.941105,0.338115
-0.941545,0.336888
-0.942821,0.333298
-0.943284,0.331986
-0.944334,0.328987
-0.944655,0.328066
-0.944708,0.327913
-0.945298,0.326208
-0.945781,0.324805
-0.945821,0.324689
-0.946334,0.323190
-0.948982,0.315330
-0.949073,0.315056
-0.949126,0.314896
-0.949289,0.314404
-0.949330,0.314280
-0.949568,0.313560
-0.949938,0.312439
-0.950041,0.312126
-0.950391,0.311059
-0.950402,0.311025
-0.950668,0.310211
-0.950768,0.309904
-0.951413,0.307918
-0.953165,0.302450
-0.953516,0.301342
-0.954025,0.299726
-0.954303,0.298840
-0.954600,0.297890
-0.954980,0.296671
-0.955016,0.296554
-0.955054,0.296431
-0.956152,0.292872
-0.957062,0.289884
-0.957916,0.287050
-0.958680,0.284487
-0.958882,0.283805
-0.959554,0.281525
-0.959565,0.281488
-0.959608,0.281342
-0.960413,0.278579
-0.960573,0.278029
-0.960710,0.277554
-0.961039,0.276413
-0.961052,0.276367
-0.961489,0.274845
-0.961636,0.274329
-0.961846,0.273592
-0.962116,0.272642
-0.962801,0.270211
-0.962895,0.269877
-0.963035,0.269378
-0.963131,0.269031
-0.963206,0.268765
-0.963394,0.268090
-0.963850,0.266444
-0.964519,0.264015
-0.964789,0.263024
-0.964815,0.262929
-0.965810,0.259250
-0.966121,0.258091
-0.966157,0.257955
-0.966178,0.257877
-0.966263,0.257558
-0.966495,0.256686
-0.966498,0.256673
-0.966513,0.256616
-0.966835,0.255401
-0.966947,0.254977
-0.967468,0.252993
-0.968002,0.250943
-0.968896,0.247470
-0.969296,0.245897
-0.969747,0.244111
-0.970061,0.242861
-0.970288,0.241951
-0.970783,0.239958
-0.970930,0.239364
-0.970978,0.239168
-0.971584,0.236695
-0.971721,0.236131
-0.971741,0.236050
-0.972609,0.232448
-0.972750,0.231856
-0.972932,0.231093
-0.974090,0.226161
-0.974314,0.225194
-0.974383,0.224897
-0.975603,0.219543
-0.975632,0.219416
-0.976027,0.217649
-0.976396,0.215989
-0.976809,0.214114
-0.977209,0.212279
-0.977237,0.212149
-0.977295,0.211881
-0.977762,0.209718
-0.977793,0.209573
-0.978003,0.208593
-0.978305,0.207171
-0.978719,0.205203
-0.978911,0.204285
-0.979003,0.203846
-0.979005,0.203835
-0.979260,0.202610
-0.980168,0.198167
-0.980224,0.197890
-0.980233,0.197846
-0.980375,0.197142
-0.980827,0.194879
-0.981029,0.193860
-0.981060,0.193703
-0.981093,0.193537
-0.981195,0.193019
-0.981345,0.192256
-0.982281,0.187416
-0.982675,0.185337
-0.982744,0.184971
-0.982798,0.184686
-0.983287,0.182063
-0.983359,0.181672
-0.983450,0.181182
-0.983622,0.180242
-0.983998,0.178180
-0.984168,0.177239
-0.984231,0.176887
-0.984262,0.176715
-0.984607,0.174784
-0.984690,0.174314
-0.984981,0.172661
-0.985110,0.171924
-0.985568,0.169282
-0.985879,0.167457
-0.985917,0.167236
-0.986165,0.165766
-0.986352,0.164651
-0.986538,0.163530
-0.987116,0.160008
-0.987190,0.159547
-0.987312,0.158790
-0.987332,0.158669
-0.987403,0.158227
-0.987492,0.157668
-0.987521,0.157490
-0.988020,0.154323
-0.988120,0.153686
-0.988681,0.150034
-0.989129,0.147051
-0.989164,0.146815
-0.989832,0.142239
-0.989970,0.141274
-0.990076,0.140530
-0.990081,0.140496
-0.990173,0.139849
-0.990524,0.137338
-0.990953,0.134210
-0.990983,0.133988
-0.991139,0.132832
-0.991183,0.132499
-0.991211,0.132294
-0.991241,0.132064
-0.991591,0.129409
-0.991857,0.127359
-0.991896,0.127052
-0.992035,0.125959
-0.992117,0.125317
-0.992242,0.124323
-0.992424,0.122856
-0.992453,0.122624
-0.992524,0.122047
-0.992529,0.122006
-0.992573,0.121652
-0.992593,0.121484
-0.992814,0.119671
-0.993123,0.117078
-0.993193,0.116479
-0.993347,0.115164
-0.993427,0.114472
-0.993586,0.113076
-0.993641,0.112593
-0.993912,0.110177
-0.993984,0.109528
-0.993998,0.109394
-0.994203,0.107519
-0.994270,0.106902
-0.994429,0.105411
-0.994628,0.103510
-0.994950,0.100373
-0.995529,0.094453
-0.995555,0.094185
-0.995582,0.093891
-0.995628,0.093410
-0.995738,0.092228
-0.995754,0.092054
-0.995831,0.091222
-0.995990,0.089468
-0.996038,0.088929
-0.996122,0.087983
-0.996134,0.087846
-0.996180,0.087329
-0.996227,0.086789
-0.996277,0.086213
-0.996296,0.085987
-0.996307,0.085865
-0.996361,0.085239
-0.996366,0.085176
-0.996402,0.084749
-0.996679,0.081434
-0.996692,0.081271
-0.996745,0.080624
-0.996751,0.080539
-0.996804,0.079884
-0.996821,0.079679
-0.996904,0.078627
-0.997028,0.077040
-0.997150,0.075446
-0.997158,0.075343
-0.997412,0.071900
-0.997436,0.071562
-0.997671,0.068208
-0.997694,0.067876
-0.997711,0.067616
-0.997734,0.067283
-0.997778,0.066621
-0.997781,0.066576
-0.997843,0.065653
-0.997967,0.063740
-0.997974,0.063629
-0.998021,0.062885
-0.998114,0.061381
-0.998126,0.061188
-0.998208,0.059839
-0.998237,0.059361
-0.998611,0.052685
-0.998626,0.052399
-0.998638,0.052182
-0.998641,0.052115
-0.998653,0.051881
-0.998655,0.051847
-0.998725,0.050478
-0.998874,0.047437
-0.998988,0.044979
-0.999054,0.043486
-0.999254,0.038623
-0.999345,0.036175
-0.999366,0.035592
-0.999509,0.031317
-0.999516,0.031104
-0.999555,0.029831
-0.999556,0.029812
-0.999593,0.028538
-0.999641,0.026811
-0.999702,0.024431
-0.999717,0.023775
-0.999745,0.022560
-0.999746,0.022536
-0.999748,0.022439
-0.999791,0.020433
-0.999869,0.016199
-0.999870,0.016150
-0.999886,0.015116
-0.999897,0.014341
-0.999936,0.011328
-0.999944,0.010583
-0.999952,0.009779
-0.999957,0.009279
-0.999957,0.009277
-0.999962,0.008697
-0.999980,0.006395
-0.999982,0.006073
-0.999993,0.003773
-0.999995,0.003194
-0.999997,0.002470
-0.999999,-0.001273
-0.999998,-0.002085
-0.999991,-0.004344
-0.999979,-0.006447
-0.999968,-0.008016
-0.999957,-0.009295
-0.999952,-0.009806
-0.999914,-0.013144
-0.999907,-0.013626
-0.999897,-0.014321
-0.999881,-0.015445
-0.999878,-0.015633
-0.999862,-0.016591
-0.999845,-0.017589
-0.999817,-0.019142
-0.999815,-0.019245
-0.999803,-0.019866
-0.999786,-0.020700
-0.999773,-0.021292
-0.999547,-0.030100
-0.999536,-0.030468
-0.999488,-0.031994
-0.999481,-0.032200
-0.999454,-0.033033
-0.999416,-0.034178
-0.999410,-0.034342
-0.999328,-0.036649
-0.999221,-0.039473
-0.999208,-0.039796
-0.999091,-0.042622
-0.998991,-0.044907
-0.998959,-0.045607
-0.998952,-0.045770
-0.998792,-0.049131
-0.998742,-0.050151
-0.998581,-0.053262
-0.998553,-0.053772
-0.998456,-0.055556
-0.998383,-0.056852
-0.998302,-0.058256
-0.998228,-0.059502
-0.997978,-0.063554
-0.997816,-0.066055
-0.997799,-0.066314
-0.997786,-0.066510
-0.997207,-0.074693
-0.996917,-0.078459
-0.996760,-0.080438
-0.996728,-0.080828
-0.996650,-0.081791
-0.996516,-0.083404
-0.996421,-0.084527
-0.996314,-0.085781
-0.995895,-0.090513
-0.995769,-0.091894
-0.995682,-0.092833
-0.995634,-0.093340
-0.995628,-0.093405
-0.995600,-0.093709
-0.995562,-0.094110
-0.995485,-0.094919
-0.994993,-0.099944
-0.994929,-0.100584
-0.994885,-0.101018
-0.994662,-0.103189
-0.994314,-0.106492
-0.994308,-0.106548
-0.994150,-0.108004
-0.993982,-0.109540
-0.993981,-0.109551
-0.993861,-0.110635
-0.993727,-0.111838
-0.993697,-0.112097
-0.993504,-0.113796
-0.993484,-0.113970
-0.993404,-0.114668
-0.993394,-0.114752
-0.993363,-0.115023
-0.993272,-0.115803
-0.993172,-0.116660
-0.992997,-0.118135
-0.992954,-0.118498
-0.992952,-0.118515
-0.992910,-0.118868
-0.992714,-0.120496
-0.992565,-0.121717
-0.991894,-0.127065
-0.991424,-0.130684
-0.991219,-0.132231
-0.991146,-0.132779
-0.991106,-0.133077
-0.991060,-0.133418
-0.990833,-0.135089
-0.990770,-0.135556
-0.990590,-0.136866
-0.990543,-0.137204
-0.990453,-0.137849
-0.990447,-0.137895
-0.990359,-0.138526
-0.989440,-0.144945
-0.989362,-0.145478
-0.988758,-0.149522
-0.988752,-0.149564
-0.988733,-0.149692
-0.988717,-0.149797
-0.988662,-0.150159
-0.988622,-0.150423
-0.988322,-0.152382
-0.987924,-0.154940
-0.987727,-0.156187
-0.987675,-0.156517
-0.987475,-0.157773
-0.987353,-0.158536
-0.987313,-0.158785
-0.987003,-0.160701
-0.986961,-0.160957
-0.986756,-0.162212
-0.986551,-0.163452
-0.986428,-0.164197
-0.986110,-0.166093
-0.985792,-0.167969
-0.985508,-0.169630
-0.985430,-0.170084
-0.984976,-0.172692
-0.984113,-0.177541
-0.983892,-0.178762
-0.983580,-0.180470
-0.983521,-0.180793
-0.983521,-0.180794
-0.983416,-0.181366
-0.983163,-0.182733
-0.983100,-0.183067
-0.982779,-0.184787
-0.982559,-0.185953
-0.982404,-0.186766
-0.982201,-0.187835
-0.982172,-0.187983
-0.982169,-0.188000
-0.981731,-0.190272
-0.981243,-0.192773
-0.981043,-0.193790
-0.980706,-0.195487
-0.980570,-0.196167
-0.980472,-0.196659
-0.980043,-0.198785
-0.980041,-0.198795
-0.979881,-0.199580
-0.979866,-0.199656
-0.979362,-0.202112
-0.978651,-0.205530
-0.978351,-0.206953
-0.978050,-0.208372
-0.977886,-0.209138
-0.977590,-0.210518
-0.976938,-0.213523
-0.976808,-0.214119
-0.976568,-0.215210
-0.976502,-0.215508
-0.976390,-0.216017
-0.976228,-0.216747
-0.976193,-0.216905
-0.975992,-0.217807
-0.975855,-0.218418
-0.975767,-0.218811
-0.975492,-0.220034
-0.975367,-0.220588
-0.975232,-0.221184
-0.974915,-0.222576
-0.974495,-0.224407
-0.973831,-0.227272
-0.973340,-0.229367
-0.972368,-0.233454
-0.972010,-0.234938
-0.971645,-0.236444
-0.970168,-0.242435
-0.969470,-0.245212
-0.969377,-0.245576
-0.969259,-0.246043
-0.968983,-0.247126
-0.968562,-0.248774
-0.968330,-0.249673
-0.968277,-0.249880
-0.968135,-0.250430
-0.967888,-0.251382
-0.967240,-0.253865
-0.967061,-0.254544
-0.966127,-0.258068
-0.965998,-0.258550
-0.965437,-0.260636
-0.965288,-0.261186
-0.965230,-0.261403
-0.965032,-0.262131
-0.964792,-0.263013
-0.964770,-0.263095
-0.964661,-0.263495
-0.964658,-0.263506
-0.964536,-0.263950
-0.964409,-0.264414
-0.964036,-0.265770
-0.963857,-0.266419
-0.963627,-0.267251
-0.963527,-0.267612
-0.963373,-0.268165
-0.963124,-0.269058
-0.963064,-0.269272
-0.963005,-0.269484
-0.962701,-0.270566
-0.962572,-0.271025
-0.962505,-0.271266
-0.962111,-0.272657
-0.961909,-0.273371
-0.961868,-0.273515
-0.961489,-0.274842
-0.961214,-0.275804
-0.960687,-0.277634
-0.960293,-0.278993
-0.959988,-0.280042
-0.959718,-0.280964
-0.959613,-0.281322
-0.959553,-0.281527
-0.959137,-0.282941
-0.959028,-0.283311
-0.958866,-0.283859
-0.957820,-0.287370
-0.956793,-0.290770
-0.956601,-0.291401
-0.956158,-0.292850
-0.955916,-0.293640
-0.955874,-0.293776
-0.955813,-0.293975
-0.955791,-0.294046
-0.955787,-0.294061
-0.955241,-0.295828
-0.954948,-0.296774
-0.954887,-0.296970
-0.954842,-0.297114
-0.954376,-0.298607
-0.954361,-0.298656
-0.954292,-0.298876
-0.954156,-0.299311
-0.953095,-0.302672
-0.952630,-0.304132
-0.952319,-0.305104
-0.952076,-0.305862
-0.952053,-0.305932
-0.951988,-0.306135
-0.951836,-0.306608
-0.951320,-0.308206
-0.950859,-0.309624
-0.950606,-0.310400
-0.949235,-0.314567
-0.949061,-0.315094
-0.948455,-0.316912
-0.948141,-0.317850
-0.947767,-0.318964
-0.947673,-0.319241
-0.946280,-0.323349
-0.946095,-0.323889
-0.945908,-0.324434
-0.945321,-0.326141
-0.945172,-0.326574
-0.944982,-0.327122
-0.944604,-0.328212
-0.943615,-0.331046
-0.943563,-0.331193
-0.942426,-0.334415
-0.942390,-0.334516
-0.942178,-0.335114
-0.941704,-0.336443
-0.940270,-0.340431
-0.940209,-0.340598
-0.939751,-0.341860
-0.938201,-0.346090
-0.937771,-0.347255
-0.937576,-0.347780
-0.937376,-0.348318
-0.937206,-0.348775
-0.936717,-0.350089
-0.936604,-0.350391
-0.936209,-0.351445
-0.934972,-0.354723
-0.933678,-0.358114
-0.933488,-0.358609
-0.932647,-0.360790
-0.932630,-0.360835
-0.932550,-0.361040
-0.932371,-0.361504
-0.932233,-0.361859
-0.932061,-0.362300
-0.931822,-0.362915
-0.931716,-0.363187
-0.931226,-0.364443
-0.929935,-0.367725
-0.929703,-0.368311
-0.929483,-0.368866
-0.929455,-0.368936
-0.929366,-0.369160
-0.928860,-0.370432
-0.928822,-0.370526
-0.928505,-0.371319
-0.928497,-0.371340
-0.928103,-0.372323
-0.927812,-0.373049
-0.926508,-0.376276
-0.926114,-0.377243
-0.924723,-0.380641
-0.924578,-0.380993
-0.924253,-0.381781
-0.923265,-0.384163
-0.922495,-0.386009
-0.922382,-0.386278
-0.922355,-0.386343
-0.922188,-0.386742
-0.921542,-0.388279
-0.921289,-0.388878
-0.921218,-0.389048
-0.921149,-0.389210
-0.920289,-0.391240
-0.919578,-0.392908
-0.919284,-0.393594
-0.918631,-0.395116
-0.918414,-0.395621
-0.917763,-0.397129
-0.917219,-0.398382
-0.916673,-0.399639
-0.916481,-0.400078
-0.916388,-0.400291
-0.915176,-0.403055
-0.914656,-0.404234
-0.913629,-0.406548
-0.912451,-0.409186
-0.911537,-0.411218
-0.911069,-0.412255
-0.910709,-0.413049
-0.910644,-0.413192
-0.910077,-0.414438
-0.909859,-0.414918
-0.908944,-0.416918
-0.908674,-0.417506
-0.907329,-0.420421
-0.907095,-0.420927
-0.907017,-0.421094
-0.906454,-0.422305
-0.906321,-0.422590
-0.905629,-0.424071
-0.905486,-0.424376
-0.905269,-0.424839
-0.904479,-0.426518
-0.904462,-0.426553
-0.903932,-0.427675
-0.903760,-0.428039
-0.903550,-0.428482
-0.903155,-0.429315
-0.903078,-0.429476
-0.903062,-0.429510
-0.902479,-0.430735
-0.902204,-0.431310
-0.901590,-0.432592
-0.901282,-0.433233
-0.901203,-0.433397
-0.900637,-0.434573
-0.899855,-0.436188
-0.899768,-0.436368
-0.899765,-0.436375
-0.899671,-0.436570
-0.899560,-0.436798
-0.898464,-0.439047
-0.898204,-0.439578
-0.897946,-0.440107
-0.897268,-0.441486
-0.897024,-0.441981
-0.896109,-0.443834
-0.895370,-0.445324
-0.894232,-0.447604
-0.893791,-0.448485
-0.893761,-0.448543
-0.893139,-0.449781
-0.891552,-0.452918
-0.890793,-0.454409
-0.890607,-0.454774
-0.889530,-0.456876
-0.888843,-0.458213
-0.888042,-0.459763
-0.887633,-0.460552
-0.886939,-0.461887
-0.885368,-0.464890
-0.884167,-0.467172
-0.883969,-0.467546
-0.883257,-0.468890
-0.883005,-0.469363
-0.882207,-0.470862
-0.881588,-0.472020
-0.880305,-0.474408
-0.879998,-0.474978
-0.878921,-0.476967
-0.878420,-0.477889
-0.876384,-0.481613
-0.876156,-0.482027
-0.875829,-0.482621
-0.875053,-0.484027
-0.874529,-0.484973
-0.873459,-0.486897
-0.871766,-0.489923
-0.871699,-0.490043
-0.871441,-0.490500
-0.871261,-0.490820
-0.871143,-0.491030
-0.868765,-0.495225
-0.867531,-0.497383
-0.866882,-0.498513
-0.865838,-0.500325
-0.865748,-0.500480
-0.864940,-0.501875
-0.864009,-0.503476
-0.863319,-0.504659
-0.863315,-0.504665
-0.863167,-0.504919
-0.862470,-0.506108
-0.860716,-0.509085
-0.860139,-0.510060
-0.859924,-0.510423
-0.859475,-0.511177
-0.858991,-0.511990
-0.858755,-0.512386
-0.858487,-0.512835
-0.858328,-0.513101
-0.858027,-0.513604
-0.857602,-0.514314
-0.856196,-0.516652
-0.855905,-0.517134
-0.855813,-0.517285
-0.854988,-0.518647
-0.854196,-0.519951
-0.853840,-0.520535
-0.853619,-0.520898
-0.853417,-0.521228
-0.853216,-0.521557
-0.852838,-0.522176
-0.852387,-0.522912
-0.850414,-0.526115
-0.849024,-0.528355
-0.848965,-0.528449
-0.848263,-0.529576
-0.847208,-0.531262
-0.846887,-0.531774
-0.846234,-0.532812
-0.846216,-0.532840
-0.845612,-0.533798
-0.845055,-0.534680
-0.844783,-0.535109
-0.844267,-0.535922
-0.843822,-0.536624
-0.843438,-0.537227
-0.842208,-0.539152
-0.841196,-0.540730
-0.840921,-0.541159
-0.840317,-0.542095
-0.839405,-0.543507
-0.839353,-0.543586
-0.838383,-0.545081
-0.837988,-0.545688
-0.836905,-0.547348
-0.836660,-0.547722
-0.836434,-0.548067
-0.835687,-0.549206
-0.835666,-0.549238
-0.834486,-0.551029
-0.834160,-0.551522
-0.833429,-0.552626
-0.833330,-0.552776
-0.832022,-0.554743
-0.830059,-0.557675
-0.829881,-0.557940
-0.829754,-0.558129
-0.829586,-0.558379
-0.824414,-0.565987
-0.824392,-0.566019
-0.823396,-0.567467
-0.820846,-0.571149
-0.820801,-0.571214
-0.820281,-0.571961
-0.819977,-0.572396
-0.817420,-0.576042
-0.816131,-0.577867
-0.815525,-0.578722
-0.815503,-0.578752
-0.813523,-0.581532
-0.813132,-0.582079
-0.811307,-0.584620
-0.811224,-0.584736
-0.810656,-0.585522
-0.810291,-0.586027
-0.808977,-0.587841
-0.808621,-0.588330
-0.808611,-0.588344
-0.808052,-0.589111
-0.806681,-0.590987
-0.806282,-0.591531
-0.805641,-0.592403
-0.804789,-0.593561
-0.803009,-0.595967
-0.802949,-0.596048
-0.801627,-0.597824
-0.801370,-0.598169
-0.800967,-0.598708
-0.800851,-0.598864
-0.797880,-0.602816
-0.796809,-0.604232
-0.796348,-0.604838
-0.795911,-0.605414
-0.794425,-0.607363
-0.794068,-0.607829
-0.793239,-0.608910
-0.792283,-0.610154
-0.791837,-0.610733
-0.791597,-0.611043
-0.790416,-0.612570
-0.790316,-0.612699
-0.789313,-0.613991
-0.788851,-0.614584
-0.788237,-0.615371
-0.787879,-0.615830
-0.787778,-0.615959
-0.786441,-0.617666
-0.786414,-0.617700
-0.785405,-0.618983
-0.785225,-0.619210
-0.785143,-0.619315
-0.784504,-0.620124
-0.784384,-0.620276
-0.782265,-0.622945
-0.781486,-0.623922
-0.779189,-0.626789
-0.778984,-0.627044
-0.778842,-0.627220
-0.778683,-0.627418
-0.777363,-0.629052
-0.776470,-0.630154
-0.776374,-0.630272
-0.775865,-0.630900
-0.775837,-0.630934
-0.773617,-0.633653
-0.773595,-0.633681
-0.772458,-0.635065
-0.771802,-0.635863
-0.771185,-0.636611
-0.770799,-0.637078
-0.770444,-0.637508
-0.770260,-0.637730
-0.769927,-0.638132
-0.768854,-0.639424
-0.767939,-0.640523
-0.767927,-0.640537
-0.767032,-0.641609
-0.766802,-0.641884
-0.766715,-0.641988
-0.766335,-0.642442
-0.766004,-0.642836
-0.763911,-0.645322
-0.763630,-0.645654
-0.762982,-0.646419
-0.762288,-0.647237
-0.762003,-0.647574
-0.761818,-0.647791
-0.761742,-0.647880
-0.761231,-0.648481
-0.760157,-0.649739
-0.759551,-0.650447
-0.759057,-0.651025
-0.757539,-0.652789
-0.756663,-0.653805
-0.756274,-0.654255
-0.756273,-0.654256
-0.755089,-0.655623
-0.752950,-0.658078
-0.752500,-0.658592
-0.751827,-0.659361
-0.751652,-0.659560
-0.749438,-0.662074
-0.749085,-0.662474
-0.747947,-0.663759
-0.743680,-0.668536
-0.742575,-0.669763
-0.741536,-0.670914
-0.741223,-0.671259
-0.741168,-0.671320
-0.740045,-0.672558
-0.739009,-0.673696
-0.738551,-0.674198
-0.736487,-0.676452
-0.735370,-0.677666
-0.735156,-0.677898
-0.734213,-0.678920
-0.732631,-0.680626
-0.731424,-0.681923
-0.730418,-0.683001
-0.730274,-0.683155
-0.729664,-0.683806
-0.728922,-0.684597
-0.727753,-0.685839
-0.727676,-0.685921
-0.727151,-0.686477
-0.727095,-0.686537
-0.726238,-0.687444
-0.725082,-0.688663
-0.724339,-0.689444
-0.724156,-0.689636
-0.723223,-0.690615
-0.723045,-0.690801
-0.722697,-0.691165
-0.722339,-0.691539
-0.721991,-0.691902
-0.721425,-0.692492
-0.720105,-0.693865
-0.718771,-0.695247
-0.718538,-0.695488
-0.717055,-0.697017
-0.715823,-0.698281
-0.715550,-0.698561
-0.715475,-0.698638
-0.714385,-0.699753
-0.713749,-0.700402
-0.713138,-0.701023
-0.711580,-0.702605
-0.711293,-0.702895
-0.710574,-0.703622
-0.707487,-0.706726
-0.705611,-0.708599
-0.705095,-0.709113
-0.704794,-0.709412
-0.703612,-0.710584
-0.702388,-0.711794
-0.702281,-0.711900
-0.702135,-0.712044
-0.701965,-0.712211
-0.700026,-0.714118
-0.699204,-0.714923
-0.698231,-0.715873
-0.698156,-0.715946
-0.696903,-0.717165
-0.693606,-0.720355
-0.692734,-0.721194
-0.691765,-0.722123
-0.691440,-0.722434
-0.690925,-0.722926
-0.686939,-0.726715
-0.686760,-0.726884
-0.686088,-0.727518
-0.684404,-0.729103
-0.683832,-0.729639
-0.680741,-0.732524
-0.680273,-0.732958
-0.679975,-0.733235
-0.676926,-0.736051
-0.676216,-0.736703
-0.674354,-0.738408
-0.670365,-0.742031
-0.670170,-0.742208
-0.669108,-0.743165
-0.668350,-0.743847
-0.667783,-0.744356
-0.667265,-0.744820
-0.666686,-0.745339
-0.666633,-0.745386
-0.666542,-0.745468
-0.665584,-0.746323
-0.665209,-0.746657
-0.664866,-0.746963
-0.664479,-0.747307
-0.663081,-0.748548
-0.662590,-0.748982
-0.661284,-0.750136
-0.660364,-0.750946
-0.659918,-0.751337
-0.659606,-0.751612
-0.658794,-0.752324
-0.658628,-0.752469
-0.658560,-0.752528
-0.655862,-0.754881
-0.655152,-0.755497
-0.654183,-0.756336
-0.653985,-0.756507
-0.653112,-0.757261
-0.652839,-0.757497
-0.650801,-0.759249
-0.649813,-0.760094
-0.649578,-0.760295
-0.649430,-0.760421
-0.649179,-0.760636
-0.647756,-0.761848
-0.647383,-0.762164
-0.647283,-0.762250
-0.641848,-0.766832
-0.640319,-0.768109
-0.639174,-0.769062
-0.638985,-0.769219
-0.638421,-0.769687
-0.635964,-0.771719
-0.632587,-0.774489
-0.631319,-0.775523
-0.630266,-0.776379
-0.628905,-0.777482
-0.628365,-0.777918
-0.627596,-0.778539
-0.624290,-0.781193
-0.621842,-0.783142
-0.620149,-0.784484
-0.618351,-0.785902
-0.617917,-0.786243
-0.617342,-0.786695
-0.617190,-0.786814
-0.615669,-0.788005
-0.614846,-0.788647
-0.613189,-0.789936
-0.612214,-0.790692
-0.611754,-0.791048
-0.610910,-0.791700
-0.607423,-0.794379
-0.603518,-0.797349
-0.601131,-0.799150
-0.600731,-0.799451
-0.600439,-0.799671
-0.594941,-0.803770
-0.594807,-0.803869
-0.593983,-0.804477
-0.593438,-0.804880
-0.593016,-0.805190
-0.592907,-0.805271
-0.592480,-0.805585
-0.592318,-0.805704
-0.590539,-0.807009
-0.590227,-0.807238
-0.589989,-0.807411
-0.589496,-0.807771
-0.586650,-0.809840
-0.583720,-0.811955
-0.579888,-0.814696
-0.578943,-0.815368
-0.578362,-0.815780
-0.576097,-0.817381
-0.576091,-0.817385
-0.575791,-0.817597
-0.575668,-0.817684
-0.575245,-0.817981
-0.574598,-0.818435
-0.572451,-0.819939
-0.571873,-0.820342
-0.568579,-0.822629
-0.568276,-0.822838
-0.566942,-0.823758
-0.564072,-0.825726
-0.563454,-0.826147
-0.561764,-0.827297
-0.561269,-0.827634
-0.561054,-0.827779
-0.559880,-0.828574
-0.559265,-0.828989
-0.559023,-0.829152
-0.556189,-0.831056
-0.554864,-0.831941
-0.554828,-0.831965
-0.553798,-0.832651
-0.552964,-0.833205
-0.552345,-0.833616
-0.550144,-0.835070
-0.550110,-0.835092
-0.549340,-0.835599
-0.548959,-0.835849
-0.548038,-0.836454
-0.547129,-0.837048
-0.546218,-0.837643
-0.545354,-0.838206
-0.545097,-0.838373
-0.542634,-0.839969
-0.539286,-0.842122
-0.539241,-0.842151
-0.536758,-0.843736
-0.535547,-0.844506
-0.533611,-0.845730
-0.533139,-0.846028
-0.532470,-0.846449
-0.530975,-0.847388
-0.530911,-0.847428
-0.529785,-0.848132
-0.526227,-0.850344
-0.526144,-0.850396
-0.525755,-0.850636
-0.524149,-0.851627
-0.522564,-0.852600
-0.520415,-0.853913
-0.517129,-0.855907
-0.515631,-0.856811
-0.515088,-0.857137
-0.514731,-0.857351
-0.514547,-0.857462
-0.512742,-0.858543
-0.512709,-0.858562
-0.512386,-0.858755
-0.510355,-0.859964
-0.510080,-0.860127
-0.509302,-0.860588
-0.506423,-0.862285
-0.506269,-0.862376
-0.504569,-0.863371
-0.503910,-0.863756
-0.503671,-0.863896
-0.501742,-0.865017
-0.501706,-0.865038
-0.501474,-0.865173
-0.500507,-0.865732
-0.496498,-0.868038
-0.495947,-0.868353
-0.494624,-0.869107
-0.494413,-0.869227
-0.494150,-0.869377
-0.493724,-0.869619
-0.493377,-0.869815
-0.492731,-0.870182
-0.490606,-0.871382
-0.489505,-0.872001
-0.487660,-0.873034
-0.483871,-0.875139
-0.483176,-0.875523
-0.482441,-0.875929
-0.478359,-0.878164
-0.475632,-0.879644
-0.474381,-0.880320
-0.474179,-0.880429
-0.472362,-0.881405
-0.470890,-0.882192
-0.470705,-0.882291
-0.466515,-0.884513
-0.464027,-0.885821
-0.463271,-0.886217
-0.461553,-0.887113
-0.460855,-0.887475
-0.458128,-0.888886
-0.456297,-0.889828
-0.455030,-0.890476
-0.454619,-0.890686
-0.453346,-0.891335
-0.453032,-0.891494
-0.452415,-0.891808
-0.451722,-0.892159
-0.451705,-0.892167
-0.451148,-0.892449
-0.451141,-0.892453
-0.450276,-0.892889
-0.449785,-0.893137
-0.449576,-0.893242
-0.447587,-0.894240
-0.447296,-0.894386
-0.447055,-0.894506
-0.445653,-0.895206
-0.445564,-0.895250
-0.445534,-0.895265
-0.444338,-0.895859
-0.442151,-0.896941
-0.441306,-0.897357
-0.440292,-0.897854
-0.439848,-0.898072
-0.437766,-0.899089
-0.436710,-0.899603
-0.434951,-0.900454
-0.434328,-0.900755
-0.433467,-0.901169
-0.432122,-0.901815
-0.431301,-0.902208
-0.431004,-0.902350
-0.429697,-0.902973
-0.428452,-0.903565
-0.427937,-0.903808
-0.424982,-0.905202
-0.424615,-0.905374
-0.424202,-0.905568
-0.423862,-0.905727
-0.418303,-0.908308
-0.417817,-0.908531
-0.415939,-0.909392
-0.413508,-0.910500
-0.412959,-0.910750
-0.412667,-0.910882
-0.409615,-0.912258
-0.407246,-0.913318
-0.406563,-0.913623
-0.406423,-0.913685
-0.404972,-0.914329
-0.403895,-0.914805
-0.403876,-0.914814
-0.402032,-0.915626
-0.401971,-0.915652
-0.400991,-0.916082
-0.400634,-0.916238
-0.399789,-0.916607
-0.396827,-0.917893
-0.395089,-0.918643
-0.395049,-0.918660
-0.393611,-0.919277
-0.393548,-0.919304
-0.392985,-0.919545
-0.392662,-0.919683
-0.388199,-0.921576
-0.386601,-0.922247
-0.384355,-0.923185
-0.384022,-0.923324
-0.383919,-0.923367
-0.383786,-0.923422
-0.383596,-0.923501
-0.383582,-0.923507
-0.382734,-0.923859
-0.382604,-0.923912
-0.377955,-0.925824
-0.375134,-0.926971
-0.373176,-0.927760
-0.373147,-0.927772
-0.372552,-0.928011
-0.372197,-0.928154
-0.371283,-0.928520
-0.369519,-0.929223
-0.367551,-0.930003
-0.366894,-0.930263
-0.365201,-0.930929
-0.364756,-0.931103
-0.363528,-0.931583
-0.362233,-0.932087
-0.361631,-0.932321
-0.361431,-0.932399
-0.359059,-0.933315
-0.358767,-0.933427
-0.358682,-0.933460
-0.358538,-0.933515
-0.357661,-0.933852
-0.356117,-0.934441
-0.355751,-0.934581
-0.354362,-0.935108
-0.352100,-0.935962
-0.352044,-0.935983
-0.351432,-0.936213
-0.350861,-0.936427
-0.346611,-0.938009
-0.346005,-0.938233
-0.345670,-0.938356
-0.342285,-0.939596
-0.342140,-0.939649
-0.341684,-0.939815
-0.341524,-0.939873
-0.341382,-0.939925
-0.338523,-0.940958
-0.338133,-0.941098
-0.337913,-0.941177
-0.336679,-0.941620
-0.336302,-0.941754
-0.335344,-0.942096
-0.333688,-0.942683
-0.333579,-0.942722
-0.333295,-0.942823
-0.331712,-0.943381
-0.330624,-0.943763
-0.330615,-0.943766
-0.328677,-0.944442
-0.328302,-0.944573
-0.327759,-0.944761
-0.326744,-0.945113
-0.325532,-0.945531
-0.324686,-0.945822
-0.321954,-0.946755
-0.320642,-0.947201
-0.320567,-0.947226
-0.320442,-0.947268
-0.319621,-0.947546
-0.316951,-0.948442
-0.316648,-0.948543
-0.316445,-0.948611
-0.315168,-0.949036
-0.314771,-0.949168
-0.312532,-0.949907
-0.311964,-0.950094
-0.311163,-0.950357
-0.308426,-0.951248
-0.306979,-0.951716
-0.305301,-0.952256
-0.305075,-0.952328
-0.304829,-0.952407
-0.303391,-0.952866
-0.303301,-0.952895
-0.302434,-0.953170
-0.301560,-0.953447
-0.300373,-0.953822
-0.300238,-0.953864
-0.300020,-0.953933
-0.298837,-0.954304
-0.298537,-0.954398
-0.295836,-0.955239
-0.295761,-0.955262
-0.294384,-0.955687
-0.291040,-0.956711
-0.290722,-0.956807
-0.286971,-0.957939
-0.285990,-0.958233
-0.285912,-0.958256
-0.285225,-0.958461
-0.285172,-0.958476
-0.284452,-0.958690
-0.284104,-0.958793
-0.283742,-0.958901
-0.282459,-0.959279
-0.282349,-0.959312
-0.279958,-0.960012
-0.277554,-0.960710
-0.276629,-0.960977
-0.275065,-0.961426
-0.274225,-0.961666
-0.274140,-0.961690
-0.273396,-0.961902
-0.272494,-0.962157
-0.272311,-0.962209
-0.272180,-0.962246
-0.269319,-0.963051
-0.268536,-0.963270
-0.266493,-0.963837
-0.264856,-0.964288
-0.264660,-0.964342
-0.263810,-0.964575
-0.263030,-0.964788
-0.262562,-0.964915
-0.262210,-0.965011
-0.259234,-0.965815
-0.258555,-0.965996
-0.257500,-0.966278
-0.255805,-0.966728
-0.255368,-0.966844
-0.255219,-0.966883
-0.255120,-0.966909
-0.254478,-0.967079
-0.254226,-0.967145
-0.252682,-0.967549
-0.252150,-0.967688
-0.251039,-0.967977
-0.250933,-0.968004
-0.249379,-0.968406
-0.247741,-0.968826
-0.245537,-0.969387
-0.244426,-0.969668
-0.244062,-0.969760
-0.243265,-0.969960
-0.242212,-0.970223
-0.241932,-0.970293
-0.241050,-0.970513
-0.240935,-0.970541
-0.239196,-0.970971
-0.238594,-0.971119
-0.238149,-0.971229
-0.238016,-0.971261
-0.236716,-0.971579
-0.235938,-0.971768
-0.235535,-0.971866
-0.235374,-0.971905
-0.231882,-0.972744
-0.230681,-0.973029
-0.229582,-0.973289
-0.229433,-0.973324
-0.228368,-0.973575
-0.228296,-0.973592
-0.228064,-0.973646
-0.226432,-0.974027
-0.225405,-0.974265
-0.222621,-0.974905
-0.220883,-0.975300
-0.219962,-0.975508
-0.219935,-0.975514
-0.217642,-0.976029
-0.215212,-0.976567
-0.215142,-0.976583
-0.213970,-0.976840
-0.210373,-0.977621
-0.209812,-0.977742
-0.209244,-0.977863
-0.208717,-0.977976
-0.208564,-0.978009
-0.208220,-0.978082
-0.207754,-0.978181
-0.205274,-0.978705
-0.204425,-0.978882
-0.203985,-0.978974
-0.203072,-0.979164
-0.198087,-0.980185
-0.197646,-0.980273
-0.196583,-0.980487
-0.195181,-0.980767
-0.191526,-0.981487
-0.190821,-0.981625
-0.190269,-0.981732
-0.187996,-0.982170
-0.185396,-0.982664
-0.185355,-0.982672
-0.183291,-0.983059
-0.183059,-0.983102
-0.180678,-0.983542
-0.178725,-0.983899
-0.177332,-0.984151
-0.176587,-0.984285
-0.175289,-0.984517
-0.175207,-0.984532
-0.174915,-0.984584
-0.174182,-0.984714
-0.172961,-0.984929
-0.172744,-0.984967
-0.171787,-0.985134
-0.170176,-0.985414
-0.168768,-0.985656
-0.165973,-0.986130
-0.165896,-0.986143
-0.163096,-0.986610
-0.161122,-0.986935
-0.161019,-0.986951
-0.160918,-0.986968
-0.159740,-0.987159
-0.158979,-0.987282
-0.155229,-0.987878
-0.153235,-0.988190
-0.152911,-0.988240
-0.152222,-0.988346
-0.149277,-0.988795
-0.146292,-0.989241
-0.145928,-0.989295
-0.145702,-0.989328
-0.144056,-0.989570
-0.142383,-0.989812
-0.141580,-0.989927
-0.137881,-0.990449
-0.137823,-0.990457
-0.136503,-0.990640
-0.136220,-0.990679
-0.134798,-0.990873
-0.134489,-0.990915
-0.134393,-0.990928
-0.133024,-0.991113
-0.131049,-0.991376
-0.127645,-0.991820
-0.127369,-0.991855
-0.125330,-0.992115
-0.124761,-0.992187
-0.122755,-0.992437
-0.122537,-0.992464
-0.122250,-0.992499
-0.120328,-0.992734
-0.119870,-0.992790
-0.118621,-0.992940
-0.118521,-0.992952
-0.118350,-0.992972
-0.116910,-0.993143
-0.113298,-0.993561
-0.111133,-0.993806
-0.110921,-0.993829
-0.109015,-0.994040
-0.108813,-0.994062
-0.108671,-0.994078
-0.107699,-0.994184
-0.106578,-0.994304
-0.105295,-0.994441
-0.103623,-0.994617
-0.101776,-0.994807
-0.101340,-0.994852
-0.100243,-0.994963
-0.099374,-0.995050
-0.098320,-0.995155
-0.098246,-0.995162
-0.097856,-0.995201
-0.096511,-0.995332
-0.092564,-0.995707
-0.091655,-0.995791
-0.090356,-0.995909
-0.089514,-0.995986
-0.087757,-0.996142
-0.086364,-0.996264
-0.084903,-0.996389
-0.082231,-0.996613
-0.079979,-0.996797
-0.079361,-0.996846
-0.078743,-0.996895
-0.077984,-0.996955
-0.076265,-0.997088
-0.075683,-0.997132
-0.074217,-0.997242
-0.073903,-0.997265
-0.073584,-0.997289
-0.073391,-0.997303
-0.072318,-0.997382
-0.069087,-0.997611
-0.067694,-0.997706
-0.067447,-0.997723
-0.066974,-0.997755
-0.066331,-0.997798
-0.065909,-0.997826
-0.065449,-0.997856
-0.065011,-0.997885
-0.064549,-0.997915
-0.064543,-0.997915
-0.063871,-0.997958
-0.063505,-0.997981
-0.062571,-0.998041
-0.062246,-0.998061
-0.061818,-0.998087
-0.061654,-0.998098
-0.061236,-0.998123
-0.058147,-0.998308
-0.057144,-0.998366
-0.055830,-0.998440
-0.053695,-0.998557
-0.051950,-0.998650
-0.050586,-0.998720
-0.048903,-0.998804
-0.048455,-0.998825
-0.048175,-0.998839
-0.047967,-0.998849
-0.047759,-0.998859
-0.047249,-0.998883
-0.046080,-0.998938
-0.045770,-0.998952
-0.044614,-0.999004
-0.040476,-0.999181
-0.039928,-0.999203
-0.038803,-0.999247
-0.032226,-0.999481
-0.030137,-0.999546
-0.030131,-0.999546
-0.029787,-0.999556
-0.024217,-0.999707
-0.020787,-0.999784
-0.019900,-0.999802
-0.017754,-0.999842
-0.016630,-0.999862
-0.016176,-0.999869
-0.015898,-0.999874
-0.014322,-0.999897
-0.011984,-0.999928
-0.011675,-0.999932
-0.010844,-0.999941
-0.010786,-0.999942
-0.010229,-0.999948
-0.007287,-0.999973
-0.006812,-0.999977
-0.006229,-0.999981
-0.001397,-0.999999
-0.000627,-1.000000
0.000133,-1.000000
0.001194,-0.999999
0.002391,-0.999997
0.004456,-0.999990
0.004521,-0.999990
0.005258,-0.999986
0.008524,-0.999964
0.009088,-0.999959
0.009282,-0.999957
0.010884,-0.999941
0.010961,-0.999940
0.012387,-0.999923
0.015331,-0.999882
0.015355,-0.999882
0.016007,-0.999872
0.016112,-0.999870
0.016394,-0.999866
0.016649,-0.999861
0.016777,-0.999859
0.018784,-0.999824
0.021807,-0.999762
0.021974,-0.999759
0.022048,-0.999757
0.024120,-0.999709
0.025221,-0.999682
0.025709,-0.999669
0.026051,-0.999661
0.027405,-0.999624
0.029586,-0.999562
0.031909,-0.999491
0.033802,-0.999429
0.034351,-0.999410
0.038584,-0.999255
0.038670,-0.999252
0.039956,-0.999201
0.040802,-0.999167
0.040910,-0.999163
0.044610,-0.999004
0.045754,-0.998953
0.046356,-0.998925
0.047027,-0.998894
0.050462,-0.998726
0.052234,-0.998635
0.052680,-0.998611
0.053517,-0.998567
0.055693,-0.998448
0.056258,-0.998416
0.056391,-0.998409
0.057082,-0.998369
0.059435,-0.998232
0.061537,-0.998105
0.061624,-0.998099
0.062503,-0.998045
0.063003,-0.998013
0.063695,-0.997969
0.064062,-0.997946
0.067896,-0.997692
0.069864,-0.997557
0.070350,-0.997522
0.072945,-0.997336
0.073367,-0.997305
0.073702,-0.997280
0.073983,-0.997259
0.079100,-0.996867
0.080047,-0.996791
0.081226,-0.996696
0.081531,-0.996671
0.083572,-0.996502
0.083901,-0.996474
0.083961,-0.996469
0.087103,-0.996199
0.089304,-0.996004
0.090949,-0.995856
0.091029,-0.995848
0.092126,-0.995747
0.092488,-0.995714
0.093074,-0.995659
0.093218,-0.995646
0.093310,-0.995637
0.093372,-0.995631
0.093838,-0.995587
0.097143,-0.995270
0.097280,-0.995257
0.097704,-0.995216
0.098011,-0.995185
0.098520,-0.995135
0.099551,-0.995032
0.102786,-0.994703
0.103396,-0.994640
0.104183,-0.994558
0.106137,-0.994352
0.107935,-0.994158
0.108545,-0.994092
0.110692,-0.993855
0.113018,-0.993593
0.113313,-0.993559
0.114569,-0.993415
0.115726,-0.993281
0.117232,-0.993105
0.118073,-0.993005
0.119131,-0.992879
0.120730,-0.992685
0.121840,-0.992550
0.123805,-0.992307
0.126067,-0.992022
0.126557,-0.991959
0.126648,-0.991948
0.127052,-0.991896
0.127616,-0.991824
0.134714,-0.990885
0.134776,-0.990876
0.135847,-0.990730
0.136287,-0.990669
0.136330,-0.990664
0.136405,-0.990653
0.136991,-0.990572
0.137292,-0.990531
0.138729,-0.990330
0.141141,-0.989989
0.141562,-0.989929
0.143595,-0.989637
0.143826,-0.989603
0.145170,-0.989407
0.145703,-0.989328
0.146816,-0.989164
0.146968,-0.989141
0.147587,-0.989049
0.147719,-0.989029
0.148788,-0.988869
0.150855,-0.988556
0.151373,-0.988477
0.153785,-0.988104
0.154048,-0.988063
0.156198,-0.987726
0.156411,-0.987692
0.156453,-0.987685
0.156775,-0.987634
0.158750,-0.987319
0.160963,-0.986960
0.161201,-0.986922
0.161442,-0.986882
0.161671,-0.986845
0.161991,-0.986792
0.163248,-0.986585
0.165226,-0.986256
0.168228,-0.985748
0.168236,-0.985747
0.170383,-0.985378
0.171010,-0.985269
0.171365,-0.985208
0.174650,-0.984631
0.177409,-0.984137
0.178374,-0.983963
0.178559,-0.983929
0.178863,-0.983874
0.179426,-0.983772
0.179715,-0.983719
0.179914,-0.983682
0.180981,-0.983487
0.180992,-0.983485
0.183042,-0.983105
0.184059,-0.982915
0.184650,-0.982804
0.184655,-0.982803
0.185949,-0.982559
0.188580,-0.982058
0.189801,-0.981822
0.190784,-0.981632
0.191394,-0.981513
0.192387,-0.981319
0.193106,-0.981178
0.193685,-0.981064
0.194545,-0.980894
0.195352,-0.980733
0.196166,-0.980571
0.196939,-0.980416
0.196982,-0.980407
0.200166,-0.979762
0.200826,-0.979627
0.201053,-0.979580
0.202762,-0.979228
0.205008,-0.978760
0.205219,-0.978716
0.205701,-0.978615
0.206088,-0.978533
0.206825,-0.978378
0.209032,-0.977909
0.210441,-0.977606
0.211540,-0.977369
0.213031,-0.977045
0.213602,-0.976921
0.215033,-0.976607
0.216628,-0.976254
0.216785,-0.976219
0.216890,-0.976196
0.218093,-0.975928
0.218198,-0.975905
0.218232,-0.975897
0.218544,-0.975827
0.219668,-0.975575
0.220239,-0.975446
0.221074,-0.975257
0.221103,-0.975250
0.221961,-0.975056
0.222279,-0.974983
0.224501,-0.974474
0.227233,-0.973840
0.229085,-0.973406
0.230209,-0.973141
0.230374,-0.973102
0.230943,-0.972967
0.231249,-0.972895
0.231399,-0.972859
0.232135,-0.972684
0.232198,-0.972669
0.234530,-0.972109
0.235096,-0.971972
0.235130,-0.971964
0.238504,-0.971141
0.238636,-0.971109
0.239184,-0.970974
0.242265,-0.970210
0.243610,-0.969873
0.243634,-0.969867
0.244485,-0.969653
0.245270,-0.969455
0.249124,-0.968472
0.250709,-0.968062
0.252191,-0.967677
0.253708,-0.967281
0.254134,-0.967169
0.256336,-0.966588
0.257513,-0.966275
0.258179,-0.966097
0.263672,-0.964612
0.264351,-0.964426
0.266669,-0.963788
0.267841,-0.963463
0.268609,-0.963249
0.269005,-0.963139
0.270818,-0.962630
0.270958,-0.962591
0.272062,-0.962280
0.274395,-0.961617
0.275747,-0.961230
0.276100,-0.961129
0.276130,-0.961120
0.276406,-0.961041
0.278817,-0.960344
0.279338,-0.960193
0.280851,-0.959751
0.282928,-0.959141
0.285815,-0.958285
0.286149,-0.958185
0.287244,-0.957857
0.287989,-0.957634
0.289341,-0.957226
0.290094,-0.956998
0.290239,-0.956954
0.291132,-0.956683
0.292050,-0.956403
0.295898,-0.955220
0.296023,-0.955181
0.296850,-0.954924
0.296927,-0.954900
0.297234,-0.954805
0.298235,-0.954492
0.298396,-0.954442
0.298633,-0.954368
0.299306,-0.954157
0.302187,-0.953249
0.302273,-0.953221
0.303132,-0.952949
0.303388,-0.952867
0.303912,-0.952700
0.304057,-0.952654
0.305369,-0.952234
0.307163,-0.951657
0.309952,-0.950752
0.311284,-0.950317
0.312377,-0.949958
0.312713,-0.949848
0.313525,-0.949580
0.314310,-0.949320
0.315911,-0.948789
0.316425,-0.948618
0.317095,-0.948394
0.317267,-0.948336
0.319456,-0.947601
0.319581,-0.947559
0.319648,-0.947536
0.320392,-0.947285
0.320449,-0.947266
0.320824,-0.947139
0.321283,-0.946983
0.322737,-0.946489
0.322924,-0.946425
0.323012,-0.946395
0.324681,-0.945824
0.325492,-0.945545
0.326017,-0.945364
0.327865,-0.944724
0.328494,-0.944506
0.328549,-0.944487
0.330328,-0.943866
0.330394,-0.943843
0.332111,-0.943240
0.333597,-0.942716
0.334341,-0.942452
0.336075,-0.941835
0.338862,-0.940836
0.340177,-0.940361
0.340923,-0.940091
0.341321,-0.939947
0.343419,-0.939182
0.344131,-0.938922
0.344540,-0.938772
0.346030,-0.938224
0.346360,-0.938102
0.346599,-0.938013
0.347073,-0.937838
0.347139,-0.937814
0.347336,-0.937741
0.352719,-0.935729
0.354072,-0.935218
0.354680,-0.934988
0.355508,-0.934673
0.356045,-0.934469
0.356203,-0.934409
0.356552,-0.934275
0.356781,-0.934188
0.357316,-0.933984
0.357501,-0.933913
0.359135,-0.933286
0.359420,-0.933176
0.360020,-0.932944
0.363564,-0.931569
0.366354,-0.930476
0.368330,-0.929695
0.369001,-0.929429
0.369189,-0.929354
0.369335,-0.929296
0.369827,-0.929101
0.369893,-0.929074
0.369927,-0.929061
0.371373,-0.928484
0.371591,-0.928397
0.372110,-0.928189
0.372627,-0.927981
0.374203,-0.927347
0.374595,-0.927188
0.375186,-0.926950
0.376588,-0.926381
0.376759,-0.926311
0.377193,-0.926135
0.377278,-0.926100
0.378376,-0.925652
0.378825,-0.925468
0.378857,-0.925455
0.382600,-0.923914
0.382850,-0.923811
0.382865,-0.923804
0.383248,-0.923645
0.383499,-0.923541
0.385116,-0.922868
0.387475,-0.921880
0.388377,-0.921501
0.389112,-0.921190
0.390356,-0.920664
0.390487,-0.920608
0.391162,-0.920322
0.391816,-0.920044
0.398111,-0.917337
0.399673,-0.916658
0.401707,-0.915768
0.406300,-0.913740
0.409205,-0.912443
0.410590,-0.911820
0.410687,-0.911776
0.410794,-0.911728
0.411941,-0.911210
0.412061,-0.911156
0.413435,-0.910534
0.413541,-0.910486
0.414291,-0.910145
0.416634,-0.909074
0.417094,-0.908863
0.417751,-0.908562
0.418295,-0.908311
0.418858,-0.908052
0.418971,-0.908000
0.424832,-0.905272
0.425281,-0.905061
0.426623,-0.904429
0.426721,-0.904383
0.429107,-0.903253
0.429112,-0.903251
0.431313,-0.902202
0.433045,-0.901372
0.434346,-0.900746
0.437470,-0.899233
0.437511,-0.899213
0.438301,-0.898828
0.439662,-0.898163
0.441034,-0.897491
0.443640,-0.896205
0.443764,-0.896144
0.443784,-0.896134
0.444931,-0.895565
0.444947,-0.895557
0.445595,-0.895234
0.446895,-0.894586
0.447935,-0.894066
0.448897,-0.893583
0.449261,-0.893401
0.450085,-0.892986
0.450185,-0.892935
0.452162,-0.891936
0.454076,-0.890963
0.454316,-0.890840
0.455738,-0.890114
0.455930,-0.890016
0.456554,-0.889696
0.457198,-0.889365
0.457975,-0.888965
0.458286,-0.888805
0.458377,-0.888758
0.458772,-0.888554
0.459750,-0.888048
0.460018,-0.887910
0.460784,-0.887513
0.461003,-0.887399
0.462844,-0.886440
0.463984,-0.885843
0.464819,-0.885406
0.466876,-0.884323
0.467116,-0.884196
0.467551,-0.883966
0.467924,-0.883769
0.469431,-0.882969
0.470958,-0.882156
0.472243,-0.881468
0.472591,-0.881282
0.473320,-0.880890
0.474239,-0.880396
0.474753,-0.880119
0.474811,-0.880088
0.475409,-0.879765
0.475456,-0.879740
0.478488,-0.878094
0.480027,-0.877254
0.481772,-0.876297
0.482489,-0.875902
0.486108,-0.873899
0.486667,-0.873588
0.487947,-0.872873
0.488653,-0.872478
0.489130,-0.872211
0.489204,-0.872169
0.491361,-0.870956
0.492297,-0.870427
0.493020,-0.870018
0.493120,-0.869962
0.494038,-0.869441
0.494097,-0.869407
0.497094,-0.867697
0.498311,-0.866999
0.498323,-0.866991
0.499610,-0.866250
0.500533,-0.865717
0.501138,-0.865367
0.501320,-0.865262
0.502959,-0.864310
0.503568,-0.863956
0.504484,-0.863421
0.505319,-0.862932
0.505513,-0.862819
0.506197,-0.862418
0.509637,-0.860389
0.509967,-0.860194
0.510302,-0.859995
0.512207,-0.858862
0.512677,-0.858582
0.514144,-0.857704
0.514441,-0.857526
0.517318,-0.855793
0.517585,-0.855632
0.519285,-0.854601
0.521170,-0.853453
0.522139,-0.852860
0.522507,-0.852635
0.523483,-0.852036
0.526423,-0.850223
0.528035,-0.849223
0.528347,-0.849029
0.530172,-0.847890
0.532589,-0.846374
0.533464,-0.845823
0.537034,-0.843560
0.537421,-0.843314
0.538817,-0.842423
0.538871,-0.842389
0.539118,-0.842230
0.539228,-0.842160
0.539330,-0.842094
0.541645,-0.840607
0.543898,-0.839151
0.545304,-0.838239
0.547462,-0.836831
0.550257,-0.834995
0.550659,-0.834730
0.550923,-0.834556
0.551781,-0.833989
0.559570,-0.828783
0.559650,-0.828729
0.560043,-0.828463
0.560486,-0.828164
0.560881,-0.827896
0.562030,-0.827117
0.563471,-0.826136
0.563854,-0.825874
0.564345,-0.825539
0.564921,-0.825145
0.565261,-0.824912
0.566758,-0.823884
0.568297,-0.822824
0.568399,-0.822753
0.571230,-0.820790
0.572985,-0.819566
0.573507,-0.819201
0.574904,-0.818221
0.575403,-0.817870
0.575632,-0.817709
0.575921,-0.817505
0.576043,-0.817420
0.577390,-0.816468
0.578177,-0.815912
0.578287,-0.815833
0.578513,-0.815673
0.579397,-0.815046
0.581867,-0.813284
0.582608,-0.812754
0.583285,-0.812268
0.584584,-0.811333
0.586118,-0.810226
0.588273,-0.808662
0.590893,-0.806750
0.592837,-0.805322
0.592889,-0.805284
0.593351,-0.804944
0.595176,-0.803595
0.597728,-0.801699
0.598353,-0.801233
0.600330,-0.799753
0.600676,-0.799492
0.601346,-0.798989
0.603119,-0.797651
0.604102,-0.796907
0.607378,-0.794413
0.607544,-0.794286
0.607801,-0.794089
0.607905,-0.794010
0.608883,-0.793260
0.609641,-0.792678
0.609799,-0.792556
0.610801,-0.791784
0.611445,-0.791287
0.611548,-0.791207
0.616722,-0.787181
0.616748,-0.787161
0.617507,-0.786565
0.617828,-0.786314
0.617962,-0.786208
0.618243,-0.785987
0.622558,-0.782574
0.623126,-0.782121
0.623508,-0.781817
0.624899,-0.780705
0.625125,-0.780525
0.625386,-0.780316
0.627202,-0.778857
0.627461,-0.778648
0.628115,-0.778120
0.628432,-0.777865
0.629346,-0.777125
0.630412,-0.776261
0.632886,-0.774245
0.634388,-0.773014
0.634510,-0.772915
0.634927,-0.772572
0.635162,-0.772379
0.635385,-0.772195
0.635906,-0.771766
0.635951,-0.771730
0.636443,-0.771324
0.638087,-0.769964
0.638213,-0.769860
0.638332,-0.769761
0.639220,-0.769024
0.639765,-0.768571
0.641589,-0.767048
0.641823,-0.766853
0.642245,-0.766500
0.642388,-0.766380
0.643346,-0.765575
0.645058,-0.764134
0.645795,-0.763511
0.646249,-0.763127
0.647181,-0.762336
0.647815,-0.761798
0.647845,-0.761772
0.650105,-0.759845
0.651799,-0.758392
0.653862,-0.756614
0.655141,-0.755506
0.656661,-0.754185
0.657653,-0.753321
0.658843,-0.752280
0.659518,-0.751689
0.660457,-0.750864
0.660900,-0.750474
0.662344,-0.749200
0.665176,-0.746686
0.665581,-0.746326
0.665793,-0.746137
0.665937,-0.746008
0.666059,-0.745899
0.666627,-0.745392
0.668253,-0.743934
0.669006,-0.743257
0.670906,-0.741542
0.671279,-0.741204
0.671289,-0.741196
0.673335,-0.739338
0.673370,-0.739306
0.673598,-0.739098
0.673816,-0.738899
0.673887,-0.738834
0.674929,-0.737883
0.675628,-0.737243
0.675907,-0.736987
0.675953,-0.736945
0.676334,-0.736595
0.677651,-0.735384
0.677842,-0.735207
0.679343,-0.733821
0.679460,-0.733713
0.679556,-0.733624
0.679703,-0.733487
0.679740,-0.733453
0.681560,-0.731762
0.682956,-0.730460
0.683530,-0.729922
0.683536,-0.729917
0.685022,-0.728523
0.685608,-0.727971
0.685733,-0.727853
0.685802,-0.727788
0.686517,-0.727113
0.687171,-0.726496
0.691624,-0.722258
0.692004,-0.721894
0.692304,-0.721606
0.694186,-0.719796
0.694561,-0.719434
0.694698,-0.719302
0.695206,-0.718810
0.696287,-0.717763
0.696318,-0.717734
0.696670,-0.717392
0.696825,-0.717242
0.697122,-0.716953
0.697749,-0.716342
0.700592,-0.713562
0.701764,-0.712409
0.702194,-0.711986
0.702266,-0.711915
0.703212,-0.710980
0.703433,-0.710762
0.703556,-0.710640
0.703643,-0.710553
0.703955,-0.710245
0.704507,-0.709697
0.704568,-0.709636
0.705048,-0.709160
0.706162,-0.708051
0.706189,-0.708023
0.707141,-0.707073
0.707749,-0.706464
0.708074,-0.706139
0.710354,-0.703845
0.711909,-0.702271
0.712010,-0.702169
0.712464,-0.701709
0.712532,-0.701640
0.713187,-0.700973
0.713478,-0.700677
0.714303,-0.699837
0.715217,-0.698903
0.717228,-0.696838
0.719655,-0.694332
0.719956,-0.694020
0.721351,-0.692569
0.721420,-0.692498
0.722583,-0.691284
0.723026,-0.690821
0.723747,-0.690065
0.724436,-0.689342
0.724825,-0.688934
0.725343,-0.688388
0.725948,-0.687749
0.727707,-0.685889
0.728187,-0.685378
0.730001,-0.683446
0.731493,-0.681849
0.732950,-0.680283
0.733007,-0.680221
0.733029,-0.680198
0.733446,-0.679748
0.733516,-0.679673
0.733846,-0.679316
0.735910,-0.677080
0.737209,-0.675665
0.737564,-0.675277
0.737892,-0.674919
0.738245,-0.674533
0.738785,-0.673941
0.739214,-0.673470
0.739620,-0.673025
0.739779,-0.672850
0.739944,-0.672668
0.740308,-0.672268
0.743767,-0.668439
0.744205,-0.667951
0.745131,-0.666919
0.745478,-0.666531
0.745568,-0.666430
0.745866,-0.666096
0.745914,-0.666042
0.746183,-0.665741
0.747292,-0.664496
0.747637,-0.664107
0.749527,-0.661974
0.749850,-0.661608
0.750599,-0.660758
0.751145,-0.660137
0.752125,-0.659021
0.753061,-0.657950
0.753662,-0.657262
0.754944,-0.655789
0.755279,-0.655403
0.756672,-0.653794
0.758056,-0.652189
0.759475,-0.650536
0.759515,-0.650490
0.759933,-0.650001
0.759949,-0.649982
0.760291,-0.649582
0.760797,-0.648990
0.760885,-0.648887
0.762007,-0.647569
0.762304,-0.647219
0.762663,-0.646796
0.762847,-0.646579
0.762939,-0.646471
0.763031,-0.646362
0.764428,-0.644709
0.765239,-0.643746
0.765367,-0.643594
0.766828,-0.641852
0.767347,-0.641232
0.767491,-0.641059
0.768304,-0.640085
0.770098,-0.637926
0.770397,-0.637564
0.771461,-0.636276
0.771804,-0.635861
0.772537,-0.634970
0.773516,-0.633776
0.774091,-0.633074
0.774959,-0.632011
0.775475,-0.631378
0.775644,-0.631171
0.776355,-0.630296
0.776914,-0.629607
0.776922,-0.629597
0.778156,-0.628071
0.779962,-0.625827
0.780858,-0.624709
0.781850,-0.623466
0.781893,-0.623412
0.782671,-0.622436
0.783053,-0.621955
0.783662,-0.621187
0.784240,-0.620458
0.786068,-0.618141
0.786175,-0.618004
0.786725,-0.617303
0.786866,-0.617124
0.791257,-0.611484
0.792424,-0.609970
0.792771,-0.609519
0.793157,-0.609017
0.793289,-0.608845
0.793376,-0.608732
0.793890,-0.608062
0.795135,-0.606432
0.795261,-0.606268
0.796149,-0.605101
0.796505,-0.604632
0.797833,-0.602878
0.798209,-0.602381
0.798272,-0.602297
0.798698,-0.601732
0.799733,-0.600356
0.799841,-0.600212
0.800320,-0.599574
0.800851,-0.598863
0.800971,-0.598703
0.801307,-0.598254
0.801830,-0.597552
0.802752,-0.596313
0.803003,-0.595975
0.804936,-0.593361
0.805073,-0.593176
0.806960,-0.590606
0.807062,-0.590467
0.807217,-0.590254
0.808431,-0.588592
0.808583,-0.588382
0.809757,-0.586765
0.810643,-0.585541
0.810713,-0.585444
0.810741,-0.585404
0.811103,-0.584904
0.811486,-0.584372
0.811783,-0.583960
0.811861,-0.583851
0.812008,-0.583646
0.813882,-0.581031
0.814097,-0.580729
0.814996,-0.579467
0.815468,-0.578803
0.816294,-0.577637
0.816985,-0.576659
0.817911,-0.575345
0.818227,-0.574896
0.818399,-0.574650
0.818873,-0.573974
0.819193,-0.573519
0.819339,-0.573310
0.819381,-0.573249
0.820487,-0.571666
0.820948,-0.571003
0.821101,-0.570783
0.822475,-0.568801
0.823090,-0.567912
0.823970,-0.566634
0.824101,-0.566443
0.824449,-0.565936
0.825555,-0.564321
0.826280,-0.563260
0.827611,-0.561302
0.828345,-0.560219
0.828615,-0.559819
0.829312,-0.558785
0.829576,-0.558394
0.831115,-0.556100
0.831366,-0.555725
0.831688,-0.555243
0.832414,-0.554155
0.832679,-0.553756
0.833134,-0.553071
0.834780,-0.550583
0.836746,-0.547591
0.837400,-0.546591
0.837605,-0.546277
0.837719,-0.546102
0.837786,-0.545999
0.838838,-0.544381
0.839054,-0.544048
0.839257,-0.543735
0.839477,-0.543395
0.839601,-0.543204
0.839716,-0.543026
0.839897,-0.542746
0.841313,-0.540548
0.842304,-0.539002
0.842449,-0.538775
0.842810,-0.538211
0.843098,-0.537761
0.843871,-0.536545
0.843982,-0.536371
0.843997,-0.536349
0.844602,-0.535395
0.844645,-0.535327
0.845139,-0.534546
0.846318,-0.532678
0.847634,-0.530581
0.847832,-0.530265
0.847893,-0.530167
0.848394,-0.529366
0.848963,-0.528453
0.850526,-0.525933
0.852608,-0.522552
0.853196,-0.521591
0.853817,-0.520574
0.854044,-0.520201
0.854770,-0.519008
0.855421,-0.517933
0.855615,-0.517612
0.859610,-0.510951
0.859848,-0.510550
0.860001,-0.510293
0.860029,-0.510245
0.861833,-0.507193
0.863934,-0.503606
0.864608,-0.502447
0.865688,-0.500585
0.866352,-0.499435
0.867368,-0.497668
0.867703,-0.497082
0.868962,-0.494879
0.869202,-0.494458
0.869233,-0.494403
0.869757,-0.493480
0.871025,-0.491239
0.871520,-0.490361
0.872640,-0.488365
0.874723,-0.484624
0.874729,-0.484612
0.874807,-0.484471
0.876245,-0.481866
0.876248,-0.481861
0.876248,-0.481860
0.876920,-0.480635
0.877246,-0.480041
0.877833,-0.478967
0.878150,-0.478386
0.878423,-0.477883
0.879477,-0.475942
0.880476,-0.474091
0.881136,-0.472863
0.881463,-0.472253
0.882945,-0.469477
0.882958,-0.469451
0.883316,-0.468778
0.884757,-0.466052
0.885105,-0.465391
0.885967,-0.463748
0.886759,-0.462232
0.886966,-0.461835
0.887321,-0.461152
0.888377,-0.459114
0.889055,-0.457800
0.889181,-0.457555
0.889423,-0.457085
0.889573,-0.456794
0.889995,-0.455970
0.891185,-0.453640
0.891661,-0.452704
0.893694,-0.448678
0.893976,-0.448115
0.895952,-0.444151
0.895966,-0.444124
0.896554,-0.442935
0.898642,-0.438683
0.899318,-0.437296
0.899668,-0.436575
0.899882,-0.436134
0.900014,-0.435862
0.900403,-0.435057
0.900639,-0.434569
0.900861,-0.434108
0.901893,-0.431960
0.902005,-0.431725
0.902031,-0.431671
0.903034,-0.429569
0.905705,-0.423909
0.906341,-0.422546
0.907166,-0.420774
0.907236,-0.420622
0.907356,-0.420362
0.908286,-0.418349
0.908393,-0.418118
0.908902,-0.417011
0.909269,-0.416209
0.909297,-0.416149
0.909615,-0.415452
0.910192,-0.414187
0.910342,-0.413857
0.910438,-0.413645
0.910595,-0.413299
0.911245,-0.411864
0.911320,-0.411699
0.911388,-0.411547
0.911534,-0.411224
0.912352,-0.409406
0.913253,-0.407392
0.913347,-0.407182
0.913585,-0.406648
0.914591,-0.404381
0.914851,-0.403792
0.915357,-0.402644
0.915871,-0.401472
0.917589,-0.397530
0.917660,-0.397366
0.917829,-0.396975
0.918038,-0.396493
0.918371,-0.395720
0.918494,-0.395434
0.918524,-0.395366
0.919250,-0.393675
0.919316,-0.393520
0.921829,-0.387597
0.923217,-0.384279
0.924068,-0.382228
0.924594,-0.380953
0.924908,-0.380191
0.925493,-0.378765
0.925956,-0.377631
0.926022,-0.377470
0.926338,-0.376693
0.926485,-0.376332
0.926505,-0.376283
0.926654,-0.375916
0.928529,-0.371260
0.928827,-0.370513
0.929139,-0.369732
0.929509,-0.368800
0.930217,-0.367010
0.930397,-0.366553
0.930724,-0.365723
0.931064,-0.364856
0.931432,-0.363914
0.931512,-0.363711
0.931752,-0.363095
0.932166,-0.362031
0.932447,-0.361306
0.933728,-0.357983
0.934185,-0.356790
0.934435,-0.356133
0.934477,-0.356022
0.934923,-0.354850
0.935470,-0.353406
0.937065,-0.349156
0.937408,-0.348234
0.937986,-0.346674
0.938078,-0.346425
0.938958,-0.344032
0.939717,-0.341954
0.939755,-0.341848
0.940021,-0.341115
0.940061,-0.341007
0.940796,-0.338972
0.941106,-0.338110
0.941156,-0.337972
0.941773,-0.336250
0.941996,-0.335623
0.942304,-0.334757
0.942450,-0.334347
0.942552,-0.334060
0.943507,-0.331351
0.943614,-0.331047
0.943877,-0.330296
0.944384,-0.328846
0.944417,-0.328750
0.944599,-0.328228
0.944805,-0.327634
0.945366,-0.326012
0.946025,-0.324094
0.946550,-0.322556
0.946770,-0.321911
0.947140,-0.320820
0.947398,-0.320057
0.948001,-0.318268
0.948179,-0.317736
0.949991,-0.312277
0.950085,-0.311990
0.950233,-0.311541
0.950397,-0.311039
0.951265,-0.308374
0.951318,-0.308211
0.951364,-0.308068
0.952800,-0.303598
0.953196,-0.302353
0.953502,-0.301386
0.954067,-0.299593
0.954154,-0.299318
0.954164,-0.299285
0.954542,-0.298077
0.954602,-0.297886
0.954754,-0.297396
0.955545,-0.294847
0.955837,-0.293896
0.955849,-0.293860
0.956039,-0.293241
0.956449,-0.291900
0.957211,-0.289392
0.957284,-0.289149
0.957760,-0.287569
0.957950,-0.286936
0.958297,-0.285773
0.958507,-0.285071
0.958551,-0.284920
0.959012,-0.283366
0.959180,-0.282795
0.959765,-0.280805
0.959816,-0.280629
0.960173,-0.279407
0.960335,-0.278850
0.961275,-0.275592
0.961842,-0.273606
0.961896,-0.273416
0.961920,-0.273331
0.962116,-0.272642
0.962142,-0.272547
0.962167,-0.272460
0.962288,-0.272032
0.962850,-0.270037
0.963102,-0.269135
0.963166,-0.268907
0.963395,-0.268086
0.963506,-0.267687
0.963667,-0.267105
0.963936,-0.266132
0.964330,-0.264704
0.964980,-0.262322
0.967272,-0.253741
0.967773,-0.251823
0.967890,-0.251375
0.968103,-0.250553
0.968383,-0.249468
0.968395,-0.249420
0.968397,-0.249415
0.968850,-0.247648
0.969263,-0.246027
0.969416,-0.245424
0.969635,-0.244556
0.970025,-0.243004
0.970124,-0.242610
0.970351,-0.241701
0.970385,-0.241562
0.970584,-0.240762
0.970646,-0.240514
0.970979,-0.239164
0.971065,-0.238817
0.971890,-0.235436
0.972077,-0.234663
0.972110,-0.234525
0.972140,-0.234400
0.972370,-0.233446
0.972759,-0.231817
0.973076,-0.230484
0.974062,-0.226280
0.974064,-0.226272
0.974185,-0.225751
0.974342,-0.225074
0.974525,-0.224278
0.974561,-0.224122
0.974567,-0.224095
0.975527,-0.219878
0.975662,-0.219280
0.976446,-0.215763
0.976562,-0.215238
0.977054,-0.212990
0.977190,-0.212369
0.977248,-0.212099
0.977293,-0.211893
0.977309,-0.211821
0.977389,-0.211447
0.977485,-0.211004
0.977654,-0.210219
0.977900,-0.209075
0.978980,-0.203956
0.979044,-0.203650
0.979228,-0.202764
0.979299,-0.202419
0.979617,-0.200875
0.979686,-0.200539
0.979708,-0.200431
0.980133,-0.198341
0.980273,-0.197648
0.980403,-0.197003
0.980592,-0.196058
0.981393,-0.192011
0.981398,-0.191986
0.981889,-0.189458
0.982332,-0.187144
0.982474,-0.186402
0.983067,-0.183245
0.983335,-0.181803
0.983473,-0.181056
0.983494,-0.180938
0.983591,-0.180415
0.983918,-0.178619
0.984012,-0.178102
0.984240,-0.176836
0.984396,-0.175970
0.984911,-0.173062
0.985163,-0.171622
0.986098,-0.166167
0.986168,-0.165747
0.986251,-0.165256
0.986459,-0.164010
0.986619,-0.163044
0.986638,-0.162929
0.987021,-0.160592
0.987276,-0.159015
0.987853,-0.155389
0.987876,-0.155243
0.988330,-0.152330
0.988528,-0.151036
0.988727,-0.149732
0.988810,-0.149180
0.988988,-0.147996
0.989193,-0.146618
0.989382,-0.145339
0.989405,-0.145181
0.989510,-0.144467
0.989745,-0.142844
0.989779,-0.142611
0.989913,-0.141674
0.989963,-0.141330
0.990329,-0.138741
0.990493,-0.137562
0.990972,-0.134071
0.991096,-0.133147
0.991377,-0.131038
0.991474,-0.130303
0.991727,-0.128364
0.991827,-0.127590
0.991919,-0.126877
0.992254,-0.124223
0.992291,-0.123931
0.992730,-0.120361
0.992751,-0.120191
0.992806,-0.119737
0.993066,-0.117557
0.993120,-0.117102
0.993134,-0.116980
0.993197,-0.116447
0.993611,-0.112863
0.993863,-0.110622
0.993931,-0.110004
0.994188,-0.107662
0.994340,-0.106249
0.994487,-0.104859
0.994666,-0.103143
0.994673,-0.103077
0.994692,-0.102898
0.995008,-0.099791
0.995213,-0.097726
0.995526,-0.094486
0.995731,-0.092307
0.995869,-0.090805
0.996410,-0.084654
0.996563,-0.082842
0.996871,-0.079042
0.997015,-0.077202
0.997054,-0.076699
0.997107,-0.076015
0.997110,-0.075978
0.997128,-0.075736
0.997332,-0.073006
0.997352,-0.072732
0.997372,-0.072449
0.997374,-0.072428
0.997397,-0.072100
0.997415,-0.071859
0.997480,-0.070947
0.997570,-0.069672
0.997705,-0.067716
0.997770,-0.066740
0.997797,-0.066348
0.997900,-0.064779
0.997945,-0.064075
0.997993,-0.063317
0.998144,-0.060901
0.998163,-0.060588
0.998198,-0.060012
0.998321,-0.057925
0.998390,-0.056725
0.998393,-0.056678
0.998405,-0.056456
0.998472,-0.055267
0.998489,-0.054948
0.998567,-0.053521
0.998678,-0.051397
0.998746,-0.050071
0.998942,-0.045986
0.998955,-0.045706
0.999105,-0.042292
0.999123,-0.041863
0.999181,-0.040464
0.999281,-0.037918
0.999305,-0.037271
0.999309,-0.037156
0.999406,-0.034465
0.999417,-0.034141
0.999529,-0.030680
0.999543,-0.030219
0.999563,-0.029565
0.999612,-0.027864
0.999636,-0.026978
0.999639,-0.026875
0.999639,-0.026864
0.999653,-0.026330
0.999653,-0.026328
0.999668,-0.025748
0.999704,-0.024331
0.999881,-0.015418
0.999885,-0.015138
0.999886,-0.015109
0.999894,-0.014575
0.999899,-0.014213
0.999916,-0.012990
0.999921,-0.012580
0.999941,-0.010848
0.999988,-0.004991
0.999992,-0.004079
0.999995,-0.003217
0.999999,-0.001178
1.000000,-0.000723
