0.999983,0.005850
0.999952,0.009759
0.999711,0.024039
0.999639,0.026868
0.999534,0.030533
0.999520,0.030967
0.999402,0.034592
0.998550,0.053832
0.997866,0.065302
0.996318,0.085736
0.996282,0.086148
0.994945,0.100417
0.994841,0.101445
0.994381,0.105861
0.994223,0.107330
0.993868,0.110569
0.993255,0.115947
0.991532,0.129860
0.990192,0.139710
0.988514,0.151131
0.987683,0.156470
0.986412,0.164288
0.983801,0.179265
0.979207,0.202865
0.979091,0.203422
0.977438,0.211225
0.975517,0.219924
0.974972,0.222330
0.974929,0.222518
0.974709,0.223478
0.973541,0.228512
0.968412,0.249354
0.968159,0.250336
0.966832,0.255413
0.964870,0.262727
0.964628,0.263616
0.961581,0.274521
0.961363,0.275283
0.948352,0.317220
0.943604,0.331077
0.937017,0.349283
0.932654,0.360771
0.929510,0.368797
0.929225,0.369514
0.928324,0.371771
0.925624,0.378445
0.916063,0.401034
0.915869,0.401477
0.915346,0.402668
0.911809,0.410615
0.908199,0.418539
0.905976,0.423330
0.897774,0.440457
0.896437,0.443172
0.890368,0.455242
0.884083,0.467331
0.872987,0.487744
0.869082,0.494669
0.866841,0.498585
0.861090,0.508453
0.856682,0.515845
0.853517,0.521065
0.848754,0.528788
0.844665,0.535295
0.830011,0.557747
0.826906,0.562340
0.821731,0.569876
0.819082,0.573677
0.816664,0.577114
0.797856,0.602848
0.796626,0.604472
0.793404,0.608696
0.792780,0.609508
0.776678,0.629898
0.772260,0.635307
0.767852,0.640627
0.763147,0.646225
0.757803,0.652484
0.754424,0.656387
0.753626,0.657303
0.746971,0.664857
0.746709,0.665151
0.734640,0.678457
0.730815,0.682576
0.726969,0.686670
0.714408,0.699729
0.701682,0.712490
0.696153,0.717893
0.692022,0.721876
0.679150,0.734000
0.670670,0.741756
0.665478,0.746418
0.663493,0.748183
0.651963,0.758251
0.645929,0.763397
0.638659,0.769490
0.629266,0.777190
0.624591,0.780952
0.622202,0.782856
0.619755,0.784796
0.619181,0.785248
0.615493,0.788142
0.614971,0.788550
0.596757,0.802422
0.583935,0.811800
0.581428,0.813598
0.559437,0.828873
0.553301,0.832981
0.550142,0.835071
0.533572,0.845755
0.526742,0.850025
0.523542,0.852000
0.520723,0.853726
0.518571,0.855035
0.518063,0.855342
0.512593,0.858632
0.509296,0.860592
0.507491,0.861657
0.488257,0.872700
0.484488,0.874798
0.455406,0.890284
0.448762,0.893651
0.441645,0.897190
0.434677,0.900586
0.417637,0.908614
0.416810,0.908994
0.411720,0.911311
0.405642,0.914032
0.394963,0.918697
0.390316,0.920681
0.374137,0.927373
0.364213,0.931316
0.357537,0.933899
0.342994,0.939338
0.330316,0.943870
0.329589,0.944125
0.326673,0.945137
0.310348,0.950623
0.307189,0.951649
0.306943,0.951728
0.257038,0.966401
0.245520,0.969392
0.227923,0.973679
0.214392,0.976748
0.201438,0.979501
0.189887,0.981806
0.183339,0.983050
0.163370,0.986565
0.161224,0.986918
0.157463,0.987525
0.155274,0.987871
0.151289,0.988490
0.150560,0.988601
0.148528,0.988908
0.114417,0.993433
0.107596,0.994195
0.099336,0.995054
0.081089,0.996707
0.079967,0.996797
0.079066,0.996869
0.078318,0.996928
0.075883,0.997117
0.059611,0.998222
0.057862,0.998325
0.055706,0.998447
0.048092,0.998843
0.034105,0.999418
0.007954,0.999968
-0.002502,0.999997
-0.009178,0.999958
-0.015260,0.999884
-0.016104,0.999870
-0.059577,0.998224
-0.065677,0.997841
-0.066369,0.997795
-0.079306,0.996850
-0.082353,0.996603
-0.107391,0.994217
-0.108870,0.994056
-0.119037,0.992890
-0.132195,0.991224
-0.132950,0.991123
-0.137403,0.990515
-0.148062,0.988978
-0.170278,0.985396
-0.172389,0.985029
-0.177048,0.984202
-0.182609,0.983186
-0.197168,0.980370
-0.201159,0.979559
-0.211008,0.977484
-0.214192,0.976792
-0.218933,0.975740
-0.222666,0.974895
-0.225106,0.974334
-0.248006,0.968759
-0.252565,0.967580
-0.254292,0.967128
-0.271608,0.962408
-0.279888,0.960033
-0.291836,0.956468
-0.293605,0.955927
-0.304133,0.952630
-0.307005,0.951708
-0.313687,0.949527
-0.321508,0.946907
-0.322894,0.946435
-0.335729,0.941959
-0.351219,0.936293
-0.362789,0.931871
-0.363010,0.931785
-0.368866,0.929483
-0.374604,0.927185
-0.376543,0.926399
-0.392309,0.919833
-0.402931,0.915230
-0.403326,0.915057
-0.411596,0.911366
-0.416109,0.909315
-0.422864,0.906193
-0.429608,0.903016
-0.454047,0.890978
-0.455400,0.890287
-0.460632,0.887591
-0.464494,0.885576
-0.470724,0.882280
-0.481441,0.876479
-0.487390,0.873184
-0.504800,0.863236
-0.510645,0.859792
-0.521308,0.853369
-0.526351,0.850267
-0.531590,0.847002
-0.548302,0.836280
-0.561980,0.827151
-0.567729,0.823216
-0.603762,0.797165
-0.614733,0.788735
-0.625836,0.779954
-0.651337,0.758789
-0.657248,0.753674
-0.666897,0.745150
-0.673957,0.738770
-0.677170,0.735826
-0.678783,0.734339
-0.685344,0.728220
-0.700368,0.713782
-0.700931,0.713229
-0.705864,0.708347
-0.715670,0.698439
-0.718486,0.695541
-0.724817,0.688941
-0.750491,0.660881
-0.753528,0.657416
-0.761849,0.647755
-0.768683,0.639630
-0.785256,0.619172
-0.791933,0.610608
-0.792403,0.609998
-0.799932,0.600091
-0.805090,0.593152
-0.811538,0.584300
-0.812412,0.583084
-0.819928,0.572466
-0.819959,0.572422
-0.832147,0.554555
-0.833656,0.552284
-0.835568,0.549387
-0.864788,0.502137
-0.872669,0.488313
-0.880973,0.473166
-0.881483,0.472216
-0.883432,0.468559
-0.886637,0.462465
-0.887266,0.461259
-0.891528,0.452965
-0.893330,0.449401
-0.899131,0.437680
-0.902716,0.430237
-0.902992,0.429658
-0.907233,0.420629
-0.910197,0.414175
-0.912679,0.408677
-0.914155,0.405364
-0.915341,0.402680
-0.915796,0.401643
-0.921583,0.388180
-0.929632,0.368488
-0.930690,0.365810
-0.935457,0.353440
-0.938504,0.345268
-0.946599,0.322414
-0.948135,0.317867
-0.957284,0.289151
-0.957854,0.287255
-0.960387,0.278671
-0.961264,0.275629
-0.968871,0.247567
-0.969330,0.245762
-0.969789,0.243944
-0.970546,0.240915
-0.972399,0.233325
-0.973528,0.228566
-0.973757,0.227588
-0.977600,0.210472
-0.980279,0.197617
-0.981060,0.193703
-0.981589,0.191003
-0.987214,0.159400
-0.987382,0.158359
-0.988180,0.153301
-0.989063,0.147495
-0.989276,0.146060
-0.990465,0.137764
-0.990505,0.137480
-0.990970,0.134087
-0.994768,0.102163
-0.995169,0.098175
-0.996054,0.088750
-0.997176,0.075100
-0.997807,0.066187
-0.998269,0.058810
-0.998397,0.056603
-0.998465,0.055385
-0.998794,0.049089
-0.998834,0.048268
-0.999258,0.038512
-0.999517,0.031079
-0.999698,0.024571
-0.999994,-0.003349
-0.999927,-0.012107
-0.999868,-0.016257
-0.999671,-0.025646
-0.999226,-0.039346
-0.998672,-0.051520
-0.998591,-0.053061
-0.997457,-0.071276
-0.997393,-0.072167
-0.997368,-0.072501
-0.997229,-0.074387
-0.996927,-0.078331
-0.996667,-0.081581
-0.996608,-0.082293
-0.995722,-0.092398
-0.993597,-0.112983
-0.992679,-0.120783
-0.992505,-0.122205
-0.992423,-0.122868
-0.986952,-0.161012
-0.984271,-0.176668
-0.983746,-0.179567
-0.982224,-0.187711
-0.980291,-0.197560
-0.978617,-0.205693
-0.977538,-0.210758
-0.976233,-0.216725
-0.975083,-0.221840
-0.973919,-0.226896
-0.973419,-0.229029
-0.972806,-0.231623
-0.971825,-0.235702
-0.970046,-0.242920
-0.968197,-0.250188
-0.968051,-0.250755
-0.965745,-0.259492
-0.964289,-0.264852
-0.964280,-0.264884
-0.961497,-0.274817
-0.961194,-0.275875
-0.959917,-0.280284
-0.958805,-0.284065
-0.958798,-0.284089
-0.958543,-0.284948
-0.956638,-0.291281
-0.954703,-0.297561
-0.951199,-0.308579
-0.948798,-0.315882
-0.947801,-0.318861
-0.945031,-0.326980
-0.944656,-0.328062
-0.944011,-0.329913
-0.941436,-0.337192
-0.941021,-0.338347
-0.940440,-0.339958
-0.936043,-0.351884
-0.935549,-0.353198
-0.935139,-0.354280
-0.934980,-0.354701
-0.931505,-0.363728
-0.931455,-0.363857
-0.929125,-0.369766
-0.926882,-0.375353
-0.923610,-0.383334
-0.922561,-0.385851
-0.920400,-0.390978
-0.914373,-0.404874
-0.912897,-0.408190
-0.910136,-0.414310
-0.909149,-0.416472
-0.908021,-0.418924
-0.903073,-0.429488
-0.895683,-0.444692
-0.893698,-0.448669
-0.889780,-0.456391
-0.888504,-0.458868
-0.886070,-0.463552
-0.885794,-0.464079
-0.880171,-0.474657
-0.873878,-0.486146
-0.871678,-0.490079
-0.870644,-0.491914
-0.867669,-0.497143
-0.864238,-0.503083
-0.863789,-0.503854
-0.862252,-0.506479
-0.861259,-0.508167
-0.860092,-0.510139
-0.856694,-0.515826
-0.799816,-0.600245
-0.791910,-0.610638
-0.786708,-0.617325
-0.785728,-0.618572
-0.772241,-0.635330
-0.749113,-0.662442
-0.742928,-0.669371
-0.737460,-0.675391
-0.732925,-0.680309
-0.728137,-0.685432
-0.719191,-0.694812
-0.714837,-0.699291
-0.707634,-0.706579
-0.697609,-0.716478
-0.693920,-0.720052
-0.688386,-0.725344
-0.687255,-0.726416
-0.684075,-0.729412
-0.682487,-0.730897
-0.664724,-0.747089
-0.661950,-0.749548
-0.652649,-0.757661
-0.649432,-0.760419
-0.636598,-0.771196
-0.624405,-0.781101
-0.616677,-0.787216
-0.599695,-0.800228
-0.565523,-0.824733
-0.549835,-0.835273
-0.547181,-0.837015
-0.536546,-0.843871
-0.509403,-0.860528
-0.496648,-0.867952
-0.495793,-0.868441
-0.495042,-0.868869
-0.488933,-0.872321
-0.488842,-0.872372
-0.486846,-0.873488
-0.483413,-0.875393
-0.460528,-0.887645
-0.446605,-0.894731
-0.441095,-0.897460
-0.436506,-0.899701
-0.435037,-0.900412
-0.410035,-0.912070
-0.409092,-0.912493
-0.407735,-0.913100
-0.406757,-0.913537
-0.400856,-0.916141
-0.397002,-0.917818
-0.388287,-0.921539
-0.377466,-0.926023
-0.376299,-0.926498
-0.372726,-0.927941
-0.372671,-0.927963
-0.368197,-0.929748
-0.360473,-0.932770
-0.357741,-0.933821
-0.354952,-0.934884
-0.354343,-0.935115
-0.351186,-0.936306
-0.344344,-0.938843
-0.341493,-0.939884
-0.338717,-0.940888
-0.333870,-0.942619
-0.321932,-0.946763
-0.283300,-0.959031
-0.280418,-0.959878
-0.279963,-0.960011
-0.279432,-0.960165
-0.266790,-0.963755
-0.243365,-0.969935
-0.241608,-0.970374
-0.237959,-0.971275
-0.237094,-0.971487
-0.234258,-0.972174
-0.225367,-0.974274
-0.224721,-0.974423
-0.219582,-0.975594
-0.215862,-0.976424
-0.211914,-0.977288
-0.211633,-0.977349
-0.201302,-0.979529
-0.196475,-0.980509
-0.193041,-0.981191
-0.184108,-0.982906
-0.178055,-0.984021
-0.165197,-0.986261
-0.154838,-0.987940
-0.152480,-0.988307
-0.139250,-0.990257
-0.137957,-0.990438
-0.127047,-0.991897
-0.124753,-0.992188
-0.114900,-0.993377
-0.108247,-0.994124
-0.105679,-0.994400
-0.078676,-0.996900
-0.066695,-0.997773
-0.063186,-0.998002
-0.058443,-0.998291
-0.039740,-0.999210
-0.019283,-0.999814
-0.018803,-0.999823
-0.016273,-0.999868
0.017033,-0.999855
0.017042,-0.999855
0.019759,-0.999805
0.020108,-0.999798
0.059939,-0.998202
0.060880,-0.998145
0.065796,-0.997833
0.071232,-0.997460
0.073766,-0.997276
0.103989,-0.994578
0.109203,-0.994019
0.123823,-0.992304
0.126778,-0.991931
0.140213,-0.990121
0.159419,-0.987211
0.160109,-0.987099
0.167194,-0.985924
0.189620,-0.981858
0.196805,-0.980443
0.201868,-0.979413
0.220871,-0.975303
0.221862,-0.975078
0.227920,-0.973680
0.247242,-0.968954
0.251428,-0.967876
0.255096,-0.966916
0.259065,-0.965860
0.271010,-0.962577
0.279600,-0.960117
0.283106,-0.959089
0.315550,-0.948909
0.321121,-0.947038
0.334705,-0.942323
0.337065,-0.941481
0.337432,-0.941350
0.357507,-0.933910
0.381331,-0.924438
0.398355,-0.917231
0.409706,-0.912218
0.412345,-0.911028
0.427799,-0.903874
0.448271,-0.893898
0.448714,-0.893675
0.462506,-0.886616
0.465505,-0.885045
0.472160,-0.881513
0.480679,-0.876897
0.483261,-0.875476
0.490053,-0.871693
0.490182,-0.871620
0.491734,-0.870745
0.494127,-0.869390
0.495213,-0.868772
0.505838,-0.862628
0.506425,-0.862284
0.510335,-0.859976
0.514111,-0.857724
0.523908,-0.851775
0.525379,-0.850868
0.528777,-0.848761
0.530049,-0.847967
0.531565,-0.847018
0.536472,-0.843918
0.539845,-0.841765
0.551663,-0.834067
0.562939,-0.826498
0.565881,-0.824487
0.572421,-0.819960
0.581496,-0.813549
0.593841,-0.804582
0.593996,-0.804468
0.596507,-0.802608
0.604240,-0.796803
0.625261,-0.780416
0.640920,-0.767608
0.658537,-0.752548
0.663798,-0.747912
0.665276,-0.746598
0.665418,-0.746471
0.667725,-0.744408
0.670604,-0.741816
0.682487,-0.730897
0.698748,-0.715367
0.707864,-0.706349
0.709333,-0.704874
0.709689,-0.704515
0.720772,-0.693172
0.722911,-0.690941
0.727575,-0.686028
0.729894,-0.683561
0.739353,-0.673319
0.746637,-0.665232
0.758242,-0.651973
0.763843,-0.645402
0.764982,-0.644051
0.777241,-0.629203
0.782818,-0.622250
0.783718,-0.621117
0.783784,-0.621034
0.797313,-0.603566
0.799499,-0.600668
0.821010,-0.570914
0.827859,-0.560936
0.834793,-0.550564
0.836867,-0.547406
0.847934,-0.530102
0.852887,-0.522095
0.853126,-0.521705
0.854671,-0.519169
0.861721,-0.507382
0.861896,-0.507085
0.862865,-0.505434
0.867853,-0.496821
0.868173,-0.496263
0.869206,-0.494450
0.869604,-0.493749
0.871115,-0.491079
0.873493,-0.486837
0.880392,-0.474246
0.883282,-0.468842
0.887411,-0.460979
0.887846,-0.460140
0.892500,-0.451047
0.905230,-0.424921
0.907351,-0.420375
0.910229,-0.414105
0.913656,-0.406487
0.918301,-0.395882
0.922420,-0.386189
0.923021,-0.384749
0.926965,-0.375148
0.930386,-0.366582
0.930919,-0.365225
0.935287,-0.353891
0.940010,-0.341148
0.940791,-0.338986
0.943140,-0.332395
0.943558,-0.331207
0.944066,-0.329755
0.948956,-0.315409
0.953052,-0.302807
0.956107,-0.293018
0.956558,-0.291541
0.960971,-0.276649
0.962716,-0.270515
0.966744,-0.255745
0.967109,-0.254362
0.968032,-0.250829
0.972785,-0.231709
0.973510,-0.228646
0.976819,-0.214067
0.979781,-0.200073
0.982480,-0.186367
0.984478,-0.175510
0.984483,-0.175480
0.985741,-0.168270
0.985871,-0.167507
0.985933,-0.167138
0.987427,-0.158078
0.991057,-0.133437
0.991531,-0.129872
0.992460,-0.122571
0.994035,-0.109064
0.995908,-0.090368
0.996855,-0.079247
0.996925,-0.078358
0.997057,-0.076661
0.997996,-0.063283
0.998129,-0.061150
0.998831,-0.048349
0.999230,-0.039245
0.999396,-0.034745
0.999846,-0.017566
0.999863,-0.016548
0.999874,-0.015854
0.999982,-0.006018
1.000000,-0.000671
