1.000000,0.000859
0.999998,0.001786
0.999997,0.002546
0.999997,0.002629
0.999997,0.002631
0.999994,0.003419
0.999977,0.006775
0.999970,0.007781
0.999966,0.008248
0.999964,0.008466
0.999940,0.010940
0.999936,0.011348
0.999926,0.012153
0.999919,0.012700
0.999883,0.015268
0.999868,0.016221
0.999864,0.016521
0.999835,0.018150
0.999725,0.023468
0.999715,0.023876
0.999694,0.024734
0.999680,0.025296
0.999663,0.025974
0.999652,0.026388
0.999635,0.027022
0.999619,0.027614
0.999575,0.029160
0.999544,0.030210
0.999525,0.030821
0.999385,0.035073
0.999232,0.039180
0.999153,0.041140
0.999132,0.041649
0.999056,0.043441
0.999032,0.043984
0.998984,0.045066
0.998889,0.047131
0.998685,0.051259
0.998617,0.052576
0.998594,0.053001
0.998563,0.053591
0.998537,0.054082
0.998458,0.055517
0.998310,0.058115
0.998301,0.058270
0.998251,0.059115
0.998127,0.061177
0.998079,0.061951
0.998018,0.062928
0.998014,0.062986
0.998005,0.063136
0.998002,0.063175
0.997991,0.063354
0.997964,0.063774
0.997961,0.063819
0.997940,0.064158
0.997939,0.064170
0.997931,0.064299
0.997915,0.064534
0.997869,0.065256
0.997763,0.066853
0.997582,0.069503
0.997459,0.071243
0.997435,0.071573
0.997414,0.071874
0.997299,0.073455
0.997131,0.075694
0.997064,0.076572
0.996993,0.077494
0.996696,0.081220
0.996594,0.082471
0.996572,0.082727
0.996219,0.086879
0.995970,0.089685
0.995966,0.089729
0.995844,0.091072
0.995247,0.097378
0.995112,0.098753
0.995016,0.099720
0.994971,0.100160
0.994550,0.104261
0.994317,0.106460
0.994244,0.107143
0.994225,0.107320
0.994146,0.108047
0.994095,0.108513
0.994075,0.108695
0.994051,0.108919
0.993883,0.110439
0.993873,0.110531
0.993860,0.110648
0.993680,0.112250
0.993607,0.112897
0.993606,0.112904
0.993139,0.116939
0.992301,0.123846
0.992237,0.124359
0.992066,0.125714
0.991925,0.126829
0.991659,0.128889
0.991364,0.131137
0.991220,0.132223
0.991147,0.132771
0.990927,0.134399
0.990850,0.134966
0.990751,0.135694
0.990390,0.138302
0.990390,0.138303
0.990379,0.138383
0.990324,0.138775
0.990128,0.140169
0.989737,0.142899
0.989506,0.144491
0.989268,0.146112
0.989177,0.146728
0.989156,0.146871
0.988864,0.148823
0.988084,0.153916
0.987747,0.156066
0.987230,0.159304
0.986688,0.162626
0.986382,0.164473
0.986014,0.166661
0.986000,0.166744
0.985366,0.170451
0.984932,0.172941
0.984643,0.174583
0.984585,0.174908
0.984529,0.175223
0.984452,0.175653
0.984118,0.177514
0.983744,0.179579
0.983695,0.179842
0.982942,0.183917
0.982467,0.186438
0.982226,0.187705
0.982140,0.188150
0.981944,0.189174
0.981619,0.190853
0.981540,0.191257
0.981407,0.191937
0.981294,0.192516
0.981288,0.192547
0.980513,0.196453
0.980480,0.196621
0.980204,0.197989
0.980081,0.198599
0.980067,0.198665
0.979999,0.199004
0.979970,0.199145
0.979161,0.203084
0.978545,0.206031
0.978527,0.206121
0.978202,0.207656
0.978145,0.207925
0.977625,0.210358
0.977619,0.210381
0.977618,0.210386
0.977511,0.210884
0.977241,0.212132
0.976857,0.213892
0.976435,0.215813
0.975816,0.218595
0.975535,0.219843
0.975518,0.219919
0.974688,0.223569
0.973148,0.230180
0.973036,0.230655
0.972938,0.231065
0.972760,0.231815
0.972454,0.233095
0.971371,0.237568
0.970870,0.239606
0.969583,0.244761
0.969562,0.244844
0.968794,0.247868
0.968518,0.248945
0.967393,0.253281
0.966688,0.255959
0.966667,0.256038
0.966405,0.257025
0.966076,0.258258
0.964980,0.262323
0.964584,0.263774
0.963873,0.266362
0.960995,0.276566
0.960766,0.277361
0.960637,0.277807
0.960403,0.278615
0.960247,0.279150
0.959698,0.281033
0.959450,0.281878
0.959361,0.282183
0.959313,0.282343
0.959280,0.282458
0.959006,0.283384
0.957732,0.287663
0.957496,0.288446
0.956625,0.291321
0.956538,0.291608
0.955933,0.293583
0.955840,0.293887
0.955164,0.296079
0.954699,0.297572
0.954485,0.298260
0.953965,0.299917
0.953292,0.302052
0.953272,0.302115
0.953091,0.302685
0.951788,0.306756
0.950311,0.311301
0.949843,0.312728
0.949794,0.312877
0.949379,0.314132
0.948117,0.317920
0.947848,0.318722
0.947808,0.318841
0.947742,0.319037
0.947467,0.319854
0.947289,0.320380
0.947131,0.320847
0.946264,0.323395
0.946258,0.323413
0.945851,0.324600
0.945843,0.324625
0.945194,0.326509
0.945157,0.326616
0.945139,0.326670
0.945082,0.326834
0.945002,0.327064
0.944972,0.327153
0.942827,0.333283
0.942504,0.334195
0.942383,0.334537
0.942308,0.334748
0.942085,0.335373
0.942046,0.335485
0.941042,0.338289
0.940477,0.339857
0.940168,0.340710
0.938871,0.344268
0.938653,0.344863
0.938220,0.346041
0.938061,0.346471
0.937664,0.347543
0.937153,0.348920
0.937109,0.349037
0.935750,0.352665
0.935467,0.353415
0.935194,0.354136
0.934871,0.354988
0.934812,0.355142
0.934627,0.355630
0.934381,0.356276
0.934089,0.357041
0.933573,0.358387
0.931031,0.364941
0.930812,0.365499
0.930462,0.366388
0.929517,0.368780
0.929374,0.369140
0.928142,0.372225
0.927900,0.372830
0.927722,0.373272
0.927514,0.373788
0.927311,0.374292
0.926567,0.376129
0.926420,0.376491
0.925817,0.377972
0.925549,0.378627
0.925093,0.379741
0.924803,0.380446
0.924066,0.382233
0.923000,0.384800
0.922814,0.385247
0.921864,0.387513
0.921213,0.389058
0.920970,0.389634
0.919895,0.392164
0.916731,0.399506
0.916038,0.401091
0.915896,0.401417
0.914948,0.403572
0.914915,0.403646
0.913369,0.407133
0.913081,0.407778
0.912641,0.408762
0.912565,0.408931
0.911981,0.410232
0.911804,0.410625
0.911230,0.411899
0.910560,0.413376
0.910072,0.414449
0.909597,0.415492
0.908839,0.417146
0.907160,0.420786
0.906934,0.421273
0.906716,0.421742
0.906207,0.422835
0.904744,0.425956
0.904447,0.426585
0.904042,0.427443
0.903315,0.428978
0.903097,0.429437
0.902833,0.429992
0.902167,0.431387
0.902148,0.431426
0.901646,0.432475
0.900153,0.435575
0.899948,0.435998
0.899048,0.437850
0.898239,0.439507
0.897122,0.441783
0.895052,0.445963
0.894583,0.446902
0.894563,0.446941
0.891941,0.452151
0.891428,0.453163
0.891051,0.453903
0.888513,0.458851
0.885597,0.464454
0.885576,0.464495
0.885524,0.464594
0.884133,0.467234
0.883823,0.467821
0.881536,0.472118
0.880573,0.473911
0.880220,0.474567
0.879669,0.475586
0.879369,0.476141
0.877581,0.479429
0.877531,0.479520
0.876815,0.480828
0.875523,0.483177
0.875402,0.483396
0.875377,0.483441
0.874827,0.484436
0.872970,0.487773
0.872375,0.488838
0.871544,0.490318
0.870996,0.491290
0.870623,0.491951
0.869815,0.493377
0.868926,0.494942
0.868467,0.495748
0.867115,0.498108
0.866145,0.499793
0.865465,0.500969
0.865253,0.501335
0.865184,0.501454
0.864704,0.502282
0.863231,0.504809
0.860667,0.509168
0.858130,0.513433
0.857851,0.513898
0.857756,0.514057
0.855344,0.518060
0.854544,0.519378
0.852815,0.522213
0.852566,0.522619
0.852356,0.522962
0.850847,0.525414
0.850803,0.525484
0.850333,0.526245
0.849359,0.527815
0.849057,0.528302
0.848412,0.529336
0.847758,0.530384
0.847425,0.530916
0.847406,0.530945
0.847289,0.531132
0.846946,0.531679
0.846443,0.532479
0.844795,0.535089
0.843833,0.536607
0.843442,0.537220
0.839270,0.543714
0.838430,0.545010
0.837708,0.546118
0.837008,0.547190
0.836605,0.547807
0.836376,0.548156
0.836163,0.548481
0.832652,0.553797
0.831530,0.555479
0.831454,0.555593
0.831030,0.556228
0.830860,0.556482
0.830440,0.557108
0.830199,0.557468
0.829349,0.558731
0.829178,0.558985
0.829116,0.559076
0.825349,0.564622
0.823543,0.567254
0.822867,0.568233
0.821841,0.569717
0.820202,0.572074
0.819132,0.573605
0.818375,0.574685
0.818041,0.575160
0.817419,0.576043
0.817366,0.576118
0.816979,0.576667
0.816600,0.577204
0.816342,0.577569
0.815973,0.578089
0.814295,0.580452
0.812410,0.583087
0.810741,0.585406
0.810715,0.585442
0.809579,0.587011
0.809538,0.587068
0.809075,0.587705
0.808816,0.588062
0.807263,0.590192
0.806842,0.590767
0.805008,0.593264
0.804365,0.594136
0.803325,0.595540
0.803025,0.595946
0.802930,0.596073
0.802475,0.596686
0.800875,0.598831
0.799671,0.600439
0.799444,0.600741
0.798360,0.602180
0.796917,0.604088
0.796911,0.604097
0.795727,0.605656
0.794888,0.606756
0.792635,0.609696
0.791848,0.610719
0.791203,0.611554
0.791163,0.611605
0.790795,0.612081
0.789968,0.613148
0.789789,0.613379
0.789516,0.613730
0.785517,0.618840
0.781795,0.623536
0.781504,0.623901
0.780908,0.624646
0.778386,0.627786
0.776515,0.630099
0.774998,0.631963
0.774646,0.632395
0.774189,0.632955
0.773886,0.633325
0.772822,0.634623
0.772281,0.635281
0.771398,0.636353
0.770969,0.636873
0.770396,0.637566
0.769222,0.638981
0.769120,0.639104
0.765949,0.642902
0.765796,0.643083
0.763201,0.646161
0.762872,0.646550
0.761670,0.647965
0.761547,0.648109
0.761035,0.648711
0.760639,0.649175
0.756721,0.653738
0.755656,0.654968
0.754315,0.656512
0.753170,0.657825
0.752502,0.658590
0.751645,0.659567
0.750667,0.660681
0.749769,0.661700
0.749132,0.662420
0.747735,0.663998
0.746456,0.665435
0.745684,0.666300
0.745495,0.666511
0.744936,0.667136
0.744893,0.667184
0.744535,0.667583
0.739047,0.673654
0.738792,0.673934
0.738510,0.674243
0.737946,0.674860
0.734831,0.678250
0.732880,0.680358
0.732815,0.680428
0.732733,0.680516
0.731954,0.681354
0.731472,0.681871
0.730857,0.682531
0.730248,0.683182
0.725336,0.688395
0.724988,0.688761
0.724631,0.689137
0.722649,0.691216
0.722228,0.691655
0.721840,0.692060
0.721218,0.692708
0.720361,0.693599
0.720069,0.693902
0.719763,0.694220
0.718126,0.695913
0.716553,0.697533
0.716287,0.697806
0.714951,0.699175
0.714051,0.700094
0.713831,0.700318
0.713718,0.700433
0.710798,0.703397
0.710276,0.703923
0.710077,0.704124
0.706132,0.708080
0.705251,0.708958
0.704830,0.709376
0.703834,0.710364
0.701999,0.712178
0.700141,0.714004
0.700112,0.714033
0.697910,0.716185
0.697720,0.716371
0.695376,0.718646
0.694095,0.719884
0.694071,0.719906
0.693200,0.720746
0.693186,0.720758
0.692576,0.721345
0.692569,0.721352
0.688437,0.725296
0.687359,0.726318
0.686179,0.727433
0.685242,0.728315
0.684019,0.729464
0.681445,0.731870
0.680642,0.732616
0.680088,0.733131
0.679986,0.733225
0.679700,0.733490
0.679448,0.733723
0.679039,0.734102
0.677913,0.735142
0.676056,0.736851
0.674904,0.737905
0.666914,0.745135
0.662538,0.749028
0.661856,0.749631
0.661673,0.749793
0.660671,0.750676
0.660247,0.751049
0.657795,0.753197
0.657051,0.753846
0.653491,0.756934
0.653478,0.756946
0.650157,0.759800
0.648625,0.761108
0.647628,0.761957
0.647179,0.762338
0.646953,0.762530
0.645698,0.763593
0.644512,0.764594
0.640015,0.768362
0.638068,0.769980
0.636135,0.771578
0.635864,0.771801
0.635677,0.771955
0.635402,0.772182
0.635126,0.772409
0.634736,0.772729
0.631488,0.775385
0.631335,0.775510
0.631053,0.775740
0.629975,0.776616
0.626825,0.779160
0.626641,0.779308
0.626358,0.779536
0.626214,0.779651
0.625179,0.780481
0.622848,0.782343
0.622111,0.782929
0.621974,0.783038
0.621915,0.783085
0.618209,0.786013
0.617687,0.786424
0.614358,0.789027
0.602793,0.797897
0.602693,0.797974
0.601499,0.798874
0.600612,0.799541
0.600055,0.799959
0.598665,0.801000
0.597144,0.802134
0.595021,0.803710
0.594632,0.803998
0.594194,0.804322
0.593903,0.804536
0.591986,0.805948
0.591587,0.806241
0.590140,0.807301
0.589205,0.807983
0.587338,0.809342
0.583482,0.812126
0.582532,0.812808
0.581850,0.813296
0.580879,0.813990
0.580741,0.814089
0.580442,0.814302
0.579938,0.814660
0.579734,0.814806
0.579239,0.815158
0.578186,0.815905
0.577538,0.816364
0.577329,0.816512
0.577072,0.816693
0.576287,0.817247
0.575520,0.817787
0.571099,0.820881
0.570882,0.821032
0.570018,0.821632
0.569876,0.821731
0.568004,0.823026
0.564363,0.825527
0.564205,0.825635
0.563883,0.825855
0.563603,0.826046
0.563384,0.826195
0.561507,0.827472
0.559603,0.828761
0.557613,0.830101
0.557105,0.830442
0.556415,0.830905
0.555580,0.831463
0.553515,0.832839
0.553408,0.832910
0.553324,0.832966
0.552658,0.833408
0.552640,0.833420
0.551662,0.834068
0.551625,0.834092
0.551624,0.834093
0.550492,0.834840
0.549196,0.835694
0.544548,0.838729
0.543633,0.839323
0.541972,0.840397
0.539776,0.841809
0.538257,0.842781
0.534863,0.844939
0.531504,0.847056
0.530168,0.847893
0.528393,0.849000
0.525088,0.851048
0.523278,0.852162
0.519639,0.854386
0.517744,0.855535
0.514977,0.857204
0.514136,0.857709
0.513836,0.857888
0.511483,0.859293
0.509840,0.860269
0.509775,0.860308
0.505080,0.863072
0.502481,0.864588
0.500863,0.865527
0.499665,0.866219
0.499580,0.866268
0.496955,0.867776
0.493708,0.869628
0.492666,0.870219
0.492080,0.870550
0.490008,0.871718
0.486968,0.873420
0.486817,0.873504
0.485040,0.874492
0.482108,0.876112
0.480202,0.877158
0.480001,0.877268
0.478575,0.878047
0.476997,0.878905
0.476233,0.879319
0.474816,0.880085
0.474448,0.880283
0.472845,0.881146
0.472300,0.881438
0.471392,0.881924
0.465512,0.885042
0.463981,0.885845
0.463589,0.886050
0.462997,0.886360
0.462773,0.886477
0.462367,0.886689
0.460196,0.887817
0.460027,0.887905
0.459607,0.888122
0.456144,0.889906
0.455554,0.890208
0.454125,0.890938
0.453754,0.891127
0.451726,0.892157
0.449774,0.893142
0.447863,0.894102
0.443061,0.896491
0.442877,0.896582
0.442820,0.896611
0.440252,0.897874
0.440083,0.897957
0.439330,0.898326
0.438200,0.898877
0.436524,0.899693
0.435652,0.900115
0.434145,0.900843
0.432924,0.901431
0.426936,0.904282
0.426887,0.904305
0.426356,0.904555
0.425588,0.904917
0.425499,0.904959
0.425430,0.904991
0.423712,0.905797
0.423414,0.905936
0.422887,0.906182
0.422483,0.906371
0.422444,0.906389
0.419589,0.907714
0.418237,0.908338
0.417412,0.908717
0.416294,0.909230
0.416276,0.909238
0.415404,0.909637
0.413094,0.910688
0.412645,0.910892
0.409379,0.912365
0.405471,0.914108
0.401692,0.915775
0.400711,0.916205
0.397201,0.917732
0.396011,0.918246
0.395919,0.918285
0.395858,0.918312
0.393697,0.919240
0.391328,0.920251
0.391236,0.920291
0.389728,0.920930
0.388835,0.921307
0.387652,0.921806
0.382525,0.923945
0.379890,0.925032
0.379169,0.925328
0.376266,0.926512
0.371666,0.928367
0.369939,0.929056
0.369203,0.929349
0.366131,0.930563
0.365377,0.930859
0.364630,0.931152
0.363691,0.931520
0.363515,0.931588
0.357499,0.933913
0.355627,0.934628
0.355424,0.934705
0.355025,0.934857
0.354781,0.934949
0.353502,0.935434
0.351620,0.936143
0.347756,0.937585
0.346692,0.937979
0.345601,0.938382
0.343603,0.939115
0.339465,0.940619
0.339122,0.940742
0.336927,0.941531
0.334963,0.942231
0.332177,0.943217
0.329295,0.944227
0.325212,0.945641
0.320550,0.947232
0.319632,0.947542
0.315899,0.948793
0.315812,0.948822
0.311862,0.950127
0.311219,0.950338
0.310794,0.950477
0.309626,0.950859
0.309145,0.951015
0.309091,0.951032
0.308720,0.951153
0.307503,0.951547
0.305524,0.952184
0.303692,0.952770
0.303310,0.952892
0.301304,0.953528
0.301264,0.953541
0.296817,0.954934
0.296324,0.955088
0.294985,0.955502
0.294889,0.955531
0.293966,0.955816
0.293033,0.956102
0.292929,0.956134
0.292500,0.956265
0.292499,0.956266
0.290675,0.956822
0.289180,0.957275
0.287713,0.957717
0.285121,0.958492
0.283983,0.958829
0.283879,0.958860
0.283687,0.958917
0.283455,0.958986
0.282577,0.959245
0.279840,0.960047
0.278282,0.960499
0.272202,0.962240
0.267984,0.963423
0.265651,0.964069
0.262418,0.964954
0.260686,0.965424
0.259334,0.965788
0.258410,0.966035
0.257910,0.966169
0.256868,0.966447
0.256047,0.966664
0.255862,0.966713
0.252021,0.967722
0.249285,0.968430
0.249273,0.968433
0.247241,0.968954
0.246839,0.969056
0.246305,0.969192
0.245644,0.969360
0.244707,0.969597
0.241575,0.970382
0.237342,0.971426
0.235746,0.971815
0.235544,0.971864
0.232665,0.972557
0.232543,0.972586
0.227417,0.973797
0.227265,0.973833
0.225198,0.974313
0.223695,0.974659
0.222134,0.975016
0.221884,0.975073
0.221032,0.975267
0.220955,0.975284
0.220288,0.975435
0.218795,0.975771
0.218621,0.975810
0.218509,0.975835
0.218110,0.975924
0.215969,0.976400
0.215150,0.976581
0.214558,0.976711
0.213915,0.976852
0.211114,0.977461
0.206034,0.978545
0.199886,0.979819
0.199773,0.979842
0.197929,0.980216
0.195537,0.980696
0.195155,0.980772
0.194839,0.980835
0.193660,0.981069
0.193620,0.981077
0.193326,0.981135
0.193037,0.981192
0.191460,0.981500
0.189959,0.981792
0.188877,0.982001
0.188460,0.982081
0.186981,0.982364
0.186447,0.982465
0.184764,0.982783
0.183933,0.982939
0.183568,0.983007
0.183279,0.983061
0.180203,0.983629
0.176162,0.984361
0.173816,0.984778
0.173721,0.984795
0.173493,0.984835
0.172844,0.984949
0.172081,0.985083
0.171891,0.985116
0.171046,0.985263
0.167677,0.985842
0.167030,0.985952
0.166143,0.986102
0.164825,0.986323
0.164800,0.986327
0.162305,0.986741
0.162197,0.986758
0.162108,0.986773
0.161928,0.986803
0.161532,0.986867
0.158737,0.987321
0.158189,0.987409
0.156266,0.987715
0.152825,0.988253
0.144591,0.989492
0.144215,0.989546
0.143580,0.989639
0.142698,0.989766
0.142493,0.989796
0.141496,0.989939
0.140275,0.990113
0.138680,0.990337
0.137884,0.990448
0.136188,0.990683
0.132261,0.991215
0.132186,0.991225
0.131716,0.991287
0.128444,0.991717
0.125798,0.992056
0.124071,0.992273
0.123837,0.992303
0.122973,0.992410
0.121578,0.992582
0.121457,0.992597
0.118121,0.992999
0.117285,0.993098
0.115091,0.993355
0.114700,0.993400
0.114364,0.993439
0.114279,0.993449
0.111667,0.993746
0.110552,0.993870
0.108695,0.994075
0.108565,0.994089
0.108046,0.994146
0.105165,0.994455
0.102183,0.994766
0.097972,0.995189
0.097266,0.995258
0.096840,0.995300
0.094609,0.995515
0.094244,0.995549
0.093681,0.995602
0.085765,0.996315
0.085252,0.996359
0.083151,0.996537
0.082701,0.996574
0.081313,0.996689
0.079907,0.996802
0.075310,0.997160
0.074312,0.997235
0.073429,0.997300
0.073338,0.997307
0.072258,0.997386
0.070676,0.997499
0.067497,0.997719
0.067149,0.997743
0.066599,0.997780
0.065604,0.997846
0.061285,0.998120
0.059708,0.998216
0.057803,0.998328
0.053568,0.998564
0.053525,0.998567
0.052897,0.998600
0.052255,0.998634
0.051243,0.998686
0.050388,0.998730
0.046083,0.998938
0.040989,0.999160
0.040408,0.999183
0.037551,0.999295
0.036905,0.999319
0.036699,0.999326
0.036615,0.999329
0.036491,0.999334
0.030310,0.999541
0.029585,0.999562
0.029281,0.999571
0.028243,0.999601
0.023481,0.999724
0.022716,0.999742
0.019071,0.999818
0.018989,0.999820
0.017842,0.999841
0.014507,0.999895
0.012493,0.999922
0.012433,0.999923
0.011219,0.999937
0.010378,0.999946
0.009271,0.999957
0.006692,0.999978
0.006013,0.999982
0.005668,0.999984
0.002814,0.999996
-0.002909,0.999996
-0.005525,0.999985
-0.012737,0.999919
-0.012890,0.999917
-0.014276,0.999898
-0.016273,0.999868
-0.016324,0.999867
-0.016688,0.999861
-0.017256,0.999851
-0.018608,0.999827
-0.018734,0.999825
-0.018937,0.999821
-0.023727,0.999718
-0.025862,0.999666
-0.026844,0.999640
-0.031816,0.999494
-0.035112,0.999383
-0.038600,0.999255
-0.039162,0.999233
-0.042265,0.999106
-0.043338,0.999060
-0.047544,0.998869
-0.048251,0.998835
-0.051063,0.998695
-0.051842,0.998655
-0.054334,0.998523
-0.054399,0.998519
-0.055707,0.998447
-0.055838,0.998440
-0.061060,0.998134
-0.061964,0.998078
-0.062688,0.998033
-0.063293,0.997995
-0.071937,0.997409
-0.076735,0.997052
-0.080556,0.996750
-0.087538,0.996161
-0.088197,0.996103
-0.089700,0.995969
-0.089703,0.995969
-0.091204,0.995832
-0.097039,0.995281
-0.101694,0.994816
-0.101882,0.994797
-0.103446,0.994635
-0.104323,0.994543
-0.105178,0.994453
-0.106165,0.994349
-0.106193,0.994346
-0.107772,0.994176
-0.109456,0.993992
-0.110715,0.993852
-0.110751,0.993848
-0.115656,0.993289
-0.115874,0.993264
-0.118478,0.992957
-0.119915,0.992784
-0.121691,0.992568
-0.121771,0.992558
-0.122211,0.992504
-0.122503,0.992468
-0.123326,0.992366
-0.123480,0.992347
-0.125998,0.992030
-0.134261,0.990946
-0.135300,0.990805
-0.136961,0.990576
-0.138828,0.990317
-0.140383,0.990097
-0.141673,0.989914
-0.142828,0.989748
-0.144028,0.989574
-0.144683,0.989478
-0.144714,0.989473
-0.146237,0.989250
-0.149191,0.988808
-0.150309,0.988639
-0.156511,0.987676
-0.158071,0.987428
-0.160509,0.987034
-0.161187,0.986924
-0.162002,0.986790
-0.162251,0.986750
-0.163970,0.986465
-0.165344,0.986236
-0.167242,0.985916
-0.170196,0.985410
-0.170491,0.985359
-0.171950,0.985106
-0.172322,0.985041
-0.174093,0.984729
-0.177565,0.984109
-0.184862,0.982765
-0.190176,0.981750
-0.191630,0.981467
-0.192006,0.981394
-0.193222,0.981155
-0.193879,0.981026
-0.195015,0.980800
-0.196236,0.980557
-0.196442,0.980515
-0.196940,0.980416
-0.202882,0.979203
-0.209743,0.977757
-0.211576,0.977362
-0.212027,0.977264
-0.214720,0.976676
-0.214730,0.976673
-0.216239,0.976341
-0.218762,0.975778
-0.219669,0.975575
-0.219837,0.975537
-0.220148,0.975467
-0.220215,0.975451
-0.223744,0.974648
-0.224002,0.974589
-0.224333,0.974513
-0.229864,0.973223
-0.230370,0.973103
-0.231521,0.972830
-0.232622,0.972567
-0.233695,0.972310
-0.236976,0.971515
-0.238545,0.971131
-0.241030,0.970518
-0.241325,0.970444
-0.241665,0.970360
-0.242655,0.970113
-0.244654,0.969610
-0.247695,0.968838
-0.248740,0.968570
-0.251498,0.967858
-0.252339,0.967639
-0.253117,0.967436
-0.253377,0.967368
-0.254650,0.967033
-0.258617,0.965980
-0.260726,0.965413
-0.260777,0.965399
-0.261439,0.965220
-0.264006,0.964521
-0.265368,0.964147
-0.265947,0.963988
-0.265990,0.963976
-0.266635,0.963798
-0.267559,0.963541
-0.268595,0.963253
-0.270313,0.962772
-0.270420,0.962743
-0.271374,0.962474
-0.274333,0.961635
-0.278475,0.960443
-0.280481,0.959860
-0.280711,0.959792
-0.281293,0.959622
-0.283309,0.959029
-0.284253,0.958749
-0.285790,0.958292
-0.286600,0.958050
-0.287858,0.957673
-0.288696,0.957421
-0.294467,0.955662
-0.295451,0.955358
-0.296425,0.955056
-0.298112,0.954531
-0.301087,0.953597
-0.301483,0.953471
-0.301547,0.953451
-0.303944,0.952690
-0.307781,0.951457
-0.308384,0.951262
-0.309431,0.950922
-0.310404,0.950605
-0.311538,0.950234
-0.311827,0.950139
-0.312073,0.950058
-0.312693,0.949854
-0.313787,0.949493
-0.315393,0.948961
-0.315405,0.948957
-0.317585,0.948230
-0.318670,0.947866
-0.321268,0.946988
-0.321496,0.946911
-0.324287,0.945959
-0.324448,0.945904
-0.328568,0.944480
-0.328732,0.944423
-0.331755,0.943366
-0.332666,0.943045
-0.337428,0.941351
-0.339474,0.940615
-0.343829,0.939032
-0.344016,0.938964
-0.345104,0.938564
-0.346348,0.938106
-0.348500,0.937309
-0.349847,0.936807
-0.354296,0.935133
-0.354330,0.935120
-0.354506,0.935054
-0.355327,0.934742
-0.355813,0.934557
-0.356848,0.934163
-0.359900,0.932991
-0.364578,0.931173
-0.370575,0.928802
-0.370740,0.928737
-0.370857,0.928690
-0.371143,0.928576
-0.372970,0.927843
-0.374739,0.927130
-0.374741,0.927130
-0.374980,0.927033
-0.376719,0.926328
-0.379652,0.925129
-0.382360,0.924014
-0.384773,0.923011
-0.390515,0.920597
-0.391045,0.920372
-0.393167,0.919467
-0.394463,0.918912
-0.398410,0.917208
-0.398787,0.917043
-0.400167,0.916442
-0.402256,0.915527
-0.402868,0.915258
-0.402940,0.915226
-0.404182,0.914678
-0.405145,0.914253
-0.405840,0.913944
-0.406540,0.913633
-0.409777,0.912186
-0.412548,0.910936
-0.418363,0.908280
-0.421784,0.906696
-0.423814,0.905749
-0.423827,0.905743
-0.423949,0.905686
-0.424964,0.905210
-0.425090,0.905151
-0.428479,0.903552
-0.428965,0.903321
-0.430613,0.902537
-0.431020,0.902342
-0.432244,0.901757
-0.433620,0.901096
-0.438502,0.898730
-0.441718,0.897154
-0.443913,0.896070
-0.445534,0.895265
-0.445895,0.895085
-0.446190,0.894938
-0.446921,0.894573
-0.448245,0.893911
-0.449719,0.893170
-0.451119,0.892464
-0.455025,0.890479
-0.456495,0.889726
-0.458322,0.888786
-0.459835,0.888005
-0.462264,0.886742
-0.462962,0.886378
-0.464139,0.885763
-0.465975,0.884798
-0.469408,0.882981
-0.469481,0.882943
-0.471511,0.881860
-0.474925,0.880026
-0.475218,0.879868
-0.475604,0.879660
-0.483623,0.875276
-0.484145,0.874988
-0.485031,0.874497
-0.485870,0.874031
-0.486708,0.873565
-0.487438,0.873158
-0.487508,0.873118
-0.487879,0.872911
-0.488070,0.872804
-0.496755,0.867891
-0.497134,0.867674
-0.499247,0.866460
-0.504552,0.863381
-0.505627,0.862752
-0.505768,0.862670
-0.506652,0.862151
-0.506943,0.861980
-0.507496,0.861654
-0.507607,0.861588
-0.509163,0.860670
-0.510732,0.859740
-0.510950,0.859610
-0.511414,0.859335
-0.511877,0.859059
-0.512364,0.858769
-0.513275,0.858224
-0.516119,0.856517
-0.518949,0.854805
-0.519185,0.854662
-0.519865,0.854249
-0.520395,0.853926
-0.521457,0.853278
-0.521723,0.853115
-0.521886,0.853015
-0.525517,0.850783
-0.526280,0.850311
-0.528132,0.849162
-0.528584,0.848881
-0.530361,0.847772
-0.531133,0.847288
-0.531389,0.847128
-0.533536,0.845777
-0.535251,0.844693
-0.536808,0.843704
-0.538752,0.842465
-0.541931,0.840423
-0.545532,0.838090
-0.546845,0.837234
-0.547365,0.836894
-0.549614,0.835419
-0.550436,0.834877
-0.550496,0.834838
-0.551564,0.834132
-0.552987,0.833190
-0.552993,0.833186
-0.555197,0.831719
-0.557055,0.830476
-0.558072,0.829792
-0.558235,0.829683
-0.558740,0.829343
-0.563081,0.826402
-0.563415,0.826174
-0.566467,0.824084
-0.566512,0.824054
-0.567603,0.823302
-0.567755,0.823198
-0.567845,0.823135
-0.568447,0.822720
-0.568742,0.822516
-0.568771,0.822496
-0.570002,0.821643
-0.571036,0.820925
-0.571552,0.820566
-0.571651,0.820497
-0.572515,0.819895
-0.575832,0.817568
-0.577063,0.816700
-0.577214,0.816593
-0.577866,0.816132
-0.579757,0.814789
-0.581139,0.813805
-0.584549,0.811358
-0.585473,0.810692
-0.585595,0.810604
-0.585908,0.810378
-0.586065,0.810264
-0.586854,0.809693
-0.586976,0.809605
-0.588147,0.808754
-0.589053,0.808094
-0.589390,0.807848
-0.590754,0.806851
-0.590759,0.806848
-0.591329,0.806430
-0.592122,0.805848
-0.592806,0.805345
-0.595120,0.803637
-0.596884,0.802328
-0.597031,0.802218
-0.597062,0.802195
-0.597719,0.801706
-0.598523,0.801106
-0.598892,0.800830
-0.600067,0.799950
-0.602064,0.798448
-0.602732,0.797944
-0.603684,0.797224
-0.604521,0.796590
-0.606647,0.794971
-0.606990,0.794709
-0.607073,0.794646
-0.607193,0.794555
-0.607352,0.794433
-0.608078,0.793878
-0.609745,0.792598
-0.611263,0.791428
-0.611879,0.790951
-0.612513,0.790461
-0.613027,0.790062
-0.613706,0.789535
-0.613868,0.789409
-0.614400,0.788995
-0.615061,0.788480
-0.615294,0.788297
-0.616721,0.787181
-0.619564,0.784946
-0.622358,0.782733
-0.622380,0.782716
-0.622606,0.782536
-0.624125,0.781324
-0.624197,0.781267
-0.624338,0.781154
-0.625811,0.779975
-0.627075,0.778959
-0.629120,0.777309
-0.629615,0.776907
-0.630002,0.776594
-0.630680,0.776043
-0.630899,0.775865
-0.631377,0.775476
-0.632961,0.774184
-0.633973,0.773355
-0.635142,0.772396
-0.636988,0.770874
-0.637259,0.770649
-0.638012,0.770026
-0.638291,0.769795
-0.638474,0.769643
-0.639041,0.769173
-0.640389,0.768051
-0.640439,0.768009
-0.641482,0.767138
-0.647458,0.762101
-0.648914,0.760862
-0.648998,0.760790
-0.649599,0.760277
-0.652224,0.758026
-0.653160,0.757220
-0.653875,0.756602
-0.657959,0.753054
-0.658276,0.752777
-0.658531,0.752553
-0.662892,0.748715
-0.666744,0.745287
-0.667313,0.744777
-0.667333,0.744759
-0.668432,0.743773
-0.669825,0.742519
-0.670157,0.742219
-0.670256,0.742130
-0.671481,0.741021
-0.673397,0.739281
-0.673928,0.738797
-0.675576,0.737291
-0.679444,0.733728
-0.679790,0.733407
-0.680691,0.732570
-0.681871,0.731472
-0.682565,0.730825
-0.683256,0.730179
-0.684803,0.728728
-0.685541,0.728034
-0.689298,0.724478
-0.689399,0.724382
-0.690223,0.723597
-0.691762,0.722125
-0.692637,0.721286
-0.692647,0.721277
-0.693291,0.720657
-0.695499,0.718527
-0.696691,0.717371
-0.697438,0.716646
-0.697802,0.716291
-0.697827,0.716267
-0.698392,0.715715
-0.699195,0.714931
-0.699842,0.714298
-0.700742,0.713414
-0.701318,0.712849
-0.703379,0.710815
-0.703404,0.710790
-0.703932,0.710267
-0.705829,0.708383
-0.706588,0.707625
-0.707277,0.706936
-0.707405,0.706809
-0.708743,0.705467
-0.709992,0.704210
-0.710136,0.704064
-0.710748,0.703447
-0.711091,0.703100
-0.711530,0.702655
-0.712042,0.702137
-0.712660,0.701509
-0.713742,0.700409
-0.714831,0.699298
-0.716200,0.697895
-0.717169,0.696900
-0.718607,0.695417
-0.719351,0.694647
-0.726466,0.687202
-0.728685,0.684849
-0.729273,0.684222
-0.729826,0.683633
-0.731349,0.682003
-0.731484,0.681859
-0.734308,0.678817
-0.734320,0.678804
-0.734532,0.678574
-0.735716,0.677291
-0.737904,0.674906
-0.738933,0.673779
-0.742784,0.669531
-0.742998,0.669293
-0.743097,0.669184
-0.744183,0.667976
-0.744715,0.667382
-0.745198,0.666843
-0.745312,0.666716
-0.746799,0.665050
-0.747777,0.663950
-0.747839,0.663880
-0.749965,0.661478
-0.750450,0.660927
-0.751510,0.659722
-0.752820,0.658227
-0.758895,0.651213
-0.758898,0.651209
-0.759774,0.650188
-0.760400,0.649455
-0.760948,0.648813
-0.761125,0.648605
-0.761691,0.647941
-0.762299,0.647225
-0.763420,0.645903
-0.763984,0.645236
-0.765551,0.643375
-0.765795,0.643085
-0.767343,0.641237
-0.768964,0.639292
-0.769768,0.638323
-0.770101,0.637921
-0.773325,0.634010
-0.773685,0.633570
-0.774653,0.632386
-0.775094,0.631846
-0.776463,0.630163
-0.776690,0.629883
-0.777452,0.628943
-0.777585,0.628778
-0.779253,0.626709
-0.779631,0.626239
-0.779858,0.625957
-0.780590,0.625044
-0.780620,0.625006
-0.781446,0.623972
-0.783534,0.621348
-0.783633,0.621224
-0.784337,0.620335
-0.784540,0.620078
-0.785039,0.619447
-0.786098,0.618101
-0.788674,0.614811
-0.789060,0.614316
-0.790056,0.613035
-0.791041,0.611764
-0.792242,0.610207
-0.794118,0.607764
-0.795130,0.606439
-0.796269,0.604942
-0.797235,0.603670
-0.797714,0.603036
-0.800846,0.598870
-0.801245,0.598336
-0.801254,0.598324
-0.801534,0.597949
-0.802192,0.597067
-0.802339,0.596869
-0.802356,0.596845
-0.803722,0.595005
-0.805920,0.592024
-0.806459,0.591290
-0.806695,0.590969
-0.806943,0.590629
-0.808595,0.588366
-0.809401,0.587257
-0.811817,0.583912
-0.814643,0.579962
-0.816333,0.577581
-0.816968,0.576683
-0.819109,0.573638
-0.820621,0.571474
-0.820979,0.570958
-0.822628,0.568580
-0.824319,0.566125
-0.825024,0.565098
-0.826607,0.562779
-0.828929,0.559354
-0.829073,0.559141
-0.829533,0.558458
-0.829946,0.557843
-0.830571,0.556913
-0.831153,0.556044
-0.834330,0.551266
-0.835748,0.549113
-0.836305,0.548265
-0.836533,0.547917
-0.836811,0.547491
-0.838203,0.545359
-0.838358,0.545119
-0.839172,0.543866
-0.839586,0.543227
-0.840169,0.542324
-0.840519,0.541782
-0.840856,0.541259
-0.841187,0.540744
-0.842625,0.538502
-0.843003,0.537908
-0.844006,0.536334
-0.845166,0.534504
-0.848102,0.529834
-0.848820,0.528682
-0.849147,0.528157
-0.849371,0.527796
-0.849568,0.527478
-0.852535,0.522670
-0.853594,0.520938
-0.854106,0.520099
-0.854636,0.519227
-0.856252,0.516558
-0.857078,0.515187
-0.857278,0.514854
-0.857754,0.514061
-0.857972,0.513697
-0.858570,0.512696
-0.859725,0.510757
-0.861118,0.508405
-0.861658,0.507489
-0.862003,0.506903
-0.862231,0.506515
-0.862422,0.506189
-0.864096,0.503327
-0.864398,0.502809
-0.865070,0.501652
-0.865947,0.500136
-0.867105,0.498126
-0.867302,0.497783
-0.867618,0.497231
-0.868880,0.495023
-0.869294,0.494296
-0.869541,0.493860
-0.869786,0.493429
-0.871375,0.490618
-0.871440,0.490502
-0.872484,0.488643
-0.872607,0.488423
-0.872956,0.487799
-0.873137,0.487476
-0.873585,0.486671
-0.874128,0.485695
-0.874514,0.485000
-0.875095,0.483951
-0.875960,0.482383
-0.877024,0.480447
-0.877325,0.479897
-0.878166,0.478356
-0.878932,0.476946
-0.879414,0.476058
-0.879548,0.475811
-0.880046,0.474889
-0.880644,0.473778
-0.880959,0.473192
-0.883079,0.469225
-0.883277,0.468852
-0.884822,0.465928
-0.885245,0.465125
-0.886585,0.462565
-0.887457,0.460890
-0.888100,0.459650
-0.888199,0.459460
-0.888477,0.458921
-0.889005,0.457897
-0.889643,0.456657
-0.889784,0.456381
-0.890005,0.455950
-0.890357,0.455264
-0.890470,0.455042
-0.891121,0.453766
-0.891647,0.452732
-0.893213,0.449633
-0.894103,0.447861
-0.894547,0.446973
-0.894660,0.446747
-0.894692,0.446683
-0.895846,0.444365
-0.896313,0.443423
-0.899340,0.437250
-0.900457,0.434945
-0.901927,0.431888
-0.901975,0.431788
-0.901979,0.431779
-0.902387,0.430927
-0.902581,0.430520
-0.903132,0.429363
-0.903276,0.429061
-0.903744,0.428072
-0.904160,0.427195
-0.904444,0.426593
-0.905505,0.424336
-0.905652,0.424022
-0.906129,0.423002
-0.906800,0.421560
-0.907464,0.420130
-0.908691,0.417469
-0.909175,0.416415
-0.910204,0.414161
-0.910722,0.413021
-0.912583,0.408891
-0.912874,0.408240
-0.915774,0.401695
-0.915801,0.401633
-0.916615,0.399771
-0.917433,0.397889
-0.918105,0.396338
-0.918114,0.396317
-0.918136,0.396266
-0.918259,0.395980
-0.918388,0.395682
-0.918552,0.395301
-0.919040,0.394164
-0.919729,0.392554
-0.920033,0.391840
-0.920065,0.391767
-0.920077,0.391738
-0.920558,0.390606
-0.920966,0.389644
-0.921668,0.387979
-0.921753,0.387778
-0.922285,0.386511
-0.922428,0.386168
-0.923472,0.383667
-0.923557,0.383462
-0.924699,0.380699
-0.925027,0.379901
-0.925140,0.379626
-0.925884,0.377807
-0.926560,0.376148
-0.926856,0.375417
-0.927310,0.374295
-0.927415,0.374035
-0.928059,0.372432
-0.928204,0.372071
-0.928468,0.371413
-0.928540,0.371232
-0.929029,0.370007
-0.929742,0.368211
-0.930126,0.367240
-0.930524,0.366230
-0.931170,0.364584
-0.931259,0.364359
-0.932133,0.362115
-0.932465,0.361259
-0.933510,0.358551
-0.933959,0.357381
-0.935244,0.354004
-0.937041,0.349219
-0.938371,0.345629
-0.938662,0.344837
-0.939027,0.343845
-0.939036,0.343819
-0.941641,0.336619
-0.941882,0.335945
-0.941947,0.335763
-0.942892,0.333097
-0.943074,0.332582
-0.943349,0.331803
-0.946219,0.323528
-0.946493,0.322725
-0.947137,0.320829
-0.947392,0.320075
-0.947657,0.319289
-0.947837,0.318755
-0.948435,0.316972
-0.949158,0.314800
-0.949803,0.312848
-0.949808,0.312834
-0.950602,0.310413
-0.950826,0.309725
-0.951189,0.308610
-0.951387,0.307998
-0.951590,0.307369
-0.951869,0.306505
-0.952018,0.306041
-0.952120,0.305725
-0.952207,0.305452
-0.952578,0.304295
-0.952583,0.304279
-0.952818,0.303542
-0.953934,0.300016
-0.954787,0.297291
-0.954822,0.297179
-0.955678,0.294414
-0.955923,0.293616
-0.956159,0.292848
-0.956674,0.291162
-0.956701,0.291074
-0.956985,0.290138
-0.958013,0.286724
-0.959739,0.280894
-0.960018,0.279937
-0.960260,0.279106
-0.960369,0.278731
-0.960579,0.278007
-0.960651,0.277758
-0.960665,0.277711
-0.960872,0.276994
-0.961542,0.274657
-0.962439,0.271499
-0.962531,0.271173
-0.963184,0.268842
-0.964196,0.265191
-0.964585,0.263774
-0.964656,0.263511
-0.965952,0.258723
-0.966505,0.256646
-0.966657,0.256075
-0.966907,0.255131
-0.966918,0.255087
-0.966924,0.255066
-0.967074,0.254497
-0.967108,0.254364
-0.967582,0.252556
-0.967752,0.251905
-0.967947,0.251155
-0.968282,0.249858
-0.968337,0.249648
-0.968506,0.248989
-0.968517,0.248946
-0.968761,0.247997
-0.968866,0.247587
-0.969176,0.246368
-0.969477,0.245181
-0.970113,0.242655
-0.970683,0.240365
-0.970723,0.240202
-0.971128,0.238559
-0.971202,0.238259
-0.971206,0.238241
-0.972097,0.234580
-0.972693,0.232094
-0.972860,0.231393
-0.972875,0.231331
-0.973488,0.228737
-0.973810,0.227363
-0.974405,0.224801
-0.974781,0.223164
-0.975695,0.219132
-0.975736,0.218952
-0.975750,0.218886
-0.975821,0.218569
-0.976573,0.215188
-0.977225,0.212206
-0.978946,0.204121
-0.979016,0.203782
-0.979549,0.201206
-0.980207,0.197977
-0.980315,0.197440
-0.981134,0.193329
-0.981333,0.192317
-0.981534,0.191286
-0.982322,0.187198
-0.982611,0.185675
-0.982699,0.185212
-0.982917,0.184051
-0.983210,0.182478
-0.983715,0.179737
-0.983756,0.179511
-0.983763,0.179473
-0.983961,0.178383
-0.984042,0.177937
-0.984077,0.177742
-0.984173,0.177213
-0.984345,0.176250
-0.984538,0.175170
-0.984711,0.174196
-0.984953,0.172824
-0.985017,0.172456
-0.985426,0.170103
-0.985913,0.167258
-0.986416,0.164268
-0.986915,0.161244
-0.987769,0.155925
-0.987784,0.155830
-0.988112,0.153734
-0.988472,0.151401
-0.988551,0.150886
-0.988560,0.150827
-0.988596,0.150589
-0.988667,0.150128
-0.988882,0.148701
-0.989194,0.146613
-0.989633,0.143621
-0.989636,0.143598
-0.989777,0.142620
-0.990114,0.140263
-0.990134,0.140126
-0.990178,0.139810
-0.990367,0.138467
-0.990427,0.138035
-0.990930,0.134380
-0.990950,0.134233
-0.991003,0.133840
-0.991049,0.133499
-0.992203,0.124634
-0.992255,0.124221
-0.992478,0.122420
-0.992511,0.122155
-0.993046,0.117730
-0.993080,0.117436
-0.993182,0.116575
-0.993241,0.116074
-0.993281,0.115729
-0.993313,0.115453
-0.993971,0.109641
-0.994056,0.108868
-0.994110,0.108379
-0.994350,0.106155
-0.994583,0.103944
-0.994709,0.102736
-0.995018,0.099694
-0.995039,0.099485
-0.995149,0.098376
-0.995279,0.097052
-0.995306,0.096774
-0.995527,0.094479
-0.995739,0.092218
-0.995810,0.091452
-0.995850,0.091013
-0.996125,0.087951
-0.996331,0.085588
-0.997100,0.076103
-0.997210,0.074651
-0.997301,0.073419
-0.997448,0.071400
-0.997536,0.070163
-0.997588,0.069411
-0.997658,0.068398
-0.997762,0.066867
-0.997794,0.066391
-0.997837,0.065741
-0.997855,0.065456
-0.997861,0.065366
-0.997955,0.063918
-0.998174,0.060402
-0.998182,0.060278
-0.998267,0.058849
-0.998388,0.056761
-0.998490,0.054933
-0.998500,0.054752
-0.998698,0.051013
-0.998719,0.050599
-0.998750,0.049980
-0.998793,0.049109
-0.998813,0.048700
-0.998890,0.047103
-0.998895,0.046995
-0.998923,0.046393
-0.999025,0.044157
-0.999033,0.043978
-0.999182,0.040448
-0.999194,0.040148
-0.999309,0.037170
-0.999354,0.035939
-0.999467,0.032644
-0.999475,0.032414
-0.999482,0.032175
-0.999509,0.031331
-0.999580,0.028982
-0.999589,0.028682
-0.999596,0.028434
-0.999620,0.027557
-0.999638,0.026910
-0.999645,0.026635
-0.999671,0.025633
-0.999683,0.025165
-0.999773,0.021308
-0.999778,0.021062
-0.999795,0.020254
-0.999813,0.019334
-0.999813,0.019330
-0.999837,0.018046
-0.999842,0.017768
-0.999877,0.015662
-0.999915,0.013027
-0.999921,0.012544
-0.999941,0.010872
-0.999969,0.007908
-0.999986,0.005198
-0.999993,0.003823
-1.000000,-0.000950
-0.999999,-0.001665
-0.999998,-0.002135
-0.999994,-0.003600
-0.999982,-0.005999
-0.999967,-0.008173
-0.999932,-0.011699
-0.999930,-0.011796
-0.999913,-0.013167
-0.999904,-0.013842
-0.999857,-0.016928
-0.999788,-0.020587
-0.999784,-0.020778
-0.999669,-0.025712
-0.999645,-0.026638
-0.999595,-0.028446
-0.999494,-0.031816
-0.999487,-0.032013
-0.999414,-0.034217
-0.999337,-0.036411
-0.999325,-0.036729
-0.999324,-0.036760
-0.999278,-0.037982
-0.999177,-0.040551
-0.999128,-0.041761
-0.999085,-0.042768
-0.999050,-0.043580
-0.999005,-0.044600
-0.998952,-0.045766
-0.998936,-0.046110
-0.998862,-0.047689
-0.998816,-0.048643
-0.998808,-0.048821
-0.998788,-0.049213
-0.998780,-0.049376
-0.998777,-0.049433
-0.998706,-0.050854
-0.998546,-0.053908
-0.998464,-0.055398
-0.998365,-0.057165
-0.998229,-0.059485
-0.998197,-0.060018
-0.998080,-0.061932
-0.997993,-0.063317
-0.997992,-0.063347
-0.997946,-0.064063
-0.997882,-0.065044
-0.997811,-0.066126
-0.997690,-0.067935
-0.997672,-0.068202
-0.997587,-0.069428
-0.997542,-0.070069
-0.997424,-0.071735
-0.997219,-0.074525
-0.997178,-0.075074
-0.997072,-0.076469
-0.997040,-0.076890
-0.997029,-0.077022
-0.996989,-0.077542
-0.996957,-0.077950
-0.996833,-0.079526
-0.996766,-0.080353
-0.996710,-0.081056
-0.996644,-0.081862
-0.996591,-0.082507
-0.996572,-0.082727
-0.996571,-0.082743
-0.996442,-0.084280
-0.996341,-0.085468
-0.996107,-0.088157
-0.996022,-0.089108
-0.995884,-0.090634
-0.995837,-0.091146
-0.994919,-0.100677
-0.994840,-0.101454
-0.994574,-0.104031
-0.994325,-0.106381
-0.994296,-0.106659
-0.994271,-0.106885
-0.994251,-0.107073
-0.994237,-0.107204
-0.994053,-0.108901
-0.993714,-0.111945
-0.993475,-0.114054
-0.993449,-0.114276
-0.993274,-0.115788
-0.993174,-0.116644
-0.992714,-0.120497
-0.992574,-0.121642
-0.992566,-0.121704
-0.992555,-0.121794
-0.992523,-0.122055
-0.992309,-0.123784
-0.992147,-0.125081
-0.992115,-0.125331
-0.991925,-0.126822
-0.991576,-0.129527
-0.991517,-0.129976
-0.991494,-0.130156
-0.991413,-0.130770
-0.991216,-0.132255
-0.991089,-0.133202
-0.990777,-0.135505
-0.990666,-0.136312
-0.990398,-0.138246
-0.990135,-0.140113
-0.990103,-0.140345
-0.989771,-0.142663
-0.989075,-0.147412
-0.988806,-0.149208
-0.988743,-0.149627
-0.988665,-0.150136
-0.988465,-0.151449
-0.988406,-0.151835
-0.988232,-0.152965
-0.987811,-0.155660
-0.987464,-0.157844
-0.987041,-0.160470
-0.986836,-0.161726
-0.986692,-0.162602
-0.985975,-0.166892
-0.985257,-0.171081
-0.985182,-0.171514
-0.984791,-0.173741
-0.984706,-0.174222
-0.984506,-0.175349
-0.984477,-0.175513
-0.984360,-0.176170
-0.982952,-0.183865
-0.982874,-0.184280
-0.982755,-0.184910
-0.981358,-0.192189
-0.980724,-0.195400
-0.980150,-0.198256
-0.979608,-0.200916
-0.979538,-0.201261
-0.979509,-0.201398
-0.979402,-0.201922
-0.979194,-0.202928
-0.978965,-0.204027
-0.978596,-0.205792
-0.978242,-0.207467
-0.977893,-0.209106
-0.977800,-0.209541
-0.977728,-0.209878
-0.977557,-0.210672
-0.977382,-0.211483
-0.977211,-0.212271
-0.976862,-0.213872
-0.976454,-0.215725
-0.975488,-0.220055
-0.975477,-0.220102
-0.975293,-0.220917
-0.975131,-0.221631
-0.975125,-0.221657
-0.975017,-0.222132
-0.974264,-0.225412
-0.974194,-0.225714
-0.974061,-0.226287
-0.973670,-0.227963
-0.972844,-0.231460
-0.972475,-0.233008
-0.972304,-0.233719
-0.971764,-0.235954
-0.971656,-0.236398
-0.971202,-0.238258
-0.971059,-0.238840
-0.971022,-0.238992
-0.970286,-0.241963
-0.970085,-0.242767
-0.970069,-0.242830
-0.968161,-0.250327
-0.967977,-0.251038
-0.967514,-0.252818
-0.967368,-0.253374
-0.967098,-0.254404
-0.966720,-0.255838
-0.965993,-0.258567
-0.965944,-0.258752
-0.965664,-0.259795
-0.965473,-0.260501
-0.965259,-0.261295
-0.964004,-0.265888
-0.963250,-0.268607
-0.962436,-0.271507
-0.961648,-0.274287
-0.961097,-0.276212
-0.961086,-0.276248
-0.960988,-0.276590
-0.960890,-0.276930
-0.960542,-0.278137
-0.958209,-0.286069
-0.958093,-0.286456
-0.957546,-0.288280
-0.957045,-0.289939
-0.956595,-0.291419
-0.955756,-0.294160
-0.955658,-0.294480
-0.954879,-0.296994
-0.954765,-0.297362
-0.953801,-0.300439
-0.953694,-0.300778
-0.953056,-0.302793
-0.952389,-0.304886
-0.951958,-0.306230
-0.951956,-0.306235
-0.950929,-0.309410
-0.950577,-0.310490
-0.950407,-0.311009
-0.947222,-0.320577
-0.947149,-0.320793
-0.947025,-0.321158
-0.945934,-0.324359
-0.945281,-0.326257
-0.945052,-0.326921
-0.944574,-0.328298
-0.943609,-0.331062
-0.943396,-0.331667
-0.941698,-0.336460
-0.941220,-0.337793
-0.938738,-0.344632
-0.938361,-0.345656
-0.938170,-0.346176
-0.937586,-0.347753
-0.936267,-0.351288
-0.936119,-0.351683
-0.934897,-0.354919
-0.933564,-0.358410
-0.933113,-0.359584
-0.933049,-0.359748
-0.932176,-0.362005
-0.932054,-0.362319
-0.931504,-0.363731
-0.931274,-0.364319
-0.930923,-0.365215
-0.928151,-0.372205
-0.927984,-0.372620
-0.927779,-0.373131
-0.926677,-0.375858
-0.926579,-0.376099
-0.924758,-0.380555
-0.924639,-0.380846
-0.924290,-0.381690
-0.924122,-0.382097
-0.922359,-0.386333
-0.920383,-0.391018
-0.920319,-0.391169
-0.920139,-0.391591
-0.920107,-0.391666
-0.920053,-0.391795
-0.919902,-0.392149
-0.919751,-0.392502
-0.919541,-0.392994
-0.918776,-0.394778
-0.918554,-0.395296
-0.918414,-0.395622
-0.917948,-0.396702
-0.917791,-0.397064
-0.917642,-0.397408
-0.917477,-0.397788
-0.916837,-0.399261
-0.915399,-0.402547
-0.914299,-0.405040
-0.913938,-0.405854
-0.912968,-0.408030
-0.912039,-0.410102
-0.910988,-0.412433
-0.909885,-0.414860
-0.909633,-0.415412
-0.909073,-0.416638
-0.906399,-0.422424
-0.906281,-0.422675
-0.906139,-0.422980
-0.905564,-0.424210
-0.905490,-0.424368
-0.905469,-0.424413
-0.905253,-0.424873
-0.905180,-0.425028
-0.904523,-0.426424
-0.903896,-0.427752
-0.903800,-0.427956
-0.903732,-0.428098
-0.901251,-0.433297
-0.900822,-0.434188
-0.899903,-0.436090
-0.899552,-0.436814
-0.899472,-0.436978
-0.898146,-0.439697
-0.898008,-0.439980
-0.897989,-0.440017
-0.897913,-0.440174
-0.897263,-0.441497
-0.896615,-0.442812
-0.895964,-0.444127
-0.895349,-0.445365
-0.895283,-0.445497
-0.894995,-0.446076
-0.894918,-0.446231
-0.893660,-0.448745
-0.893051,-0.449956
-0.892648,-0.450755
-0.892549,-0.450950
-0.892364,-0.451317
-0.891650,-0.452726
-0.891018,-0.453968
-0.890786,-0.454423
-0.890680,-0.454630
-0.890505,-0.454974
-0.890048,-0.455867
-0.889981,-0.455999
-0.889583,-0.456774
-0.889115,-0.457683
-0.887741,-0.460344
-0.886719,-0.462309
-0.884983,-0.465624
-0.883283,-0.468840
-0.883253,-0.468896
-0.882502,-0.470308
-0.882232,-0.470815
-0.881683,-0.471841
-0.881047,-0.473028
-0.880940,-0.473228
-0.880688,-0.473697
-0.879824,-0.475299
-0.879815,-0.475316
-0.878330,-0.478055
-0.877469,-0.479633
-0.876709,-0.481022
-0.875920,-0.482456
-0.875613,-0.483014
-0.875293,-0.483593
-0.874344,-0.485306
-0.872722,-0.488217
-0.871509,-0.490379
-0.871488,-0.490417
-0.870684,-0.491844
-0.868858,-0.495062
-0.867973,-0.496611
-0.867700,-0.497088
-0.867286,-0.497810
-0.866178,-0.499735
-0.865742,-0.500490
-0.865585,-0.500763
-0.865373,-0.501129
-0.865041,-0.501701
-0.863160,-0.504931
-0.861414,-0.507904
-0.860494,-0.509460
-0.860349,-0.509705
-0.859220,-0.511606
-0.858384,-0.513008
-0.857684,-0.514178
-0.856656,-0.515888
-0.854995,-0.518636
-0.854720,-0.519090
-0.854681,-0.519153
-0.854592,-0.519300
-0.853945,-0.520364
-0.853841,-0.520534
-0.853826,-0.520559
-0.853624,-0.520890
-0.852838,-0.522176
-0.849076,-0.528270
-0.847583,-0.530662
-0.847115,-0.531409
-0.847038,-0.531532
-0.846775,-0.531952
-0.846683,-0.532097
-0.846361,-0.532610
-0.845352,-0.534210
-0.842649,-0.538462
-0.841264,-0.540624
-0.839067,-0.544029
-0.838752,-0.544513
-0.838262,-0.545268
-0.838095,-0.545524
-0.837732,-0.546082
-0.837292,-0.546756
-0.836680,-0.547692
-0.834628,-0.550814
-0.834123,-0.551579
-0.833014,-0.553251
-0.832924,-0.553387
-0.832360,-0.554235
-0.828748,-0.559622
-0.827564,-0.561371
-0.826360,-0.563142
-0.826133,-0.563475
-0.825825,-0.563927
-0.825366,-0.564598
-0.824427,-0.565968
-0.823892,-0.566746
-0.823096,-0.567902
-0.822137,-0.569290
-0.821735,-0.569869
-0.819871,-0.572549
-0.818197,-0.574938
-0.817583,-0.575810
-0.815884,-0.578216
-0.815476,-0.578791
-0.815336,-0.578988
-0.814676,-0.579916
-0.812568,-0.582866
-0.812474,-0.582997
-0.810201,-0.586153
-0.809470,-0.587161
-0.809258,-0.587453
-0.808949,-0.587879
-0.805897,-0.592056
-0.804657,-0.593740
-0.804539,-0.593900
-0.804135,-0.594447
-0.804046,-0.594567
-0.803893,-0.594774
-0.800088,-0.599883
-0.798941,-0.601410
-0.797502,-0.603316
-0.796245,-0.604974
-0.796069,-0.605205
-0.793006,-0.609214
-0.791818,-0.610757
-0.790465,-0.612507
-0.790108,-0.612967
-0.782299,-0.622903
-0.779767,-0.626070
-0.775716,-0.631082
-0.775661,-0.631150
-0.775236,-0.631672
-0.774528,-0.632539
-0.773608,-0.633665
-0.773185,-0.634180
-0.772270,-0.635294
-0.768837,-0.639445
-0.768774,-0.639521
-0.768589,-0.639743
-0.767944,-0.640517
-0.767281,-0.641311
-0.766868,-0.641805
-0.765497,-0.643440
-0.763793,-0.645461
-0.763694,-0.645578
-0.763650,-0.645630
-0.763522,-0.645782
-0.763022,-0.646372
-0.762457,-0.647039
-0.762136,-0.647417
-0.761743,-0.647880
-0.761435,-0.648241
-0.758885,-0.651225
-0.757863,-0.652413
-0.757675,-0.652632
-0.756927,-0.653500
-0.753262,-0.657721
-0.752572,-0.658510
-0.746651,-0.665216
-0.746604,-0.665269
-0.745543,-0.666458
-0.743768,-0.668438
-0.743035,-0.669252
-0.740874,-0.671644
-0.739946,-0.672667
-0.739122,-0.673572
-0.739116,-0.673578
-0.738244,-0.674534
-0.737655,-0.675178
-0.737176,-0.675701
-0.737106,-0.675777
-0.736733,-0.676183
-0.736502,-0.676436
-0.736482,-0.676457
-0.733803,-0.679363
-0.730178,-0.683257
-0.729542,-0.683936
-0.729398,-0.684089
-0.727038,-0.686598
-0.724566,-0.689206
-0.722850,-0.691005
-0.722705,-0.691156
-0.722629,-0.691236
-0.722413,-0.691462
-0.722069,-0.691821
-0.721909,-0.691988
-0.721136,-0.692793
-0.719989,-0.693986
-0.719875,-0.694103
-0.717991,-0.696052
-0.713963,-0.700184
-0.707944,-0.706269
-0.707121,-0.707093
-0.705463,-0.708747
-0.705277,-0.708931
-0.703900,-0.710299
-0.702404,-0.711778
-0.702057,-0.712121
-0.700172,-0.713975
-0.699428,-0.714703
-0.699246,-0.714881
-0.698975,-0.715146
-0.698560,-0.715551
-0.698497,-0.715613
-0.698373,-0.715734
-0.698260,-0.715844
-0.695489,-0.718537
-0.692785,-0.721145
-0.692561,-0.721360
-0.690763,-0.723081
-0.688589,-0.725152
-0.688331,-0.725397
-0.687214,-0.726455
-0.685626,-0.727954
-0.684766,-0.728763
-0.684642,-0.728880
-0.683553,-0.729901
-0.683289,-0.730148
-0.682967,-0.730449
-0.679025,-0.734115
-0.677740,-0.735301
-0.677599,-0.735432
-0.675662,-0.737212
-0.674611,-0.738174
-0.674463,-0.738308
-0.672511,-0.740087
-0.672352,-0.740232
-0.671054,-0.741408
-0.668496,-0.743716
-0.668348,-0.743849
-0.667519,-0.744593
-0.666920,-0.745130
-0.664016,-0.747718
-0.663747,-0.747957
-0.663044,-0.748580
-0.660822,-0.750543
-0.658214,-0.752831
-0.656084,-0.754688
-0.654552,-0.756017
-0.654007,-0.756488
-0.652894,-0.757449
-0.652688,-0.757627
-0.652652,-0.757658
-0.652375,-0.757896
-0.652342,-0.757925
-0.651614,-0.758551
-0.649937,-0.759988
-0.647277,-0.762255
-0.645170,-0.764039
-0.645146,-0.764059
-0.643293,-0.765620
-0.642715,-0.766106
-0.641987,-0.766715
-0.641974,-0.766727
-0.641356,-0.767244
-0.640623,-0.767856
-0.638116,-0.769940
-0.636470,-0.771301
-0.632042,-0.774934
-0.631397,-0.775460
-0.631118,-0.775687
-0.627744,-0.778420
-0.627689,-0.778465
-0.626843,-0.779145
-0.625909,-0.779896
-0.625297,-0.780387
-0.625128,-0.780522
-0.624459,-0.781058
-0.623890,-0.781512
-0.622780,-0.782397
-0.622582,-0.782554
-0.620342,-0.784331
-0.619828,-0.784738
-0.614096,-0.789232
-0.611793,-0.791018
-0.611503,-0.791242
-0.609302,-0.792938
-0.608782,-0.793338
-0.607254,-0.794507
-0.606952,-0.794738
-0.606458,-0.795115
-0.605524,-0.795827
-0.603696,-0.797215
-0.602319,-0.798256
-0.600633,-0.799525
-0.599786,-0.800160
-0.594992,-0.803732
-0.591647,-0.806197
-0.586497,-0.809952
-0.584241,-0.811580
-0.580538,-0.814233
-0.579150,-0.815221
-0.574761,-0.818321
-0.574694,-0.818368
-0.573802,-0.818994
-0.573639,-0.819108
-0.572441,-0.819946
-0.571995,-0.820257
-0.569498,-0.821993
-0.564743,-0.825267
-0.564474,-0.825451
-0.561665,-0.827365
-0.560721,-0.828005
-0.560443,-0.828193
-0.560226,-0.828340
-0.559604,-0.828760
-0.559200,-0.829033
-0.558744,-0.829340
-0.557691,-0.830049
-0.557043,-0.830484
-0.555690,-0.831390
-0.552450,-0.833546
-0.551414,-0.834231
-0.551287,-0.834316
-0.549557,-0.835456
-0.548751,-0.835986
-0.545497,-0.838113
-0.545420,-0.838163
-0.542771,-0.839881
-0.541763,-0.840531
-0.541219,-0.840881
-0.541136,-0.840935
-0.540278,-0.841487
-0.539853,-0.841759
-0.539675,-0.841873
-0.539590,-0.841928
-0.535974,-0.844234
-0.535279,-0.844676
-0.535152,-0.844755
-0.534343,-0.845268
-0.534339,-0.845270
-0.532776,-0.846257
-0.531418,-0.847110
-0.531376,-0.847136
-0.528157,-0.849147
-0.526078,-0.850436
-0.525266,-0.850938
-0.525101,-0.851040
-0.524132,-0.851637
-0.522811,-0.852448
-0.519381,-0.854543
-0.517944,-0.855414
-0.517897,-0.855443
-0.517054,-0.855953
-0.516577,-0.856241
-0.516479,-0.856300
-0.515291,-0.857015
-0.514542,-0.857465
-0.514319,-0.857599
-0.513844,-0.857884
-0.512936,-0.858427
-0.512771,-0.858525
-0.512666,-0.858588
-0.511505,-0.859281
-0.509378,-0.860543
-0.506569,-0.862199
-0.506289,-0.862364
-0.504501,-0.863411
-0.502552,-0.864547
-0.502428,-0.864619
-0.501491,-0.865163
-0.501313,-0.865266
-0.499816,-0.866132
-0.499762,-0.866163
-0.498085,-0.867128
-0.497899,-0.867235
-0.497205,-0.867633
-0.496392,-0.868099
-0.496142,-0.868242
-0.494616,-0.869112
-0.492993,-0.870033
-0.492330,-0.870409
-0.490839,-0.871250
-0.488432,-0.872602
-0.487268,-0.873253
-0.486762,-0.873535
-0.482378,-0.875963
-0.481569,-0.876408
-0.479777,-0.877391
-0.478827,-0.877909
-0.478296,-0.878199
-0.476874,-0.878972
-0.476638,-0.879100
-0.476547,-0.879149
-0.473603,-0.880738
-0.472030,-0.881582
-0.471743,-0.881736
-0.471476,-0.881879
-0.470911,-0.882180
-0.469906,-0.882716
-0.467619,-0.883930
-0.466722,-0.884404
-0.464059,-0.885804
-0.462874,-0.886424
-0.462729,-0.886500
-0.462272,-0.886738
-0.461958,-0.886902
-0.461665,-0.887054
-0.460731,-0.887540
-0.457523,-0.889198
-0.456566,-0.889690
-0.456505,-0.889721
-0.454839,-0.890574
-0.454120,-0.890941
-0.450962,-0.892543
-0.450733,-0.892659
-0.449387,-0.893337
-0.449129,-0.893467
-0.448594,-0.893736
-0.446872,-0.894598
-0.444738,-0.895661
-0.440443,-0.897781
-0.440201,-0.897899
-0.438653,-0.898657
-0.438514,-0.898724
-0.437926,-0.899011
-0.436421,-0.899743
-0.435595,-0.900143
-0.429538,-0.903049
-0.428775,-0.903411
-0.428753,-0.903422
-0.428260,-0.903656
-0.428089,-0.903737
-0.426768,-0.904361
-0.426261,-0.904600
-0.425625,-0.904900
-0.422476,-0.906374
-0.419608,-0.907705
-0.416152,-0.909295
-0.415880,-0.909419
-0.414978,-0.909831
-0.413679,-0.910423
-0.411462,-0.911427
-0.410560,-0.911833
-0.409902,-0.912130
-0.408410,-0.912799
-0.408258,-0.912867
-0.408055,-0.912958
-0.407997,-0.912983
-0.405938,-0.913901
-0.405103,-0.914271
-0.404003,-0.914758
-0.402261,-0.915525
-0.401426,-0.915891
-0.400489,-0.916302
-0.399049,-0.916929
-0.397691,-0.917520
-0.391911,-0.920003
-0.387359,-0.921929
-0.382580,-0.923923
-0.381900,-0.924204
-0.379087,-0.925361
-0.377652,-0.925948
-0.377047,-0.926194
-0.375915,-0.926654
-0.373334,-0.927697
-0.372771,-0.927923
-0.372233,-0.928139
-0.372206,-0.928150
-0.372106,-0.928190
-0.371771,-0.928324
-0.371386,-0.928479
-0.370626,-0.928782
-0.362347,-0.932043
-0.358053,-0.933701
-0.357886,-0.933765
-0.355321,-0.934744
-0.354305,-0.935130
-0.353994,-0.935248
-0.353708,-0.935356
-0.351481,-0.936195
-0.347041,-0.937850
-0.347038,-0.937851
-0.346380,-0.938094
-0.346234,-0.938148
-0.345812,-0.938304
-0.345758,-0.938324
-0.342674,-0.939454
-0.342124,-0.939655
-0.341500,-0.939882
-0.337727,-0.941244
-0.336711,-0.941608
-0.334324,-0.942458
-0.333812,-0.942640
-0.330855,-0.943682
-0.328076,-0.944651
-0.327981,-0.944684
-0.327414,-0.944881
-0.324990,-0.945718
-0.321672,-0.946851
-0.321080,-0.947052
-0.320833,-0.947136
-0.316327,-0.948650
-0.316096,-0.948727
-0.312570,-0.949895
-0.309534,-0.950888
-0.304640,-0.952467
-0.303884,-0.952709
-0.303621,-0.952793
-0.299137,-0.954210
-0.297770,-0.954638
-0.295938,-0.955207
-0.295013,-0.955493
-0.294435,-0.955672
-0.294380,-0.955689
-0.292220,-0.956351
-0.292175,-0.956365
-0.290823,-0.956777
-0.289969,-0.957036
-0.289834,-0.957077
-0.288710,-0.957417
-0.285430,-0.958400
-0.285283,-0.958443
-0.284333,-0.958726
-0.283451,-0.958987
-0.281188,-0.959653
-0.280446,-0.959870
-0.279142,-0.960250
-0.278119,-0.960547
-0.277863,-0.960621
-0.271855,-0.962338
-0.270741,-0.962652
-0.270282,-0.962781
-0.268448,-0.963294
-0.265454,-0.964123
-0.264404,-0.964412
-0.264182,-0.964473
-0.263886,-0.964554
-0.261248,-0.965272
-0.260827,-0.965385
-0.255912,-0.966700
-0.255809,-0.966727
-0.255197,-0.966889
-0.250710,-0.968062
-0.250185,-0.968198
-0.249214,-0.968449
-0.249070,-0.968485
-0.243704,-0.969850
-0.242422,-0.970171
-0.241290,-0.970453
-0.238876,-0.971050
-0.238439,-0.971157
-0.238248,-0.971204
-0.238037,-0.971256
-0.234912,-0.972017
-0.234355,-0.972151
-0.232194,-0.972670
-0.231741,-0.972778
-0.231660,-0.972797
-0.228437,-0.973559
-0.225686,-0.974200
-0.224597,-0.974452
-0.224569,-0.974458
-0.221760,-0.975101
-0.220776,-0.975324
-0.219744,-0.975558
-0.219741,-0.975558
-0.216753,-0.976227
-0.213843,-0.976868
-0.210931,-0.977501
-0.210639,-0.977564
-0.205018,-0.978758
-0.201788,-0.979429
-0.200645,-0.979664
-0.199537,-0.979890
-0.197108,-0.980382
-0.196403,-0.980523
-0.196112,-0.980582
-0.195498,-0.980704
-0.194457,-0.980911
-0.193965,-0.981009
-0.193597,-0.981081
-0.191356,-0.981521
-0.191308,-0.981530
-0.190848,-0.981620
-0.189716,-0.981839
-0.189187,-0.981941
-0.188338,-0.982104
-0.182065,-0.983287
-0.181896,-0.983318
-0.180515,-0.983572
-0.178249,-0.983985
-0.177905,-0.984048
-0.177363,-0.984146
-0.176445,-0.984311
-0.176163,-0.984361
-0.174454,-0.984665
-0.173355,-0.984859
-0.172953,-0.984930
-0.172646,-0.984984
-0.171493,-0.985185
-0.171282,-0.985222
-0.171116,-0.985251
-0.170956,-0.985279
-0.167822,-0.985817
-0.166951,-0.985965
-0.165917,-0.986140
-0.164736,-0.986338
-0.159558,-0.987189
-0.159456,-0.987205
-0.159350,-0.987222
-0.158781,-0.987314
-0.158560,-0.987349
-0.157033,-0.987593
-0.156753,-0.987638
-0.155854,-0.987780
-0.155380,-0.987855
-0.155308,-0.987866
-0.154032,-0.988066
-0.153693,-0.988119
-0.151588,-0.988444
-0.151192,-0.988504
-0.148113,-0.988970
-0.147771,-0.989022
-0.146449,-0.989218
-0.144079,-0.989566
-0.138817,-0.990318
-0.131559,-0.991308
-0.128626,-0.991693
-0.128571,-0.991700
-0.126887,-0.991917
-0.126860,-0.991921
-0.125474,-0.992097
-0.124447,-0.992226
-0.122627,-0.992453
-0.122079,-0.992520
-0.120836,-0.992673
-0.119381,-0.992849
-0.119326,-0.992855
-0.116933,-0.993140
-0.115721,-0.993282
-0.115356,-0.993324
-0.115032,-0.993362
-0.112490,-0.993653
-0.112479,-0.993654
-0.111733,-0.993738
-0.109757,-0.993958
-0.108447,-0.994102
-0.105814,-0.994386
-0.104343,-0.994541
-0.101753,-0.994810
-0.098885,-0.995099
-0.097015,-0.995283
-0.094580,-0.995517
-0.093750,-0.995596
-0.093295,-0.995639
-0.090632,-0.995884
-0.087785,-0.996139
-0.085866,-0.996307
-0.080355,-0.996766
-0.076586,-0.997063
-0.075109,-0.997175
-0.074709,-0.997205
-0.073414,-0.997302
-0.073298,-0.997310
-0.073251,-0.997314
-0.072984,-0.997333
-0.070156,-0.997536
-0.069635,-0.997573
-0.064916,-0.997891
-0.064769,-0.997900
-0.063729,-0.997967
-0.059903,-0.998204
-0.059824,-0.998209
-0.059384,-0.998235
-0.057194,-0.998363
-0.057038,-0.998372
-0.054763,-0.998499
-0.054345,-0.998522
-0.053973,-0.998542
-0.052817,-0.998604
-0.050244,-0.998737
-0.048506,-0.998823
-0.047707,-0.998861
-0.047266,-0.998882
-0.044491,-0.999010
-0.041759,-0.999128
-0.040152,-0.999194
-0.037178,-0.999309
-0.036105,-0.999348
-0.035419,-0.999373
-0.034673,-0.999399
-0.034220,-0.999414
-0.033788,-0.999429
-0.030059,-0.999548
-0.028235,-0.999601
-0.025717,-0.999669
-0.025393,-0.999678
-0.022503,-0.999747
-0.021334,-0.999772
-0.019244,-0.999815
-0.014762,-0.999891
-0.013587,-0.999908
-0.011221,-0.999937
-0.006166,-0.999981
-0.004247,-0.999991
-0.003501,-0.999994
-0.001557,-0.999999
0.000411,-1.000000
0.003872,-0.999993
0.004803,-0.999988
0.006621,-0.999978
0.007300,-0.999973
0.013631,-0.999907
0.015130,-0.999886
0.015620,-0.999878
0.017257,-0.999851
0.018532,-0.999828
0.018584,-0.999827
0.020420,-0.999791
0.020877,-0.999782
0.021312,-0.999773
0.021938,-0.999759
0.023425,-0.999726
0.024941,-0.999689
0.028747,-0.999587
0.028778,-0.999586
0.029247,-0.999572
0.029744,-0.999558
0.029942,-0.999552
0.030515,-0.999534
0.032334,-0.999477
0.033172,-0.999450
0.034314,-0.999411
0.034394,-0.999408
0.046481,-0.998919
0.048498,-0.998823
0.050213,-0.998739
0.051622,-0.998667
0.053566,-0.998564
0.053733,-0.998555
0.055404,-0.998464
0.058651,-0.998279
0.059566,-0.998224
0.060520,-0.998167
0.062571,-0.998041
0.066928,-0.997758
0.067750,-0.997702
0.068074,-0.997680
0.072880,-0.997341
0.075400,-0.997153
0.076844,-0.997043
0.076923,-0.997037
0.078816,-0.996889
0.079954,-0.996799
0.083037,-0.996546
0.083264,-0.996527
0.089686,-0.995970
0.090798,-0.995869
0.090953,-0.995855
0.091764,-0.995781
0.092329,-0.995729
0.093717,-0.995599
0.095987,-0.995383
0.097781,-0.995208
0.098359,-0.995151
0.099088,-0.995079
0.100080,-0.994979
0.100402,-0.994947
0.101106,-0.994876
0.102506,-0.994732
0.103152,-0.994666
0.105492,-0.994420
0.106616,-0.994300
0.107421,-0.994214
0.108296,-0.994119
0.110395,-0.993888
0.112503,-0.993651
0.114773,-0.993392
0.115013,-0.993364
0.115504,-0.993307
0.116500,-0.993191
0.117296,-0.993097
0.117727,-0.993046
0.118860,-0.992911
0.119746,-0.992805
0.124135,-0.992265
0.124347,-0.992239
0.124358,-0.992237
0.125400,-0.992106
0.125703,-0.992068
0.125924,-0.992040
0.126011,-0.992029
0.126091,-0.992019
0.126115,-0.992016
0.126751,-0.991935
0.126789,-0.991930
0.127114,-0.991888
0.127976,-0.991777
0.128765,-0.991675
0.132655,-0.991162
0.134272,-0.990945
0.135228,-0.990814
0.138530,-0.990358
0.142336,-0.989818
0.148754,-0.988874
0.150263,-0.988646
0.151240,-0.988497
0.152223,-0.988346
0.152407,-0.988318
0.154020,-0.988068
0.155199,-0.987883
0.155382,-0.987855
0.157050,-0.987591
0.157710,-0.987486
0.158740,-0.987320
0.162177,-0.986762
0.163780,-0.986497
0.164316,-0.986408
0.166129,-0.986104
0.167265,-0.985912
0.167892,-0.985805
0.168222,-0.985749
0.172086,-0.985082
0.178325,-0.983972
0.179070,-0.983836
0.180617,-0.983554
0.180726,-0.983534
0.184133,-0.982901
0.185289,-0.982684
0.185622,-0.982621
0.185913,-0.982566
0.187061,-0.982348
0.191314,-0.981529
0.192037,-0.981388
0.193857,-0.981030
0.194289,-0.980944
0.194778,-0.980847
0.194831,-0.980837
0.195078,-0.980788
0.197114,-0.980381
0.197800,-0.980242
0.199969,-0.979802
0.200025,-0.979791
0.203935,-0.978984
0.204080,-0.978954
0.204431,-0.978881
0.205770,-0.978600
0.207495,-0.978236
0.208648,-0.977991
0.209355,-0.977840
0.211820,-0.977309
0.213322,-0.976982
0.213778,-0.976882
0.214600,-0.976702
0.215969,-0.976400
0.217445,-0.976073
0.219963,-0.975508
0.221039,-0.975265
0.222299,-0.974978
0.224657,-0.974438
0.224875,-0.974388
0.225727,-0.974191
0.227182,-0.973852
0.227456,-0.973788
0.229414,-0.973329
0.229726,-0.973255
0.230161,-0.973152
0.234541,-0.972106
0.235482,-0.971879
0.236054,-0.971740
0.236851,-0.971546
0.237185,-0.971465
0.238853,-0.971056
0.239003,-0.971019
0.240032,-0.970765
0.241221,-0.970470
0.241348,-0.970439
0.244473,-0.969656
0.245352,-0.969434
0.249444,-0.968389
0.250080,-0.968225
0.250100,-0.968220
0.250548,-0.968104
0.250796,-0.968040
0.252910,-0.967490
0.256396,-0.966572
0.256918,-0.966433
0.256930,-0.966430
0.258240,-0.966081
0.262671,-0.964886
0.263638,-0.964622
0.266297,-0.963891
0.267684,-0.963507
0.271808,-0.962352
0.275534,-0.961291
0.276534,-0.961004
0.276751,-0.960942
0.277481,-0.960731
0.279294,-0.960206
0.282131,-0.959376
0.282445,-0.959284
0.283508,-0.958970
0.283849,-0.958869
0.289289,-0.957242
0.293714,-0.955893
0.294274,-0.955721
0.295480,-0.955349
0.300722,-0.953712
0.302429,-0.953172
0.303586,-0.952804
0.304371,-0.952554
0.307826,-0.951443
0.308668,-0.951170
0.308756,-0.951141
0.309243,-0.950983
0.310558,-0.950554
0.311961,-0.950095
0.312179,-0.950023
0.314432,-0.949280
0.315289,-0.948996
0.315401,-0.948958
0.316054,-0.948741
0.316994,-0.948427
0.317527,-0.948249
0.317657,-0.948206
0.317855,-0.948139
0.318651,-0.947872
0.320991,-0.947082
0.323610,-0.946191
0.324309,-0.945951
0.324314,-0.945949
0.325414,-0.945572
0.325806,-0.945437
0.325843,-0.945424
0.326463,-0.945210
0.328527,-0.944494
0.332493,-0.943106
0.332614,-0.943063
0.332955,-0.942943
0.337541,-0.941311
0.340602,-0.940208
0.342783,-0.939415
0.342960,-0.939350
0.345747,-0.938328
0.345795,-0.938310
0.347938,-0.937518
0.354254,-0.935149
0.355259,-0.934768
0.355362,-0.934729
0.355604,-0.934637
0.358550,-0.933510
0.360034,-0.932939
0.360969,-0.932578
0.362375,-0.932032
0.365013,-0.931002
0.365041,-0.930991
0.365394,-0.930853
0.366885,-0.930266
0.373460,-0.927646
0.374654,-0.927165
0.375843,-0.926683
0.378858,-0.925455
0.379313,-0.925268
0.380040,-0.924970
0.380458,-0.924798
0.381084,-0.924541
0.382019,-0.924154
0.386876,-0.922132
0.388773,-0.921334
0.390932,-0.920419
0.392942,-0.919563
0.393624,-0.919272
0.394010,-0.919106
0.394321,-0.918973
0.394543,-0.918878
0.395804,-0.918335
0.398255,-0.917275
0.399095,-0.916910
0.400974,-0.916089
0.401615,-0.915809
0.402613,-0.915370
0.406847,-0.913496
0.409171,-0.912458
0.412014,-0.911177
0.412977,-0.910742
0.413146,-0.910665
0.414333,-0.910125
0.414461,-0.910067
0.414542,-0.910030
0.415272,-0.909697
0.415456,-0.909613
0.415500,-0.909593
0.416675,-0.909055
0.419112,-0.907934
0.419720,-0.907654
0.420162,-0.907449
0.420668,-0.907215
0.423097,-0.906084
0.425867,-0.904786
0.427654,-0.903942
0.430088,-0.902787
0.431725,-0.902005
0.433892,-0.900965
0.438194,-0.898880
0.440759,-0.897625
0.441396,-0.897313
0.444177,-0.895939
0.445203,-0.895430
0.446317,-0.894875
0.446410,-0.894829
0.446579,-0.894744
0.452988,-0.891517
0.453465,-0.891274
0.455186,-0.890396
0.458811,-0.888534
0.461209,-0.887292
0.462353,-0.886696
0.463623,-0.886033
0.466334,-0.884609
0.466381,-0.884584
0.469214,-0.883084
0.469420,-0.882975
0.469659,-0.882848
0.472161,-0.881512
0.473514,-0.880786
0.476090,-0.879396
0.476459,-0.879196
0.479543,-0.877519
0.481082,-0.876676
0.481106,-0.876662
0.481980,-0.876182
0.482084,-0.876125
0.483107,-0.875561
0.486564,-0.873645
0.486632,-0.873607
0.486670,-0.873586
0.486686,-0.873577
0.486718,-0.873559
0.488913,-0.872333
0.490223,-0.871597
0.493842,-0.869552
0.495850,-0.868408
0.495895,-0.868383
0.495904,-0.868377
0.498896,-0.866662
0.502675,-0.864476
0.503424,-0.864040
0.503535,-0.863975
0.505514,-0.862819
0.507620,-0.861581
0.508143,-0.861272
0.508957,-0.860792
0.510348,-0.859968
0.510613,-0.859811
0.510997,-0.859583
0.515750,-0.856739
0.519215,-0.854644
0.520090,-0.854111
0.521181,-0.853446
0.521194,-0.853438
0.521354,-0.853341
0.521414,-0.853304
0.522668,-0.852536
0.523316,-0.852139
0.526238,-0.850337
0.528675,-0.848824
0.529237,-0.848474
0.530644,-0.847595
0.531355,-0.847149
0.534129,-0.845403
0.534449,-0.845201
0.535007,-0.844847
0.535032,-0.844832
0.535608,-0.844467
0.538784,-0.842444
0.539447,-0.842020
0.539560,-0.841947
0.539572,-0.841939
0.541090,-0.840965
0.543401,-0.839473
0.544235,-0.838933
0.544449,-0.838794
0.546339,-0.837564
0.547593,-0.836745
0.547865,-0.836567
0.548264,-0.836305
0.549918,-0.835219
0.550941,-0.834544
0.558317,-0.829628
0.559014,-0.829159
0.559032,-0.829146
0.559362,-0.828923
0.560126,-0.828408
0.563481,-0.826129
0.563965,-0.825799
0.565451,-0.824782
0.566418,-0.824118
0.566674,-0.823942
0.567713,-0.823227
0.568935,-0.822383
0.571728,-0.820443
0.572169,-0.820135
0.573662,-0.819092
0.579811,-0.814751
0.580416,-0.814320
0.581711,-0.813396
0.581855,-0.813292
0.583247,-0.812295
0.583417,-0.812173
0.583897,-0.811828
0.584259,-0.811568
0.585603,-0.810598
0.588351,-0.808606
0.588712,-0.808343
0.589909,-0.807470
0.592777,-0.805367
0.593463,-0.804861
0.593856,-0.804571
0.593977,-0.804482
0.595046,-0.803692
0.595836,-0.803106
0.596536,-0.802586
0.597039,-0.802212
0.597210,-0.802085
0.598424,-0.801180
0.598878,-0.800840
0.603758,-0.797167
0.604107,-0.796903
0.606575,-0.795026
0.607411,-0.794388
0.607632,-0.794219
0.608373,-0.793651
0.608777,-0.793341
0.609111,-0.793085
0.609209,-0.793009
0.610651,-0.791900
0.613115,-0.789994
0.615127,-0.788428
0.615321,-0.788277
0.615406,-0.788210
0.616688,-0.787207
0.617482,-0.786585
0.617558,-0.786526
0.617675,-0.786433
0.620551,-0.784166
0.620887,-0.783900
0.621105,-0.783728
0.624635,-0.780917
0.624642,-0.780911
0.626702,-0.779259
0.627921,-0.778277
0.628807,-0.777562
0.629273,-0.777184
0.629286,-0.777173
0.630825,-0.775925
0.632357,-0.774677
0.632685,-0.774409
0.635255,-0.772302
0.637393,-0.770539
0.637703,-0.770283
0.637890,-0.770127
0.638210,-0.769863
0.638695,-0.769460
0.639205,-0.769036
0.642232,-0.766510
0.643318,-0.765599
0.644590,-0.764528
0.646374,-0.763021
0.647809,-0.761803
0.648906,-0.760868
0.650207,-0.759757
0.650298,-0.759679
0.652071,-0.758158
0.652542,-0.757752
0.652757,-0.757567
0.653138,-0.757239
0.654876,-0.755736
0.655500,-0.755195
0.656244,-0.754549
0.657307,-0.753623
0.657832,-0.753165
0.660538,-0.750792
0.660921,-0.750456
0.661208,-0.750202
0.661748,-0.749727
0.662444,-0.749111
0.663058,-0.748568
0.663162,-0.748476
0.663585,-0.748101
0.663662,-0.748033
0.664071,-0.747669
0.664520,-0.747271
0.666208,-0.745766
0.666986,-0.745071
0.667226,-0.744856
0.667825,-0.744318
0.667984,-0.744175
0.670760,-0.741675
0.673734,-0.738974
0.674251,-0.738502
0.674870,-0.737937
0.676426,-0.736511
0.677318,-0.735690
0.677371,-0.735642
0.677377,-0.735636
0.677460,-0.735559
0.677695,-0.735343
0.679456,-0.733716
0.681492,-0.731826
0.682921,-0.730492
0.684642,-0.728880
0.684663,-0.728860
0.685534,-0.728041
0.687828,-0.725873
0.688608,-0.725134
0.688734,-0.725014
0.688745,-0.725004
0.689802,-0.723998
0.690610,-0.723228
0.695617,-0.718413
0.696141,-0.717905
0.696510,-0.717547
0.698501,-0.715609
0.700181,-0.713965
0.700698,-0.713458
0.701318,-0.712848
0.704351,-0.709851
0.704501,-0.709703
0.704637,-0.709568
0.704681,-0.709524
0.705541,-0.708669
0.705700,-0.708511
0.705979,-0.708233
0.707771,-0.706442
0.708031,-0.706181
0.711031,-0.703160
0.712363,-0.701812
0.713666,-0.700486
0.715271,-0.698847
0.717705,-0.696347
0.717910,-0.696136
0.718551,-0.695474
0.718827,-0.695189
0.718943,-0.695069
0.719854,-0.694125
0.720766,-0.693179
0.722080,-0.691810
0.722108,-0.691780
0.723163,-0.690677
0.724399,-0.689381
0.726490,-0.687177
0.727229,-0.686395
0.727343,-0.686274
0.729945,-0.683506
0.730606,-0.682799
0.730644,-0.682759
0.732620,-0.680638
0.734000,-0.679150
0.735914,-0.677075
0.737481,-0.675368
0.737879,-0.674933
0.738039,-0.674758
0.745444,-0.666568
0.746874,-0.664966
0.750245,-0.661160
0.750599,-0.660758
0.751135,-0.660148
0.751745,-0.659454
0.752831,-0.658214
0.753662,-0.657262
0.755010,-0.655713
0.756564,-0.653919
0.756744,-0.653711
0.756954,-0.653468
0.757039,-0.653370
0.759322,-0.650715
0.759772,-0.650190
0.762095,-0.647465
0.762335,-0.647182
0.763376,-0.645954
0.764147,-0.645042
0.764873,-0.644181
0.765092,-0.643921
0.766167,-0.642642
0.766494,-0.642251
0.766953,-0.641704
0.767231,-0.641370
0.767665,-0.640851
0.768633,-0.639689
0.769290,-0.638900
0.769484,-0.638666
0.769632,-0.638488
0.769692,-0.638415
0.769907,-0.638157
0.770046,-0.637989
0.771620,-0.636084
0.772553,-0.634950
0.776042,-0.630681
0.776879,-0.629649
0.776888,-0.629639
0.777794,-0.628519
0.779836,-0.625983
0.779878,-0.625931
0.785632,-0.618695
0.786055,-0.618157
0.786236,-0.617927
0.789251,-0.614070
0.789410,-0.613866
0.789973,-0.613142
0.791539,-0.611119
0.793721,-0.608283
0.794347,-0.607464
0.795706,-0.605684
0.796973,-0.604015
0.797654,-0.603116
0.798182,-0.602417
0.798808,-0.601586
0.800058,-0.599923
0.800354,-0.599528
0.800402,-0.599464
0.801698,-0.597729
0.802782,-0.596272
0.803001,-0.595978
0.803757,-0.594958
0.804399,-0.594090
0.805094,-0.593147
0.805952,-0.591981
0.809441,-0.587202
0.810446,-0.585813
0.811382,-0.584517
0.812311,-0.583224
0.812406,-0.583093
0.812558,-0.582880
0.815439,-0.578843
0.816311,-0.577613
0.816810,-0.576907
0.818461,-0.574562
0.819648,-0.572867
0.820037,-0.572310
0.820671,-0.571401
0.821410,-0.570338
0.822092,-0.569354
0.822184,-0.569222
0.822188,-0.569216
0.825595,-0.564263
0.826583,-0.562814
0.826655,-0.562708
0.828130,-0.560536
0.828338,-0.560229
0.828425,-0.560100
0.828486,-0.560009
0.828961,-0.559306
0.829073,-0.559140
0.829221,-0.558921
0.829346,-0.558735
0.830098,-0.557618
0.831756,-0.555142
0.832449,-0.554101
0.833055,-0.553190
0.833135,-0.553070
0.833328,-0.552780
0.833454,-0.552589
0.834273,-0.551352
0.834336,-0.551256
0.834602,-0.550854
0.837709,-0.546116
0.839496,-0.543366
0.841348,-0.540493
0.841653,-0.540019
0.841655,-0.540016
0.842546,-0.538624
0.845472,-0.534020
0.847996,-0.530002
0.848016,-0.529971
0.848427,-0.529313
0.848504,-0.529189
0.848635,-0.528979
0.851225,-0.524800
0.851555,-0.524265
0.852102,-0.523377
0.855303,-0.518128
0.856344,-0.516405
0.856764,-0.515709
0.856829,-0.515601
0.857225,-0.514943
0.857228,-0.514937
0.857797,-0.513989
0.858374,-0.513024
0.858764,-0.512371
0.860377,-0.509658
0.860749,-0.509030
0.861467,-0.507813
0.861845,-0.507172
0.862170,-0.506620
0.862266,-0.506455
0.862688,-0.505737
0.863075,-0.505075
0.863140,-0.504965
0.863218,-0.504831
0.863655,-0.504083
0.864444,-0.502729
0.864618,-0.502429
0.864741,-0.502218
0.865723,-0.500524
0.866461,-0.499245
0.866786,-0.498680
0.867242,-0.497887
0.867348,-0.497702
0.868862,-0.495054
0.868881,-0.495021
0.871034,-0.491223
0.871358,-0.490648
0.871763,-0.489928
0.871798,-0.489866
0.872367,-0.488851
0.872663,-0.488324
0.872680,-0.488292
0.873674,-0.486513
0.874558,-0.484921
0.875861,-0.482563
0.876033,-0.482251
0.876272,-0.481817
0.876410,-0.481566
0.876697,-0.481043
0.877303,-0.479938
0.877311,-0.479923
0.877689,-0.479231
0.879200,-0.476453
0.880051,-0.474880
0.882983,-0.469404
0.883741,-0.467977
0.884045,-0.467402
0.884477,-0.466583
0.884934,-0.465717
0.885071,-0.465457
0.885921,-0.463836
0.886131,-0.463436
0.886287,-0.463136
0.886608,-0.462522
0.887747,-0.460332
0.889170,-0.457578
0.890911,-0.454178
0.891658,-0.452709
0.894352,-0.447364
0.895328,-0.445408
0.895965,-0.444125
0.896041,-0.443972
0.897105,-0.441817
0.898168,-0.439652
0.898290,-0.439403
0.898507,-0.438958
0.898798,-0.438363
0.899259,-0.437417
0.899385,-0.437158
0.899823,-0.436256
0.900564,-0.434724
0.901286,-0.433224
0.901644,-0.432479
0.901647,-0.432474
0.902315,-0.431078
0.903663,-0.428244
0.904114,-0.427291
0.904269,-0.426964
0.904349,-0.426794
0.904918,-0.425586
0.905231,-0.424920
0.905530,-0.424283
0.905536,-0.424269
0.905657,-0.424011
0.907964,-0.419048
0.908334,-0.418247
0.908492,-0.417903
0.908775,-0.417287
0.909805,-0.415036
0.909824,-0.414994
0.910882,-0.412666
0.911467,-0.411373
0.916342,-0.400397
0.917564,-0.397588
0.917850,-0.396929
0.918100,-0.396349
0.920334,-0.391134
0.920422,-0.390926
0.922016,-0.387151
0.922765,-0.385363
0.924205,-0.381897
0.925132,-0.379646
0.926232,-0.376954
0.926398,-0.376545
0.926537,-0.376204
0.926588,-0.376079
0.927465,-0.373909
0.927501,-0.373822
0.927912,-0.372800
0.928575,-0.371145
0.928696,-0.370842
0.929840,-0.367963
0.929913,-0.367780
0.930197,-0.367060
0.930351,-0.366670
0.930917,-0.365232
0.931728,-0.363157
0.931807,-0.362955
0.931877,-0.362775
0.931943,-0.362604
0.932020,-0.362408
0.932681,-0.360701
0.932777,-0.360453
0.932905,-0.360124
0.933199,-0.359359
0.933884,-0.357575
0.934384,-0.356268
0.936323,-0.351139
0.938356,-0.345671
0.938578,-0.345068
0.938757,-0.344580
0.938846,-0.344337
0.939160,-0.343480
0.939807,-0.341706
0.939953,-0.341303
0.940353,-0.340201
0.943128,-0.332429
0.945265,-0.326303
0.945511,-0.325591
0.945598,-0.325337
0.946972,-0.321317
0.947476,-0.319826
0.947605,-0.319444
0.948101,-0.317968
0.949541,-0.313642
0.950305,-0.311320
0.950383,-0.311081
0.951202,-0.308570
0.952074,-0.305867
0.952125,-0.305708
0.952414,-0.304807
0.952445,-0.304711
0.954688,-0.297608
0.954760,-0.297378
0.955934,-0.293581
0.956562,-0.291529
0.957648,-0.287941
0.957761,-0.287566
0.958357,-0.285573
0.958499,-0.285095
0.958701,-0.284416
0.958758,-0.284224
0.959377,-0.282126
0.959416,-0.281995
0.959700,-0.281028
0.959835,-0.280564
0.960033,-0.279885
0.961244,-0.275698
0.961309,-0.275473
0.961788,-0.273797
0.962026,-0.272957
0.962122,-0.272619
0.962309,-0.271959
0.962331,-0.271880
0.962733,-0.270452
0.963106,-0.269121
0.963625,-0.267260
0.963860,-0.266410
0.963896,-0.266278
0.965730,-0.259547
0.966230,-0.257680
0.966838,-0.255391
0.966877,-0.255241
0.966891,-0.255190
0.967258,-0.253794
0.967336,-0.253498
0.968026,-0.250850
0.968878,-0.247539
0.969118,-0.246596
0.969210,-0.246235
0.969328,-0.245771
0.969725,-0.244199
0.970051,-0.242900
0.971275,-0.237961
0.971515,-0.236978
0.971534,-0.236900
0.971790,-0.235848
0.972765,-0.231793
0.973238,-0.229799
0.974696,-0.223535
0.974771,-0.223207
0.975670,-0.219246
0.975973,-0.217890
0.976210,-0.216825
0.976308,-0.216386
0.976707,-0.214576
0.976786,-0.214216
0.976820,-0.214061
0.977399,-0.211405
0.977449,-0.211173
0.977719,-0.209918
0.977881,-0.209164
0.978226,-0.207541
0.978297,-0.207209
0.978485,-0.206319
0.978982,-0.203948
0.979140,-0.203187
0.980428,-0.196876
0.981017,-0.193920
0.981084,-0.193583
0.981438,-0.191778
0.981848,-0.189671
0.981974,-0.189015
0.982295,-0.187342
0.982401,-0.186787
0.982632,-0.185566
0.983118,-0.182972
0.983306,-0.181958
0.983363,-0.181652
0.983610,-0.180309
0.983751,-0.179540
0.984236,-0.176858
0.984339,-0.176286
0.984829,-0.173530
0.985296,-0.170855
0.985812,-0.167852
0.986076,-0.166296
0.986646,-0.162880
0.986789,-0.162014
0.987467,-0.157823
0.988141,-0.153552
0.988246,-0.152875
0.988368,-0.152080
0.988597,-0.150588
0.988798,-0.149261
0.988862,-0.148835
0.989000,-0.147916
0.989007,-0.147872
0.989220,-0.146438
0.989285,-0.145997
0.989404,-0.145186
0.989415,-0.145117
0.989598,-0.143861
0.990007,-0.141019
0.990012,-0.140986
0.990117,-0.140242
0.990556,-0.137106
0.990995,-0.133896
0.991312,-0.131530
0.991700,-0.128572
0.991802,-0.127785
0.991862,-0.127320
0.992294,-0.123906
0.992326,-0.123652
0.992603,-0.121403
0.992605,-0.121389
0.992706,-0.120563
0.992726,-0.120392
0.992887,-0.119057
0.993089,-0.117364
0.993183,-0.116565
0.993449,-0.114274
0.993552,-0.113375
0.993754,-0.111594
0.993880,-0.110461
0.993886,-0.110415
0.994044,-0.108982
0.994129,-0.108202
0.994156,-0.107951
0.994214,-0.107419
0.994280,-0.106804
0.994625,-0.103543
0.994685,-0.102966
0.995196,-0.097906
0.995199,-0.097869
0.995597,-0.093738
0.995653,-0.093140
0.995661,-0.093055
0.995701,-0.092629
0.995773,-0.091848
0.995777,-0.091809
0.995861,-0.090886
0.995870,-0.090786
0.995917,-0.090271
0.996086,-0.088389
0.996140,-0.087780
0.996286,-0.086103
0.996448,-0.084208
0.996461,-0.084058
0.996541,-0.083101
0.996806,-0.079855
0.996850,-0.079313
0.996874,-0.079012
0.996878,-0.078959
0.996960,-0.077909
0.997527,-0.070286
0.997560,-0.069819
0.997605,-0.069169
0.997858,-0.065410
0.997930,-0.064317
0.998074,-0.062030
0.998091,-0.061761
0.998160,-0.060640
0.998268,-0.058826
0.998304,-0.058221
0.998478,-0.055153
0.998614,-0.052627
0.998617,-0.052580
0.998691,-0.051143
0.998936,-0.046110
0.999015,-0.044380
0.999075,-0.043003
0.999151,-0.041208
0.999168,-0.040787
0.999184,-0.040401
0.999318,-0.036915
0.999372,-0.035424
0.999453,-0.033079
0.999466,-0.032673
0.999498,-0.031683
0.999500,-0.031626
0.999516,-0.031107
0.999544,-0.030194
0.999588,-0.028691
0.999592,-0.028554
0.999647,-0.026587
0.999704,-0.024318
0.999739,-0.022860
0.999796,-0.020212
0.999829,-0.018474
0.999875,-0.015795
0.999902,-0.013973
0.999920,-0.012650
0.999925,-0.012250
0.999942,-0.010742
0.999943,-0.010679
0.999958,-0.009133
0.999979,-0.006512
0.999993,-0.003606
