0.999998,0.001756
0.999997,0.002562
0.999996,0.002758
0.999995,0.003256
0.999991,0.004216
0.999970,0.007780
0.999966,0.008240
0.999946,0.010346
0.999937,0.011193
0.999914,0.013105
0.999906,0.013678
0.999885,0.015137
0.999838,0.017990
0.999741,0.022770
0.999724,0.023511
0.999634,0.027060
0.999565,0.029509
0.999537,0.030427
0.999524,0.030843
0.999514,0.031174
0.999513,0.031217
0.998911,0.046667
0.998868,0.047568
0.998832,0.048326
0.998655,0.051842
0.998599,0.052913
0.998243,0.059255
0.998216,0.059701
0.998049,0.062428
0.998019,0.062910
0.997509,0.070543
0.997374,0.072418
0.996843,0.079403
0.996705,0.081115
0.996662,0.081644
0.996493,0.083680
0.996416,0.084592
0.996258,0.086430
0.995941,0.090014
0.995636,0.093323
0.995624,0.093453
0.995027,0.099601
0.994751,0.102326
0.993900,0.110285
0.993745,0.111676
0.993658,0.112449
0.993352,0.115113
0.993200,0.116425
0.993012,0.118011
0.992894,0.118999
0.991830,0.127565
0.991724,0.128385
0.991613,0.129242
0.991175,0.132559
0.991160,0.132669
0.991120,0.132969
0.990923,0.134433
0.990818,0.135202
0.990389,0.138313
0.990195,0.139694
0.989276,0.146060
0.988923,0.148426
0.988191,0.153229
0.987952,0.154759
0.987858,0.155359
0.987598,0.157003
0.986732,0.162359
0.986610,0.163095
0.985962,0.166967
0.985685,0.168600
0.984982,0.172654
0.984478,0.175506
0.983888,0.178786
0.983837,0.179067
0.983615,0.180281
0.983019,0.183505
0.982997,0.183623
0.982984,0.183690
0.982326,0.187176
0.982123,0.188241
0.981966,0.189057
0.981742,0.190219
0.980953,0.194245
0.980391,0.197062
0.980228,0.197869
0.980135,0.198331
0.979825,0.199860
0.979361,0.202118
0.979156,0.203110
0.978923,0.204231
0.977953,0.208827
0.977945,0.208865
0.977576,0.210581
0.976614,0.214998
0.975689,0.219160
0.975546,0.219795
0.974765,0.223232
0.974749,0.223302
0.973338,0.229375
0.972536,0.232752
0.972414,0.233264
0.971625,0.236525
0.971402,0.237442
0.971175,0.238368
0.971063,0.238825
0.970120,0.242624
0.968931,0.247330
0.968424,0.249311
0.967758,0.251881
0.967506,0.252849
0.967185,0.254072
0.966935,0.255022
0.966784,0.255594
0.966395,0.257061
0.966021,0.258463
0.965707,0.259633
0.964546,0.263914
0.964359,0.264596
0.963577,0.267431
0.963111,0.269106
0.963056,0.269301
0.963026,0.269409
0.961607,0.274431
0.961421,0.275081
0.960712,0.277548
0.960263,0.279097
0.960176,0.279395
0.959740,0.280889
0.959130,0.282966
0.958974,0.283493
0.958664,0.284541
0.958622,0.284682
0.956187,0.292758
0.954966,0.296717
0.953605,0.301061
0.953041,0.302843
0.953027,0.302886
0.952983,0.303025
0.952763,0.303714
0.952750,0.303755
0.952490,0.304570
0.951937,0.306295
0.951916,0.306359
0.951639,0.307218
0.951543,0.307515
0.951113,0.308843
0.950083,0.311996
0.949103,0.314965
0.948804,0.315866
0.948435,0.316971
0.946868,0.321621
0.946675,0.322190
0.946404,0.322986
0.946195,0.323597
0.945883,0.324506
0.945412,0.325876
0.944009,0.329919
0.943785,0.330561
0.941573,0.336809
0.941238,0.337743
0.941156,0.337973
0.940562,0.339622
0.939894,0.341467
0.939447,0.342695
0.938898,0.344196
0.937889,0.346935
0.936431,0.350852
0.936107,0.351715
0.935183,0.354164
0.934654,0.355560
0.934524,0.355901
0.934032,0.357189
0.933420,0.358787
0.933343,0.358986
0.933073,0.359688
0.932023,0.362399
0.930002,0.367555
0.927731,0.373250
0.926152,0.377149
0.925610,0.378478
0.925414,0.378958
0.923423,0.383785
0.923187,0.384351
0.922747,0.385406
0.922706,0.385505
0.922418,0.386192
0.921842,0.387565
0.920343,0.391112
0.920291,0.391234
0.918924,0.394434
0.918068,0.396424
0.917316,0.398161
0.916118,0.400909
0.915808,0.401617
0.915082,0.403268
0.915012,0.403426
0.914455,0.404687
0.914275,0.405093
0.914055,0.405590
0.912511,0.409052
0.912483,0.409114
0.910411,0.413706
0.910315,0.413917
0.909475,0.415758
0.908946,0.416914
0.906812,0.421535
0.905307,0.424757
0.905099,0.425200
0.904543,0.426382
0.904531,0.426409
0.903853,0.427843
0.903473,0.428644
0.902939,0.429769
0.902750,0.430166
0.902543,0.430600
0.901927,0.431888
0.900447,0.434965
0.900349,0.435168
0.900256,0.435362
0.899534,0.436852
0.899053,0.437841
0.898802,0.438354
0.898435,0.439106
0.898216,0.439555
0.897735,0.440535
0.896940,0.442151
0.896538,0.442968
0.891155,0.453699
0.890559,0.454868
0.887778,0.460272
0.887407,0.460987
0.886236,0.463235
0.886085,0.463522
0.886038,0.463612
0.883033,0.469311
0.880950,0.473210
0.880795,0.473498
0.880414,0.474206
0.880291,0.474434
0.878405,0.477917
0.877648,0.479306
0.877599,0.479395
0.876281,0.481800
0.874492,0.485039
0.870412,0.492324
0.870410,0.492328
0.865831,0.500336
0.864915,0.501918
0.862492,0.506071
0.862307,0.506386
0.861242,0.508195
0.860981,0.508638
0.860568,0.509336
0.859051,0.511890
0.858797,0.512316
0.858583,0.512675
0.853883,0.520465
0.853198,0.521587
0.852485,0.522752
0.852397,0.522896
0.851862,0.523766
0.851018,0.525136
0.850547,0.525899
0.849378,0.527785
0.849254,0.527984
0.849040,0.528329
0.848815,0.528690
0.848355,0.529428
0.848299,0.529517
0.847827,0.530274
0.847677,0.530513
0.847600,0.530636
0.846056,0.533094
0.845966,0.533236
0.845672,0.533703
0.845205,0.534442
0.844637,0.535340
0.844279,0.535904
0.844211,0.536011
0.843668,0.536865
0.843456,0.537199
0.842697,0.538388
0.841288,0.540587
0.840421,0.541935
0.839964,0.542642
0.839422,0.543481
0.838161,0.545423
0.836934,0.547303
0.836019,0.548701
0.835588,0.549357
0.835220,0.549916
0.835075,0.550137
0.834098,0.551616
0.832736,0.553670
0.832491,0.554038
0.831927,0.554885
0.829190,0.558967
0.829130,0.559056
0.827642,0.561257
0.823583,0.567196
0.820564,0.571555
0.819533,0.573033
0.819022,0.573762
0.817601,0.575785
0.816639,0.577149
0.815324,0.579005
0.813748,0.581218
0.812566,0.582869
0.812420,0.583073
0.811105,0.584901
0.810088,0.586309
0.810058,0.586350
0.809303,0.587392
0.805220,0.592977
0.803375,0.595473
0.802427,0.596750
0.799992,0.600010
0.798360,0.602180
0.797372,0.603488
0.795536,0.605906
0.791988,0.610537
0.791791,0.610792
0.790215,0.612830
0.790123,0.612948
0.789435,0.613834
0.788246,0.615361
0.786363,0.617765
0.785592,0.618745
0.784910,0.619610
0.784323,0.620352
0.782673,0.622432
0.782004,0.623274
0.780027,0.625745
0.779791,0.626040
0.777673,0.628669
0.776382,0.630262
0.776372,0.630275
0.774527,0.632541
0.773656,0.633606
0.773134,0.634243
0.770082,0.637945
0.769859,0.638214
0.769278,0.638914
0.768651,0.639668
0.768475,0.639880
0.766350,0.642423
0.766263,0.642527
0.766124,0.642692
0.765150,0.643852
0.764016,0.645197
0.762453,0.647043
0.761281,0.648422
0.758905,0.651202
0.758897,0.651210
0.758689,0.651453
0.758088,0.652153
0.755985,0.654589
0.755481,0.655170
0.753183,0.657811
0.752776,0.658277
0.750126,0.661295
0.749155,0.662394
0.748464,0.663175
0.747742,0.663989
0.747468,0.664297
0.743855,0.668341
0.742735,0.669586
0.741450,0.671008
0.739799,0.672828
0.739113,0.673581
0.735962,0.677023
0.735611,0.677404
0.735094,0.677965
0.733077,0.680145
0.730017,0.683429
0.728816,0.684710
0.726340,0.687335
0.725505,0.688217
0.725005,0.688744
0.724442,0.689336
0.724420,0.689359
0.721342,0.692579
0.720451,0.693506
0.719940,0.694036
0.717999,0.696044
0.713396,0.700761
0.710438,0.703759
0.709568,0.704637
0.709312,0.704895
0.708653,0.705557
0.708527,0.705684
0.708157,0.706055
0.707803,0.706410
0.705578,0.708632
0.703479,0.710716
0.701478,0.712691
0.700844,0.713314
0.699931,0.714210
0.699373,0.714757
0.699060,0.715063
0.698064,0.716035
0.697265,0.716813
0.693756,0.720210
0.691808,0.722082
0.691614,0.722267
0.689043,0.724721
0.685747,0.727840
0.685622,0.727958
0.685031,0.728514
0.684992,0.728551
0.684641,0.728880
0.682484,0.730900
0.681875,0.731469
0.678233,0.734847
0.677163,0.735833
0.675933,0.736963
0.675725,0.737153
0.675563,0.737303
0.671489,0.741014
0.670056,0.742310
0.668789,0.743453
0.668730,0.743505
0.663787,0.747922
0.662123,0.749395
0.660216,0.751076
0.654813,0.755791
0.653815,0.756655
0.651391,0.758742
0.651294,0.758826
0.649919,0.760004
0.648747,0.761004
0.648215,0.761457
0.646151,0.763210
0.645722,0.763572
0.643536,0.765416
0.643525,0.765425
0.641031,0.767515
0.640743,0.767756
0.639293,0.768963
0.638106,0.769949
0.635095,0.772434
0.635095,0.772434
0.635032,0.772486
0.633464,0.773772
0.633414,0.773813
0.632493,0.774566
0.632077,0.774906
0.631934,0.775023
0.629663,0.776868
0.626624,0.779322
0.626364,0.779530
0.623222,0.782045
0.622835,0.782353
0.620857,0.783924
0.620366,0.784312
0.620278,0.784382
0.619356,0.785110
0.615609,0.788052
0.615001,0.788526
0.614931,0.788581
0.609327,0.792919
0.608347,0.793671
0.603065,0.797692
0.602518,0.798106
0.601690,0.798730
0.601008,0.799243
0.599662,0.800253
0.598195,0.801351
0.597876,0.801589
0.596431,0.802665
0.595440,0.803400
0.594815,0.803863
0.593089,0.805137
0.592918,0.805263
0.591238,0.806497
0.588696,0.808354
0.586487,0.809958
0.585935,0.810358
0.582757,0.812646
0.576674,0.816975
0.576500,0.817097
0.576489,0.817105
0.575408,0.817866
0.571298,0.820743
0.571112,0.820872
0.569790,0.821790
0.569633,0.821899
0.566625,0.823976
0.564453,0.825465
0.563528,0.826097
0.563087,0.826398
0.560948,0.827851
0.557693,0.830047
0.554307,0.832312
0.553764,0.832673
0.544364,0.838849
0.542987,0.839741
0.542866,0.839820
0.542610,0.839985
0.537644,0.843172
0.534989,0.844859
0.532591,0.846373
0.532185,0.846628
0.531059,0.847335
0.528476,0.848948
0.528411,0.848989
0.527074,0.849819
0.524649,0.851319
0.524248,0.851566
0.523649,0.851934
0.521102,0.853495
0.518792,0.854901
0.513667,0.857989
0.510369,0.859955
0.506535,0.862219
0.506075,0.862489
0.504699,0.863295
0.503298,0.864113
0.500215,0.865901
0.492902,0.870085
0.492147,0.870512
0.490777,0.871285
0.490271,0.871570
0.490256,0.871578
0.489294,0.872119
0.488409,0.872615
0.484267,0.874920
0.479271,0.877667
0.479173,0.877721
0.473338,0.880881
0.472737,0.881203
0.472593,0.881281
0.466941,0.884289
0.464958,0.885333
0.464394,0.885628
0.461168,0.887313
0.458516,0.888686
0.458410,0.888741
0.456817,0.889561
0.456225,0.889865
0.455170,0.890405
0.453396,0.891309
0.452906,0.891558
0.448451,0.893807
0.447995,0.894036
0.445195,0.895434
0.442479,0.896779
0.441080,0.897468
0.440353,0.897825
0.439804,0.898094
0.439183,0.898398
0.437357,0.899288
0.435740,0.900072
0.427693,0.903924
0.426685,0.904400
0.426612,0.904435
0.426114,0.904670
0.425313,0.905046
0.423007,0.906127
0.422363,0.906427
0.420979,0.907070
0.420468,0.907307
0.417921,0.908484
0.417232,0.908800
0.415192,0.909734
0.414292,0.910144
0.413473,0.910516
0.412852,0.910798
0.412046,0.911163
0.411852,0.911251
0.410741,0.911752
0.409036,0.912518
0.408014,0.912976
0.407153,0.913360
0.406833,0.913502
0.406612,0.913601
0.405910,0.913913
0.404945,0.914341
0.382391,0.924001
0.371662,0.928368
0.365848,0.930675
0.365582,0.930779
0.365027,0.930997
0.364484,0.931210
0.363984,0.931405
0.363422,0.931624
0.362645,0.931928
0.362285,0.932067
0.360171,0.932886
0.357913,0.933755
0.357793,0.933801
0.353068,0.935598
0.352024,0.935991
0.351405,0.936224
0.351360,0.936240
0.350554,0.936543
0.347884,0.937538
0.347066,0.937841
0.345678,0.938353
0.345062,0.938580
0.338581,0.940937
0.336554,0.941664
0.335243,0.942132
0.333394,0.942788
0.332912,0.942958
0.331658,0.943400
0.327507,0.944849
0.323735,0.946148
0.321544,0.946895
0.320886,0.947118
0.319833,0.947474
0.318482,0.947929
0.316686,0.948531
0.315751,0.948842
0.314944,0.949110
0.314577,0.949232
0.314419,0.949284
0.311327,0.950303
0.309216,0.950992
0.307903,0.951418
0.307596,0.951517
0.304453,0.952528
0.303718,0.952762
0.299586,0.954069
0.296154,0.955140
0.296110,0.955154
0.293731,0.955888
0.291401,0.956601
0.286869,0.957970
0.286520,0.958074
0.285357,0.958421
0.284987,0.958531
0.284871,0.958566
0.277205,0.960811
0.274084,0.961706
0.270891,0.962610
0.269339,0.963046
0.268450,0.963294
0.267979,0.963425
0.266153,0.963931
0.264889,0.964279
0.264608,0.964356
0.263807,0.964575
0.263421,0.964681
0.263015,0.964792
0.261219,0.965280
0.260028,0.965601
0.258625,0.965978
0.257705,0.966224
0.256647,0.966505
0.255685,0.966760
0.254986,0.966945
0.253174,0.967421
0.252117,0.967697
0.248990,0.968506
0.245699,0.969346
0.242483,0.970156
0.238798,0.971069
0.235605,0.971849
0.233505,0.972356
0.230540,0.973063
0.229085,0.973407
0.226719,0.973960
0.223126,0.974790
0.222018,0.975043
0.220953,0.975285
0.220771,0.975326
0.218094,0.975928
0.217947,0.975961
0.215216,0.976566
0.214497,0.976725
0.208506,0.978021
0.206888,0.978365
0.206193,0.978511
0.205155,0.978729
0.201340,0.979521
0.200323,0.979730
0.199504,0.979897
0.198217,0.980158
0.197650,0.980273
0.196291,0.980546
0.193639,0.981073
0.191016,0.981587
0.190629,0.981662
0.189346,0.981910
0.188268,0.982118
0.183769,0.982970
0.181416,0.983406
0.178580,0.983925
0.175321,0.984511
0.171814,0.985129
0.170958,0.985278
0.168384,0.985722
0.166272,0.986080
0.161998,0.986791
0.156986,0.987601
0.155177,0.987887
0.152474,0.988307
0.151116,0.988516
0.150459,0.988616
0.149318,0.988789
0.145976,0.989288
0.141354,0.989959
0.141031,0.990005
0.140772,0.990042
0.140749,0.990045
0.139831,0.990175
0.134396,0.990928
0.131808,0.991275
0.129724,0.991550
0.128229,0.991745
0.126095,0.992018
0.123347,0.992364
0.121894,0.992543
0.113057,0.993589
0.108717,0.994073
0.107011,0.994258
0.099923,0.994995
0.099681,0.995019
0.096428,0.995340
0.094690,0.995507
0.094503,0.995525
0.092438,0.995718
0.091835,0.995774
0.090645,0.995883
0.089221,0.996012
0.087681,0.996149
0.084269,0.996443
0.084237,0.996446
0.081603,0.996665
0.076826,0.997045
0.076737,0.997051
0.075748,0.997127
0.074812,0.997198
0.073052,0.997328
0.070999,0.997476
0.069031,0.997615
0.068173,0.997673
0.068147,0.997675
0.065691,0.997840
0.065334,0.997863
0.064640,0.997909
0.058740,0.998273
0.058370,0.998295
0.057946,0.998320
0.056042,0.998428
0.054427,0.998518
0.052060,0.998644
0.051122,0.998692
0.049064,0.998796
0.046208,0.998932
0.045114,0.998982
0.041817,0.999125
0.040852,0.999165
0.039603,0.999215
0.037395,0.999301
0.035765,0.999360
0.032990,0.999456
0.030434,0.999537
0.028198,0.999602
0.024045,0.999711
0.022836,0.999739
0.022130,0.999755
0.021943,0.999759
0.018832,0.999823
0.017995,0.999838
0.017754,0.999842
0.017485,0.999847
0.016979,0.999856
0.015361,0.999882
0.015218,0.999884
0.012593,0.999921
0.012170,0.999926
0.009049,0.999959
0.007942,0.999968
0.005986,0.999982
0.005767,0.999983
0.005269,0.999986
0.001272,0.999999
-0.002850,0.999996
-0.003537,0.999994
-0.004313,0.999991
-0.004457,0.999990
-0.007087,0.999975
-0.012659,0.999920
-0.013590,0.999908
-0.018044,0.999837
-0.019488,0.999810
-0.021041,0.999779
-0.022503,0.999747
-0.023542,0.999723
-0.029685,0.999559
-0.029964,0.999551
-0.030251,0.999542
-0.033425,0.999441
-0.035943,0.999354
-0.037941,0.999280
-0.038836,0.999246
-0.039534,0.999218
-0.040289,0.999188
-0.040917,0.999163
-0.042030,0.999116
-0.043071,0.999072
-0.043373,0.999059
-0.044769,0.998997
-0.046268,0.998929
-0.048270,0.998834
-0.050055,0.998746
-0.052237,0.998635
-0.052478,0.998622
-0.053502,0.998568
-0.053515,0.998567
-0.058606,0.998281
-0.059771,0.998212
-0.062775,0.998028
-0.064042,0.997947
-0.069624,0.997573
-0.069642,0.997572
-0.072485,0.997370
-0.072537,0.997366
-0.077427,0.996998
-0.082492,0.996592
-0.083343,0.996521
-0.085106,0.996372
-0.089823,0.995958
-0.093216,0.995646
-0.095214,0.995457
-0.096565,0.995327
-0.096797,0.995304
-0.098489,0.995138
-0.099926,0.994995
-0.101464,0.994839
-0.105891,0.994378
-0.106665,0.994295
-0.109024,0.994039
-0.112146,0.993692
-0.114949,0.993371
-0.115118,0.993352
-0.115789,0.993274
-0.117779,0.993040
-0.122837,0.992427
-0.124429,0.992228
-0.129515,0.991577
-0.130375,0.991465
-0.131701,0.991289
-0.132673,0.991160
-0.132759,0.991148
-0.135946,0.990716
-0.136525,0.990637
-0.137356,0.990522
-0.143941,0.989586
-0.145019,0.989429
-0.145777,0.989318
-0.146041,0.989279
-0.148165,0.988963
-0.154876,0.987934
-0.156311,0.987708
-0.159086,0.987265
-0.160966,0.986960
-0.163894,0.986478
-0.167109,0.985938
-0.168969,0.985621
-0.172796,0.984958
-0.179655,0.983730
-0.180627,0.983552
-0.182388,0.983227
-0.182686,0.983171
-0.183771,0.982969
-0.186290,0.982495
-0.186725,0.982412
-0.187093,0.982342
-0.188729,0.982029
-0.190767,0.981635
-0.191582,0.981477
-0.191663,0.981461
-0.192734,0.981251
-0.199980,0.979800
-0.200201,0.979755
-0.201334,0.979523
-0.205770,0.978600
-0.212779,0.977100
-0.213460,0.976952
-0.215505,0.976503
-0.216579,0.976265
-0.218361,0.975868
-0.220788,0.975322
-0.224107,0.974564
-0.226207,0.974079
-0.226908,0.973916
-0.232459,0.972606
-0.238493,0.971144
-0.238785,0.971072
-0.239470,0.970904
-0.241489,0.970403
-0.244501,0.969649
-0.244727,0.969592
-0.244770,0.969581
-0.252673,0.967552
-0.256626,0.966511
-0.256978,0.966417
-0.263374,0.964694
-0.265030,0.964240
-0.265811,0.964025
-0.266596,0.963808
-0.267358,0.963597
-0.267834,0.963465
-0.268385,0.963312
-0.268391,0.963310
-0.271097,0.962552
-0.273186,0.961961
-0.274724,0.961523
-0.275855,0.961199
-0.276064,0.961139
-0.278372,0.960473
-0.278489,0.960440
-0.279040,0.960279
-0.280290,0.959915
-0.282763,0.959190
-0.282951,0.959134
-0.283791,0.958886
-0.286602,0.958050
-0.288474,0.957488
-0.291847,0.956465
-0.297521,0.954715
-0.298655,0.954361
-0.303424,0.952856
-0.304693,0.952451
-0.305349,0.952241
-0.305663,0.952140
-0.306511,0.951867
-0.306536,0.951859
-0.307576,0.951524
-0.311891,0.950118
-0.322731,0.946491
-0.323097,0.946366
-0.323201,0.946330
-0.324610,0.945848
-0.329567,0.944132
-0.337625,0.941281
-0.338157,0.941090
-0.339374,0.940651
-0.339582,0.940576
-0.341336,0.939941
-0.342205,0.939625
-0.345383,0.938462
-0.348398,0.937347
-0.349060,0.937101
-0.351785,0.936081
-0.363373,0.931644
-0.363801,0.931477
-0.363849,0.931458
-0.365703,0.930732
-0.368098,0.929787
-0.371904,0.928271
-0.372051,0.928212
-0.373348,0.927691
-0.373870,0.927481
-0.375280,0.926911
-0.376269,0.926510
-0.377316,0.926084
-0.377634,0.925955
-0.378057,0.925782
-0.380961,0.924591
-0.386376,0.922341
-0.388245,0.921556
-0.388412,0.921486
-0.389047,0.921218
-0.389144,0.921177
-0.389175,0.921164
-0.392191,0.919884
-0.395227,0.918583
-0.398293,0.917258
-0.400730,0.916196
-0.402134,0.915581
-0.409170,0.912458
-0.409434,0.912340
-0.411528,0.911397
-0.414607,0.910001
-0.415508,0.909589
-0.417390,0.908727
-0.419376,0.907813
-0.419952,0.907546
-0.420016,0.907517
-0.421916,0.906635
-0.427123,0.904194
-0.428790,0.903404
-0.431653,0.902040
-0.431845,0.901948
-0.437807,0.899069
-0.438156,0.898899
-0.443270,0.896388
-0.444013,0.896020
-0.444294,0.895881
-0.445654,0.895205
-0.445705,0.895180
-0.447764,0.894152
-0.448460,0.893803
-0.449688,0.893186
-0.453235,0.891391
-0.454297,0.890850
-0.456989,0.889472
-0.459908,0.887967
-0.463124,0.886294
-0.464435,0.885607
-0.466612,0.884462
-0.467604,0.883938
-0.468797,0.883306
-0.469397,0.882987
-0.469532,0.882915
-0.470887,0.882193
-0.471631,0.881796
-0.471699,0.881759
-0.471958,0.881621
-0.474836,0.880074
-0.475206,0.879874
-0.478139,0.878284
-0.479123,0.877748
-0.484720,0.874669
-0.484886,0.874577
-0.486066,0.873922
-0.488714,0.872444
-0.490830,0.871256
-0.490915,0.871208
-0.490970,0.871177
-0.491130,0.871086
-0.492402,0.870368
-0.493994,0.869466
-0.494106,0.869401
-0.494342,0.869268
-0.502305,0.864691
-0.502345,0.864667
-0.506348,0.862329
-0.508670,0.860961
-0.511654,0.859192
-0.511836,0.859083
-0.516778,0.856119
-0.521715,0.853120
-0.522613,0.852570
-0.523134,0.852250
-0.524636,0.851326
-0.524650,0.851318
-0.526769,0.850008
-0.528248,0.849090
-0.530313,0.847802
-0.535141,0.844763
-0.535210,0.844719
-0.535656,0.844436
-0.536855,0.843675
-0.537570,0.843219
-0.538333,0.842732
-0.538495,0.842629
-0.538872,0.842388
-0.542775,0.839878
-0.542883,0.839808
-0.543359,0.839501
-0.544661,0.838656
-0.544678,0.838646
-0.547869,0.836564
-0.548084,0.836423
-0.549297,0.835627
-0.553203,0.833046
-0.554017,0.832505
-0.555680,0.831397
-0.556542,0.830820
-0.557819,0.829963
-0.559165,0.829057
-0.560320,0.828276
-0.561938,0.827179
-0.563700,0.825980
-0.568030,0.823008
-0.568681,0.822558
-0.571093,0.820885
-0.575636,0.817706
-0.583145,0.812368
-0.583837,0.811871
-0.584247,0.811576
-0.586404,0.810018
-0.587191,0.809449
-0.587889,0.808941
-0.588084,0.808800
-0.588594,0.808429
-0.589098,0.808061
-0.589419,0.807828
-0.590387,0.807120
-0.591569,0.806254
-0.592605,0.805493
-0.593107,0.805124
-0.593345,0.804948
-0.595214,0.803567
-0.595221,0.803562
-0.598930,0.800801
-0.599939,0.800046
-0.601027,0.799229
-0.601715,0.798711
-0.604365,0.796707
-0.604848,0.796341
-0.605064,0.796177
-0.605364,0.795948
-0.611951,0.790896
-0.614834,0.788657
-0.615950,0.787785
-0.616137,0.787639
-0.617285,0.786739
-0.621430,0.783470
-0.623936,0.781475
-0.626623,0.779323
-0.626981,0.779035
-0.627079,0.778956
-0.627899,0.778295
-0.632576,0.774498
-0.634133,0.773224
-0.635733,0.771909
-0.637567,0.770395
-0.643200,0.765698
-0.645818,0.763492
-0.645947,0.763382
-0.646175,0.763189
-0.647724,0.761875
-0.648184,0.761484
-0.649690,0.760200
-0.649903,0.760017
-0.650687,0.759346
-0.655075,0.755564
-0.655122,0.755523
-0.658015,0.753005
-0.661867,0.749621
-0.663331,0.748326
-0.665409,0.746479
-0.665829,0.746104
-0.668417,0.743787
-0.670829,0.741612
-0.671409,0.741087
-0.672764,0.739857
-0.677615,0.735417
-0.678059,0.735007
-0.680705,0.732558
-0.681311,0.731994
-0.682211,0.731155
-0.682363,0.731014
-0.683438,0.730008
-0.685669,0.727914
-0.686873,0.726778
-0.687982,0.725728
-0.689676,0.724118
-0.697736,0.716355
-0.700521,0.713632
-0.701122,0.713041
-0.702092,0.712086
-0.702913,0.711276
-0.703882,0.710317
-0.704445,0.709759
-0.705485,0.708725
-0.705693,0.708518
-0.706046,0.708166
-0.707638,0.706576
-0.707649,0.706564
-0.710008,0.704193
-0.710382,0.703816
-0.712305,0.701871
-0.712849,0.701317
-0.715457,0.698657
-0.715578,0.698533
-0.716343,0.697749
-0.716629,0.697454
-0.717132,0.696938
-0.718061,0.695980
-0.718612,0.695411
-0.721239,0.692686
-0.724868,0.688888
-0.728848,0.684675
-0.730601,0.682805
-0.733900,0.679258
-0.735508,0.677517
-0.735961,0.677024
-0.742614,0.669719
-0.744899,0.667177
-0.750739,0.660599
-0.751224,0.660047
-0.751431,0.659811
-0.753218,0.657771
-0.754611,0.656173
-0.757495,0.652841
-0.757921,0.652346
-0.758107,0.652130
-0.758556,0.651608
-0.761139,0.648589
-0.762541,0.646940
-0.764971,0.644065
-0.765552,0.643374
-0.766364,0.642407
-0.768327,0.640058
-0.771817,0.635844
-0.773931,0.633270
-0.774495,0.632580
-0.777451,0.628943
-0.777913,0.628372
-0.779276,0.626681
-0.779343,0.626597
-0.779566,0.626320
-0.780537,0.625110
-0.781919,0.623380
-0.784470,0.620167
-0.787414,0.616425
-0.788171,0.615456
-0.788607,0.614898
-0.790128,0.612941
-0.797248,0.603652
-0.798362,0.602177
-0.800317,0.599577
-0.800395,0.599473
-0.800746,0.599004
-0.801402,0.598126
-0.802540,0.596598
-0.803195,0.595717
-0.805831,0.592146
-0.806021,0.591888
-0.806756,0.590885
-0.808101,0.589044
-0.810243,0.586094
-0.811334,0.584583
-0.812374,0.583137
-0.813017,0.582240
-0.814110,0.580710
-0.814716,0.579860
-0.816051,0.577979
-0.816705,0.577056
-0.818496,0.574512
-0.820555,0.571567
-0.823431,0.567417
-0.823744,0.566962
-0.826341,0.563170
-0.827290,0.561775
-0.827759,0.561083
-0.828631,0.559795
-0.828895,0.559405
-0.829002,0.559245
-0.830670,0.556765
-0.830675,0.556757
-0.831037,0.556218
-0.832104,0.554619
-0.832141,0.554564
-0.833041,0.553211
-0.833386,0.552691
-0.834773,0.550594
-0.836193,0.548435
-0.836533,0.547916
-0.836655,0.547730
-0.836738,0.547604
-0.837324,0.546707
-0.839866,0.542794
-0.843620,0.536940
-0.844013,0.536323
-0.847549,0.530717
-0.847549,0.530717
-0.847832,0.530265
-0.848051,0.529915
-0.850713,0.525630
-0.850959,0.525233
-0.852350,0.522972
-0.852817,0.522210
-0.852949,0.521994
-0.854650,0.519204
-0.855034,0.518571
-0.856274,0.516522
-0.857284,0.514843
-0.859586,0.510990
-0.862131,0.506685
-0.863865,0.503724
-0.864659,0.502359
-0.865210,0.501410
-0.865964,0.500106
-0.868857,0.495064
-0.869410,0.494092
-0.869687,0.493603
-0.873888,0.486128
-0.878777,0.477232
-0.878929,0.476952
-0.881473,0.472234
-0.882555,0.470209
-0.882895,0.469570
-0.885301,0.465019
-0.886329,0.463057
-0.886832,0.462092
-0.888773,0.458347
-0.889657,0.456629
-0.890774,0.454447
-0.890824,0.454348
-0.891412,0.453195
-0.891755,0.452518
-0.892421,0.451204
-0.893193,0.449674
-0.894101,0.447866
-0.895379,0.445304
-0.895463,0.445136
-0.896465,0.443115
-0.897974,0.440049
-0.900209,0.435458
-0.901191,0.433423
-0.901480,0.432821
-0.903125,0.429377
-0.903705,0.428155
-0.904252,0.427000
-0.904347,0.426797
-0.904803,0.425831
-0.905355,0.424656
-0.905598,0.424138
-0.906971,0.421194
-0.909630,0.415420
-0.910531,0.413440
-0.911601,0.411075
-0.913931,0.405869
-0.914127,0.405429
-0.914226,0.405204
-0.914305,0.405026
-0.914496,0.404594
-0.914932,0.403609
-0.917094,0.398670
-0.917435,0.397885
-0.917930,0.396742
-0.918653,0.395064
-0.918913,0.394460
-0.919289,0.393583
-0.919345,0.393452
-0.919871,0.392222
-0.920139,0.391591
-0.920498,0.390748
-0.921224,0.389032
-0.921691,0.387924
-0.921914,0.387395
-0.922159,0.386812
-0.924734,0.380614
-0.925390,0.379016
-0.927227,0.374499
-0.927825,0.373017
-0.929409,0.369052
-0.929582,0.368616
-0.930076,0.367367
-0.930237,0.366959
-0.930785,0.365568
-0.934055,0.357128
-0.934126,0.356944
-0.935357,0.353705
-0.935807,0.352512
-0.936158,0.351579
-0.936180,0.351522
-0.936198,0.351473
-0.936255,0.351321
-0.937801,0.347174
-0.938416,0.345507
-0.939068,0.343732
-0.940091,0.340924
-0.940178,0.340684
-0.941784,0.336219
-0.942815,0.333315
-0.943167,0.332318
-0.943653,0.330937
-0.944371,0.328883
-0.945439,0.325801
-0.945465,0.325725
-0.946199,0.323585
-0.946728,0.322036
-0.947640,0.319342
-0.947705,0.319149
-0.948483,0.316827
-0.948908,0.315554
-0.950934,0.309395
-0.951305,0.308252
-0.953161,0.302464
-0.953358,0.301842
-0.953545,0.301251
-0.954449,0.298373
-0.955372,0.295405
-0.955456,0.295133
-0.956335,0.292274
-0.957217,0.289371
-0.957353,0.288919
-0.958126,0.286348
-0.958388,0.285468
-0.958544,0.284944
-0.958726,0.284333
-0.958914,0.283696
-0.958997,0.283415
-0.959119,0.283003
-0.960395,0.278641
-0.960715,0.277537
-0.961389,0.275193
-0.961487,0.274850
-0.962175,0.272432
-0.962349,0.271816
-0.962914,0.269808
-0.962981,0.269568
-0.963013,0.269454
-0.963015,0.269448
-0.963536,0.267580
-0.964009,0.265869
-0.966234,0.257667
-0.966900,0.255155
-0.967388,0.253299
-0.967471,0.252980
-0.968164,0.250318
-0.968976,0.247154
-0.970175,0.242407
-0.970440,0.241342
-0.970794,0.239914
-0.971184,0.238329
-0.972627,0.232373
-0.972659,0.232238
-0.972901,0.231224
-0.973275,0.229642
-0.973865,0.227127
-0.974269,0.225387
-0.974456,0.224579
-0.974825,0.222970
-0.974879,0.222735
-0.975131,0.221631
-0.975206,0.221298
-0.975438,0.220276
-0.978014,0.208538
-0.978036,0.208437
-0.978637,0.205598
-0.978637,0.205595
-0.978989,0.203915
-0.979022,0.203756
-0.980497,0.196532
-0.981353,0.192215
-0.982767,0.184849
-0.982975,0.183740
-0.983034,0.183423
-0.983670,0.179979
-0.983684,0.179905
-0.984010,0.178114
-0.984211,0.177001
-0.984954,0.172815
-0.985552,0.169370
-0.985789,0.167988
-0.986178,0.165690
-0.986405,0.164335
-0.986454,0.164039
-0.986825,0.161794
-0.986827,0.161779
-0.987479,0.157750
-0.988185,0.153268
-0.988560,0.150828
-0.989416,0.145105
-0.989520,0.144396
-0.989569,0.144058
-0.990127,0.140173
-0.990179,0.139806
-0.990783,0.135456
-0.991299,0.131631
-0.991463,0.130386
-0.991692,0.128638
-0.992327,0.123638
-0.992662,0.120924
-0.993116,0.117139
-0.993318,0.115405
-0.994030,0.109103
-0.994270,0.106898
-0.994284,0.106768
-0.994335,0.106292
-0.994475,0.104977
-0.994524,0.104513
-0.994710,0.102718
-0.994906,0.100805
-0.995292,0.096924
-0.995355,0.096271
-0.995725,0.092371
-0.995840,0.091119
-0.995893,0.090542
-0.996278,0.086199
-0.996289,0.086075
-0.996611,0.082263
-0.996762,0.080407
-0.997083,0.076327
-0.997226,0.074432
-0.997326,0.073077
-0.997330,0.073029
-0.997383,0.072294
-0.997481,0.070941
-0.997483,0.070899
-0.998043,0.062539
-0.998103,0.061566
-0.998376,0.056960
-0.998566,0.053526
-0.998600,0.052900
-0.998657,0.051811
-0.998739,0.050213
-0.998835,0.048258
-0.998940,0.046030
-0.998965,0.045493
-0.999035,0.043921
-0.999113,0.042098
-0.999225,0.039373
-0.999228,0.039293
-0.999234,0.039128
-0.999289,0.037714
-0.999421,0.034028
-0.999465,0.032695
-0.999479,0.032273
-0.999580,0.028995
-0.999666,0.025851
-0.999683,0.025179
-0.999799,0.020066
-0.999873,0.015959
-0.999928,0.012004
-0.999935,0.011369
-0.999944,0.010597
-0.999952,0.009763
-0.999972,0.007493
-0.999996,0.002839
-0.999996,0.002691
-0.999997,0.002611
-1.000000,0.000051
-1.000000,-0.000399
-1.000000,-0.000589
-1.000000,-0.000749
-0.999999,-0.001123
-0.999996,-0.002720
-0.999985,-0.005407
-0.999983,-0.005793
-0.999980,-0.006321
-0.999963,-0.008581
-0.999944,-0.010600
-0.999936,-0.011298
-0.999929,-0.011887
-0.999878,-0.015632
-0.999868,-0.016259
-0.999849,-0.017389
-0.999846,-0.017549
-0.999832,-0.018310
-0.999785,-0.020753
-0.999734,-0.023066
-0.999606,-0.028066
-0.999580,-0.028964
-0.999552,-0.029943
-0.999376,-0.035313
-0.999317,-0.036951
-0.999271,-0.038185
-0.999231,-0.039206
-0.999221,-0.039458
-0.999199,-0.040016
-0.999174,-0.040627
-0.999045,-0.043688
-0.999028,-0.044080
-0.999017,-0.044331
-0.998998,-0.044758
-0.998904,-0.046800
-0.998795,-0.049084
-0.998741,-0.050156
-0.998529,-0.054223
-0.998488,-0.054977
-0.998408,-0.056402
-0.998383,-0.056841
-0.998359,-0.057267
-0.998336,-0.057663
-0.998261,-0.058941
-0.997596,-0.069296
-0.997310,-0.073295
-0.997128,-0.075738
-0.996931,-0.078289
-0.996785,-0.080129
-0.996400,-0.084776
-0.996386,-0.084939
-0.996354,-0.085311
-0.996338,-0.085503
-0.995643,-0.093244
-0.995572,-0.094007
-0.995502,-0.094743
-0.995277,-0.097076
-0.995110,-0.098777
-0.995016,-0.099720
-0.994523,-0.104523
-0.994499,-0.104744
-0.994114,-0.108339
-0.994046,-0.108961
-0.993975,-0.109609
-0.993665,-0.112381
-0.993419,-0.114535
-0.993400,-0.114698
-0.993126,-0.117052
-0.992983,-0.118257
-0.992496,-0.122279
-0.991533,-0.129856
-0.990678,-0.136227
-0.990210,-0.139582
-0.990147,-0.140034
-0.989831,-0.142251
-0.989682,-0.143283
-0.988682,-0.150028
-0.988471,-0.151410
-0.987343,-0.158601
-0.987323,-0.158725
-0.987267,-0.159071
-0.986861,-0.161570
-0.985523,-0.169540
-0.985353,-0.170527
-0.984948,-0.172852
-0.984401,-0.175937
-0.984146,-0.177360
-0.983402,-0.181438
-0.982853,-0.184389
-0.982843,-0.184444
-0.982831,-0.184509
-0.982808,-0.184629
-0.982150,-0.188100
-0.981271,-0.192632
-0.981008,-0.193967
-0.980596,-0.196039
-0.980225,-0.197888
-0.979921,-0.199386
-0.979848,-0.199746
-0.979818,-0.199892
-0.979480,-0.201540
-0.978810,-0.204770
-0.978751,-0.205053
-0.978587,-0.205833
-0.978404,-0.206701
-0.978269,-0.207339
-0.977642,-0.210274
-0.977610,-0.210425
-0.977598,-0.210482
-0.975992,-0.217807
-0.975906,-0.218193
-0.975871,-0.218347
-0.975574,-0.219670
-0.974999,-0.222211
-0.974978,-0.222303
-0.974829,-0.222955
-0.972353,-0.233515
-0.971389,-0.237495
-0.971239,-0.238106
-0.970998,-0.239088
-0.970486,-0.241156
-0.969799,-0.243907
-0.969781,-0.243977
-0.968967,-0.247192
-0.967476,-0.252961
-0.966535,-0.256534
-0.966426,-0.256946
-0.966280,-0.257492
-0.965453,-0.260577
-0.965367,-0.260896
-0.964840,-0.262837
-0.964789,-0.263026
-0.964720,-0.263277
-0.963516,-0.267650
-0.963263,-0.268561
-0.962579,-0.271001
-0.961798,-0.273759
-0.960323,-0.278889
-0.960204,-0.279301
-0.959310,-0.282354
-0.959156,-0.282879
-0.959112,-0.283027
-0.959049,-0.283240
-0.956143,-0.292899
-0.956041,-0.293233
-0.955790,-0.294051
-0.953417,-0.301656
-0.952880,-0.303346
-0.952807,-0.303576
-0.952516,-0.304488
-0.952438,-0.304731
-0.952316,-0.305112
-0.951744,-0.306894
-0.951581,-0.307398
-0.949937,-0.312443
-0.949326,-0.314294
-0.949052,-0.315121
-0.949002,-0.315270
-0.948332,-0.317280
-0.948218,-0.317621
-0.947906,-0.318550
-0.947881,-0.318625
-0.947724,-0.319091
-0.947591,-0.319485
-0.946536,-0.322599
-0.946392,-0.323020
-0.945908,-0.324434
-0.945594,-0.325350
-0.944347,-0.328951
-0.944070,-0.329745
-0.943962,-0.330054
-0.943563,-0.331194
-0.943249,-0.332086
-0.942439,-0.334379
-0.941687,-0.336491
-0.941659,-0.336567
-0.940791,-0.338987
-0.940557,-0.339637
-0.940529,-0.339712
-0.940421,-0.340013
-0.939668,-0.342088
-0.934812,-0.355143
-0.933880,-0.357588
-0.933865,-0.357625
-0.933516,-0.358535
-0.933472,-0.358649
-0.933400,-0.358839
-0.933148,-0.359492
-0.933110,-0.359590
-0.932971,-0.359951
-0.931697,-0.363236
-0.931394,-0.364012
-0.931089,-0.364793
-0.930900,-0.365274
-0.930766,-0.365615
-0.930551,-0.366163
-0.930526,-0.366225
-0.929271,-0.369399
-0.928670,-0.370906
-0.928644,-0.370973
-0.927940,-0.372729
-0.927110,-0.374790
-0.926990,-0.375086
-0.926061,-0.377373
-0.925190,-0.379505
-0.924632,-0.380862
-0.924044,-0.382285
-0.921647,-0.388029
-0.919767,-0.392466
-0.918535,-0.395339
-0.918217,-0.396078
-0.917838,-0.396954
-0.916096,-0.400958
-0.914108,-0.405472
-0.912462,-0.409161
-0.911914,-0.410381
-0.911846,-0.410532
-0.909837,-0.414965
-0.909694,-0.415279
-0.908511,-0.417861
-0.907174,-0.420756
-0.905495,-0.424357
-0.904006,-0.427519
-0.903885,-0.427776
-0.902773,-0.430118
-0.902005,-0.431725
-0.901908,-0.431928
-0.901466,-0.432849
-0.900416,-0.435030
-0.899541,-0.436837
-0.899498,-0.436925
-0.897623,-0.440765
-0.897436,-0.441145
-0.897149,-0.441728
-0.896655,-0.442729
-0.895680,-0.444699
-0.894512,-0.447043
-0.893961,-0.448145
-0.892825,-0.450404
-0.892333,-0.451377
-0.890730,-0.454532
-0.890453,-0.455075
-0.890371,-0.455236
-0.890295,-0.455384
-0.889843,-0.456266
-0.889612,-0.456718
-0.889598,-0.456745
-0.886643,-0.462455
-0.885934,-0.463812
-0.883913,-0.467652
-0.883746,-0.467967
-0.883639,-0.468168
-0.882325,-0.470641
-0.882025,-0.471203
-0.880650,-0.473768
-0.879475,-0.475946
-0.878681,-0.477410
-0.878290,-0.478128
-0.878255,-0.478193
-0.874230,-0.485511
-0.873802,-0.486282
-0.873146,-0.487459
-0.872700,-0.488257
-0.872577,-0.488476
-0.870323,-0.492482
-0.870101,-0.492873
-0.868450,-0.495777
-0.866856,-0.498559
-0.860333,-0.509733
-0.859625,-0.510925
-0.859244,-0.511566
-0.858830,-0.512261
-0.857576,-0.514358
-0.857160,-0.515051
-0.856951,-0.515398
-0.856686,-0.515839
-0.855493,-0.517814
-0.853248,-0.521506
-0.852733,-0.522347
-0.852216,-0.523191
-0.851416,-0.524492
-0.851087,-0.525025
-0.851041,-0.525100
-0.850346,-0.526224
-0.850195,-0.526468
-0.850063,-0.526681
-0.849328,-0.527866
-0.848592,-0.529048
-0.846551,-0.532308
-0.846095,-0.533032
-0.842685,-0.538407
-0.842567,-0.538592
-0.842411,-0.538836
-0.842331,-0.538960
-0.842264,-0.539065
-0.841986,-0.539499
-0.840813,-0.541325
-0.840502,-0.541809
-0.840435,-0.541913
-0.839043,-0.544066
-0.837399,-0.546592
-0.837379,-0.546623
-0.833823,-0.552033
-0.831249,-0.555900
-0.830728,-0.556678
-0.829974,-0.557802
-0.829831,-0.558015
-0.828851,-0.559469
-0.827020,-0.562173
-0.826486,-0.562958
-0.823359,-0.567521
-0.822765,-0.568381
-0.822548,-0.568696
-0.819852,-0.572575
-0.818904,-0.573931
-0.818099,-0.575078
-0.815494,-0.578765
-0.815215,-0.579159
-0.814936,-0.579550
-0.811989,-0.583673
-0.811273,-0.584667
-0.810143,-0.586232
-0.808780,-0.588111
-0.806966,-0.590598
-0.806546,-0.591171
-0.803864,-0.594813
-0.802950,-0.596046
-0.802515,-0.596632
-0.802487,-0.596670
-0.802273,-0.596958
-0.801128,-0.598493
-0.800564,-0.599247
-0.798131,-0.602484
-0.796768,-0.604285
-0.795180,-0.606373
-0.793426,-0.608667
-0.790259,-0.612773
-0.788717,-0.614756
-0.785068,-0.619410
-0.783569,-0.621305
-0.781636,-0.623735
-0.780789,-0.624794
-0.778251,-0.627953
-0.777708,-0.628625
-0.771465,-0.636272
-0.770866,-0.636998
-0.770611,-0.637306
-0.770608,-0.637309
-0.768711,-0.639596
-0.767375,-0.641198
-0.764601,-0.644503
-0.763992,-0.645225
-0.763939,-0.645289
-0.761599,-0.648049
-0.761435,-0.648241
-0.760756,-0.649038
-0.760670,-0.649139
-0.753697,-0.657222
-0.753571,-0.657367
-0.751445,-0.659796
-0.745613,-0.666379
-0.740440,-0.672123
-0.736617,-0.676310
-0.736610,-0.676318
-0.734572,-0.678530
-0.734405,-0.678712
-0.733492,-0.679698
-0.733251,-0.679958
-0.731881,-0.681432
-0.729770,-0.683693
-0.727743,-0.685850
-0.724842,-0.688915
-0.721956,-0.691939
-0.719039,-0.694970
-0.718489,-0.695538
-0.716778,-0.697301
-0.716435,-0.697654
-0.714371,-0.699767
-0.713586,-0.700568
-0.711830,-0.702351
-0.710350,-0.703848
-0.709301,-0.704906
-0.701783,-0.712391
-0.698722,-0.715393
-0.697462,-0.716622
-0.695180,-0.718835
-0.694996,-0.719014
-0.691265,-0.722601
-0.690595,-0.723241
-0.690546,-0.723288
-0.689743,-0.724054
-0.688174,-0.725546
-0.687768,-0.725930
-0.687163,-0.726503
-0.686567,-0.727066
-0.685103,-0.728447
-0.683418,-0.730027
-0.681273,-0.732029
-0.681071,-0.732217
-0.678655,-0.734457
-0.678609,-0.734499
-0.678067,-0.735000
-0.675997,-0.736904
-0.672307,-0.740273
-0.671468,-0.741033
-0.670918,-0.741531
-0.667725,-0.744408
-0.667079,-0.744987
-0.665770,-0.746157
-0.665541,-0.746361
-0.663799,-0.747911
-0.663700,-0.747999
-0.662889,-0.748718
-0.661881,-0.749609
-0.661703,-0.749766
-0.661670,-0.749795
-0.661135,-0.750267
-0.660385,-0.750928
-0.658766,-0.752348
-0.658145,-0.752891
-0.656697,-0.754155
-0.653218,-0.757170
-0.651035,-0.759048
-0.646680,-0.762762
-0.645559,-0.763711
-0.642100,-0.766621
-0.641469,-0.767149
-0.638055,-0.769991
-0.636020,-0.771673
-0.633887,-0.773426
-0.632034,-0.774941
-0.630000,-0.776595
-0.625343,-0.780350
-0.623162,-0.782093
-0.622681,-0.782476
-0.620690,-0.784056
-0.619790,-0.784767
-0.619614,-0.784907
-0.617742,-0.786381
-0.617221,-0.786790
-0.615337,-0.788264
-0.611654,-0.791126
-0.611034,-0.791604
-0.610698,-0.791864
-0.610084,-0.792337
-0.609858,-0.792511
-0.609466,-0.792813
-0.607444,-0.794362
-0.605705,-0.795689
-0.604705,-0.796449
-0.601081,-0.799188
-0.600560,-0.799579
-0.599695,-0.800229
-0.599103,-0.800672
-0.598607,-0.801043
-0.596975,-0.802260
-0.592517,-0.805558
-0.590020,-0.807389
-0.589936,-0.807450
-0.589491,-0.807775
-0.584725,-0.811231
-0.583542,-0.812083
-0.581150,-0.813796
-0.580855,-0.814007
-0.580772,-0.814066
-0.571526,-0.820584
-0.571292,-0.820747
-0.569025,-0.822320
-0.568977,-0.822354
-0.566051,-0.824370
-0.564628,-0.825345
-0.562929,-0.826505
-0.562815,-0.826583
-0.558453,-0.829536
-0.557126,-0.830428
-0.554427,-0.832232
-0.551964,-0.833868
-0.550784,-0.834648
-0.547330,-0.836917
-0.544896,-0.838504
-0.544108,-0.839015
-0.539542,-0.841959
-0.539502,-0.841984
-0.538848,-0.842403
-0.538844,-0.842406
-0.538188,-0.842825
-0.537094,-0.843522
-0.537081,-0.843530
-0.537081,-0.843531
-0.536815,-0.843700
-0.536629,-0.843818
-0.535531,-0.844515
-0.534707,-0.845038
-0.534368,-0.845252
-0.532292,-0.846561
-0.531597,-0.846998
-0.531315,-0.847175
-0.529506,-0.848306
-0.528763,-0.848770
-0.527876,-0.849321
-0.526367,-0.850257
-0.525845,-0.850581
-0.523331,-0.852130
-0.520228,-0.854027
-0.517393,-0.855748
-0.516426,-0.856332
-0.514313,-0.857602
-0.513244,-0.858243
-0.511904,-0.859043
-0.511031,-0.859562
-0.507841,-0.861451
-0.500220,-0.865899
-0.500052,-0.865995
-0.496675,-0.867936
-0.493451,-0.869774
-0.491157,-0.871071
-0.488828,-0.872380
-0.487367,-0.873197
-0.486088,-0.873910
-0.485356,-0.874316
-0.484573,-0.874751
-0.482968,-0.875638
-0.482510,-0.875891
-0.481118,-0.876656
-0.480274,-0.877118
-0.472294,-0.881441
-0.472084,-0.881553
-0.471834,-0.881688
-0.471511,-0.881860
-0.471276,-0.881986
-0.471236,-0.882007
-0.467919,-0.883771
-0.467482,-0.884002
-0.467087,-0.884211
-0.464509,-0.885568
-0.463569,-0.886061
-0.460793,-0.887508
-0.460010,-0.887914
-0.459207,-0.888329
-0.458554,-0.888667
-0.458415,-0.888738
-0.458117,-0.888892
-0.456581,-0.889682
-0.456497,-0.889725
-0.456194,-0.889881
-0.455321,-0.890327
-0.451129,-0.892459
-0.450569,-0.892742
-0.448244,-0.893911
-0.447385,-0.894342
-0.444627,-0.895716
-0.437064,-0.899430
-0.435292,-0.900289
-0.428917,-0.903344
-0.428607,-0.903491
-0.424617,-0.905373
-0.424274,-0.905534
-0.424232,-0.905554
-0.422534,-0.906347
-0.421148,-0.906992
-0.416806,-0.908995
-0.415984,-0.909372
-0.415607,-0.909544
-0.415589,-0.909553
-0.415503,-0.909592
-0.409257,-0.912419
-0.408640,-0.912696
-0.408602,-0.912712
-0.407979,-0.912991
-0.404670,-0.914463
-0.404135,-0.914700
-0.403119,-0.915147
-0.402849,-0.915267
-0.402374,-0.915475
-0.397440,-0.917628
-0.397008,-0.917815
-0.394894,-0.918727
-0.394454,-0.918916
-0.392785,-0.919630
-0.391080,-0.920357
-0.390250,-0.920709
-0.385010,-0.922913
-0.383540,-0.923524
-0.378246,-0.925705
-0.376682,-0.926343
-0.368040,-0.929810
-0.367303,-0.930101
-0.363808,-0.931474
-0.363124,-0.931741
-0.354775,-0.934952
-0.353302,-0.935509
-0.351895,-0.936040
-0.349651,-0.936880
-0.346197,-0.938162
-0.345927,-0.938261
-0.342246,-0.939610
-0.341277,-0.939963
-0.338724,-0.940886
-0.335108,-0.942180
-0.327952,-0.944694
-0.327707,-0.944779
-0.324943,-0.945734
-0.323472,-0.946238
-0.323220,-0.946324
-0.322314,-0.946633
-0.321879,-0.946781
-0.319819,-0.947479
-0.317389,-0.948295
-0.315831,-0.948816
-0.313835,-0.949478
-0.308550,-0.951208
-0.303251,-0.952911
-0.302143,-0.953263
-0.297606,-0.954689
-0.297410,-0.954750
-0.296833,-0.954929
-0.294627,-0.955612
-0.293178,-0.956058
-0.289781,-0.957093
-0.285776,-0.958296
-0.284965,-0.958538
-0.284877,-0.958564
-0.284764,-0.958598
-0.282447,-0.959283
-0.282241,-0.959344
-0.282100,-0.959385
-0.281395,-0.959592
-0.280461,-0.959865
-0.279443,-0.960162
-0.279242,-0.960221
-0.274905,-0.961471
-0.274190,-0.961676
-0.270973,-0.962587
-0.268220,-0.963358
-0.267572,-0.963538
-0.261796,-0.965123
-0.259887,-0.965639
-0.259282,-0.965802
-0.258964,-0.965887
-0.258753,-0.965944
-0.254836,-0.966984
-0.252378,-0.967629
-0.251823,-0.967773
-0.250795,-0.968040
-0.250307,-0.968166
-0.250135,-0.968211
-0.249847,-0.968285
-0.248594,-0.968608
-0.247708,-0.968835
-0.243695,-0.969852
-0.237612,-0.971360
-0.235320,-0.971918
-0.234239,-0.972179
-0.230133,-0.973159
-0.227805,-0.973707
-0.227669,-0.973739
-0.226553,-0.973999
-0.221363,-0.975192
-0.220804,-0.975318
-0.220515,-0.975384
-0.220299,-0.975432
-0.213217,-0.977005
-0.210346,-0.977627
-0.210192,-0.977660
-0.202752,-0.979230
-0.201616,-0.979465
-0.189555,-0.981870
-0.186035,-0.982543
-0.185419,-0.982660
-0.184976,-0.982743
-0.184737,-0.982788
-0.182954,-0.983122
-0.175209,-0.984531
-0.173472,-0.984839
-0.171764,-0.985138
-0.164416,-0.986391
-0.163258,-0.986583
-0.161902,-0.986807
-0.158540,-0.987353
-0.156890,-0.987616
-0.155601,-0.987820
-0.155143,-0.987892
-0.154107,-0.988054
-0.153570,-0.988138
-0.150391,-0.988627
-0.150351,-0.988633
-0.143346,-0.989673
-0.143110,-0.989707
-0.143031,-0.989718
-0.142051,-0.989859
-0.140032,-0.990147
-0.140022,-0.990148
-0.139817,-0.990177
-0.139811,-0.990178
-0.138590,-0.990350
-0.138294,-0.990391
-0.137269,-0.990534
-0.136456,-0.990646
-0.135930,-0.990718
-0.135222,-0.990815
-0.133955,-0.990987
-0.133052,-0.991109
-0.132302,-0.991209
-0.131541,-0.991311
-0.130563,-0.991440
-0.130260,-0.991480
-0.128956,-0.991650
-0.126071,-0.992021
-0.120397,-0.992726
-0.116140,-0.993233
-0.114519,-0.993421
-0.112610,-0.993639
-0.111439,-0.993771
-0.105559,-0.994413
-0.105463,-0.994423
-0.103858,-0.994592
-0.103093,-0.994672
-0.101587,-0.994827
-0.099665,-0.995021
-0.095105,-0.995467
-0.094257,-0.995548
-0.093755,-0.995595
-0.092484,-0.995714
-0.089200,-0.996014
-0.083348,-0.996520
-0.083133,-0.996538
-0.082238,-0.996613
-0.080503,-0.996754
-0.079824,-0.996809
-0.079731,-0.996816
-0.079684,-0.996820
-0.077773,-0.996971
-0.076435,-0.997075
-0.074458,-0.997224
-0.072397,-0.997376
-0.071049,-0.997473
-0.070421,-0.997517
-0.066175,-0.997808
-0.065397,-0.997859
-0.064079,-0.997945
-0.063945,-0.997953
-0.061010,-0.998137
-0.060516,-0.998167
-0.055243,-0.998473
-0.051332,-0.998682
-0.050852,-0.998706
-0.046298,-0.998928
-0.039824,-0.999207
-0.039136,-0.999234
-0.037765,-0.999287
-0.037589,-0.999293
-0.037290,-0.999304
-0.037162,-0.999309
-0.035290,-0.999377
-0.034483,-0.999405
-0.031871,-0.999492
-0.030723,-0.999528
-0.028004,-0.999608
-0.027094,-0.999633
-0.026026,-0.999661
-0.025709,-0.999669
-0.024813,-0.999692
-0.023266,-0.999729
-0.022375,-0.999750
-0.017562,-0.999846
-0.016952,-0.999856
-0.008023,-0.999968
-0.005233,-0.999986
-0.004483,-0.999990
-0.004025,-0.999992
0.000377,-1.000000
0.001777,-0.999998
0.007116,-0.999975
0.009972,-0.999950
0.011542,-0.999933
0.012892,-0.999917
0.014886,-0.999889
0.016248,-0.999868
0.016823,-0.999858
0.018379,-0.999831
0.023062,-0.999734
0.024661,-0.999696
0.026088,-0.999660
0.027116,-0.999632
0.029592,-0.999562
0.031053,-0.999518
0.034412,-0.999408
0.034509,-0.999404
0.035548,-0.999368
0.036261,-0.999342
0.037551,-0.999295
0.037691,-0.999289
0.039366,-0.999225
0.040471,-0.999181
0.043842,-0.999038
0.048256,-0.998835
0.048586,-0.998819
0.053566,-0.998564
0.055897,-0.998437
0.057103,-0.998368
0.059031,-0.998256
0.061914,-0.998081
0.063818,-0.997962
0.064475,-0.997919
0.064794,-0.997899
0.065778,-0.997834
0.065842,-0.997830
0.067536,-0.997717
0.070145,-0.997537
0.070148,-0.997537
0.075407,-0.997153
0.077119,-0.997022
0.082111,-0.996623
0.084526,-0.996421
0.088363,-0.996088
0.090929,-0.995857
0.094230,-0.995550
0.095236,-0.995455
0.095975,-0.995384
0.098505,-0.995137
0.098547,-0.995132
0.101524,-0.994833
0.102047,-0.994780
0.103000,-0.994681
0.105146,-0.994457
0.106067,-0.994359
0.106225,-0.994342
0.109838,-0.993949
0.111509,-0.993763
0.113942,-0.993487
0.117950,-0.993019
0.118678,-0.992933
0.118831,-0.992915
0.122292,-0.992494
0.123827,-0.992304
0.126810,-0.991927
0.127171,-0.991881
0.128452,-0.991716
0.129691,-0.991554
0.129731,-0.991549
0.132176,-0.991226
0.133222,-0.991086
0.133859,-0.991000
0.136640,-0.990621
0.144932,-0.989442
0.155701,-0.987804
0.156896,-0.987615
0.158882,-0.987298
0.159393,-0.987215
0.159972,-0.987122
0.161677,-0.986844
0.162960,-0.986633
0.166284,-0.986078
0.175694,-0.984445
0.177218,-0.984172
0.177761,-0.984074
0.180004,-0.983666
0.180368,-0.983599
0.180376,-0.983598
0.183496,-0.983020
0.195125,-0.980778
0.200944,-0.979603
0.202674,-0.979246
0.203975,-0.978976
0.205024,-0.978757
0.206001,-0.978552
0.206584,-0.978429
0.212310,-0.977202
0.212418,-0.977179
0.217922,-0.975966
0.222165,-0.975009
0.222351,-0.974967
0.223904,-0.974611
0.226578,-0.973993
0.228098,-0.973638
0.229294,-0.973357
0.229771,-0.973245
0.236186,-0.971708
0.237159,-0.971471
0.237872,-0.971296
0.240245,-0.970712
0.241582,-0.970380
0.244013,-0.969772
0.244430,-0.969667
0.246793,-0.969068
0.248510,-0.968629
0.251224,-0.967929
0.252150,-0.967688
0.253805,-0.967255
0.254068,-0.967186
0.254620,-0.967041
0.255836,-0.966720
0.256458,-0.966555
0.257414,-0.966301
0.261021,-0.965333
0.265390,-0.964141
0.269808,-0.962914
0.270018,-0.962855
0.272089,-0.962272
0.273549,-0.961858
0.274906,-0.961471
0.275031,-0.961435
0.279525,-0.960138
0.279895,-0.960031
0.280556,-0.959838
0.282210,-0.959353
0.283846,-0.958870
0.287187,-0.957875
0.288515,-0.957475
0.290799,-0.956784
0.293445,-0.955976
0.297558,-0.954704
0.298449,-0.954426
0.298620,-0.954372
0.302584,-0.953123
0.303564,-0.952811
0.305799,-0.952096
0.306486,-0.951875
0.307799,-0.951452
0.308895,-0.951096
0.311353,-0.950294
0.315563,-0.948905
0.315889,-0.948796
0.317365,-0.948303
0.319594,-0.947555
0.319639,-0.947539
0.319698,-0.947520
0.327840,-0.944733
0.328838,-0.944386
0.330548,-0.943789
0.331862,-0.943328
0.332186,-0.943214
0.332798,-0.942998
0.334176,-0.942511
0.335173,-0.942157
0.337648,-0.941273
0.337893,-0.941184
0.338649,-0.940913
0.338907,-0.940820
0.351958,-0.936016
0.354257,-0.935148
0.367104,-0.930180
0.367515,-0.930017
0.367616,-0.929978
0.367914,-0.929860
0.373644,-0.927572
0.375704,-0.926740
0.378399,-0.925642
0.386879,-0.922130
0.387954,-0.921679
0.388159,-0.921592
0.389304,-0.921109
0.391501,-0.920178
0.392774,-0.919635
0.397823,-0.917462
0.397966,-0.917400
0.399200,-0.916864
0.402511,-0.915415
0.403936,-0.914787
0.404229,-0.914658
0.405110,-0.914268
0.406872,-0.913485
0.407113,-0.913378
0.407892,-0.913030
0.408692,-0.912672
0.414447,-0.910073
0.414754,-0.909933
0.417065,-0.908877
0.419545,-0.907735
0.420684,-0.907207
0.422732,-0.906255
0.425036,-0.905177
0.425310,-0.905048
0.425749,-0.904841
0.425755,-0.904839
0.426189,-0.904634
0.426320,-0.904572
0.428581,-0.903503
0.429857,-0.902897
0.431115,-0.902297
0.431515,-0.902106
0.431774,-0.901982
0.432572,-0.901599
0.435175,-0.900346
0.436164,-0.899867
0.436207,-0.899847
0.437989,-0.898980
0.438510,-0.898726
0.441917,-0.897056
0.446365,-0.894851
0.447469,-0.894300
0.451149,-0.892449
0.453868,-0.891069
0.456578,-0.889683
0.459374,-0.888243
0.460228,-0.887801
0.462729,-0.886500
0.463510,-0.886092
0.465097,-0.885260
0.466546,-0.884497
0.469376,-0.882998
0.469422,-0.882974
0.470034,-0.882648
0.470055,-0.882637
0.470641,-0.882325
0.476533,-0.879157
0.476866,-0.878976
0.480149,-0.877187
0.480900,-0.876775
0.484502,-0.874790
0.490705,-0.871326
0.490897,-0.871217
0.493427,-0.869787
0.495234,-0.868760
0.495666,-0.868513
0.495994,-0.868326
0.497391,-0.867527
0.497883,-0.867244
0.498903,-0.866658
0.501730,-0.865025
0.503127,-0.864213
0.503990,-0.863709
0.507798,-0.861476
0.509406,-0.860526
0.509406,-0.860526
0.510057,-0.860141
0.510885,-0.859649
0.514277,-0.857624
0.516119,-0.856517
0.519530,-0.854452
0.520932,-0.853598
0.527760,-0.849393
0.528854,-0.848713
0.529545,-0.848282
0.529656,-0.848212
0.533991,-0.845490
0.534078,-0.845436
0.535299,-0.844663
0.536881,-0.843658
0.537240,-0.843429
0.539807,-0.841789
0.543708,-0.839274
0.546203,-0.837653
0.550404,-0.834898
0.551386,-0.834250
0.553966,-0.832539
0.554811,-0.831976
0.558255,-0.829669
0.559248,-0.829001
0.560737,-0.827994
0.561078,-0.827763
0.563294,-0.826257
0.563466,-0.826140
0.564317,-0.825558
0.567389,-0.823450
0.568681,-0.822558
0.570120,-0.821562
0.572096,-0.820187
0.572518,-0.819892
0.573131,-0.819464
0.575776,-0.817607
0.582499,-0.812831
0.584001,-0.811753
0.584034,-0.811729
0.586894,-0.809664
0.591422,-0.806362
0.596094,-0.802915
0.596538,-0.802585
0.600500,-0.799624
0.602047,-0.798461
0.602484,-0.798131
0.602507,-0.798113
0.606323,-0.795219
0.607024,-0.794683
0.610660,-0.791893
0.611991,-0.790865
0.612447,-0.790512
0.612605,-0.790389
0.613873,-0.789405
0.617299,-0.786728
0.617316,-0.786715
0.624269,-0.781210
0.625552,-0.780183
0.625566,-0.780171
0.627316,-0.778765
0.629479,-0.777018
0.629869,-0.776701
0.632449,-0.774602
0.632964,-0.774181
0.633019,-0.774136
0.635675,-0.771957
0.637243,-0.770663
0.638620,-0.769522
0.642597,-0.766204
0.645117,-0.764083
0.645448,-0.763805
0.646038,-0.763305
0.647361,-0.762183
0.647815,-0.761798
0.649985,-0.759947
0.656267,-0.754529
0.660176,-0.751111
0.662095,-0.749420
0.662640,-0.748938
0.663820,-0.747892
0.664088,-0.747654
0.664294,-0.747471
0.665007,-0.746837
0.667214,-0.744866
0.668187,-0.743993
0.670463,-0.741943
0.671362,-0.741129
0.672541,-0.740060
0.672594,-0.740012
0.675089,-0.737737
0.675257,-0.737583
0.676359,-0.736572
0.676914,-0.736062
0.681737,-0.731597
0.681751,-0.731584
0.687341,-0.726335
0.687662,-0.726031
0.687761,-0.725937
0.689910,-0.723895
0.691495,-0.722382
0.691626,-0.722256
0.691879,-0.722013
0.692900,-0.721033
0.694037,-0.719940
0.695074,-0.718938
0.695299,-0.718721
0.695757,-0.718277
0.696079,-0.717965
0.697651,-0.716438
0.700214,-0.713933
0.701901,-0.712275
0.703409,-0.710785
0.703477,-0.710718
0.704135,-0.710066
0.705566,-0.708645
0.705910,-0.708302
0.706282,-0.707930
0.709587,-0.704618
0.711832,-0.702349
0.715536,-0.698576
0.715648,-0.698462
0.716012,-0.698088
0.720104,-0.693866
0.720335,-0.693626
0.723250,-0.690586
0.723358,-0.690473
0.726199,-0.687484
0.726475,-0.687193
0.727963,-0.685617
0.728077,-0.685495
0.730426,-0.682991
0.732586,-0.680674
0.732829,-0.680413
0.735465,-0.677563
0.735493,-0.677532
0.735890,-0.677101
0.737411,-0.675445
0.737483,-0.675366
0.738446,-0.674312
0.742465,-0.669885
0.743038,-0.669250
0.743866,-0.668329
0.747488,-0.664275
0.752770,-0.658284
0.753280,-0.657699
0.753446,-0.657510
0.754180,-0.656667
0.755906,-0.654680
0.759541,-0.650460
0.760937,-0.648826
0.761835,-0.647771
0.764154,-0.645034
0.764204,-0.644974
0.769372,-0.638801
0.772063,-0.635546
0.773500,-0.633797
0.774297,-0.632823
0.774537,-0.632528
0.775144,-0.631785
0.776942,-0.629572
0.778438,-0.627722
0.780873,-0.624690
0.781680,-0.623680
0.782295,-0.622908
0.782396,-0.622781
0.782751,-0.622335
0.789464,-0.613797
0.794963,-0.606658
0.797875,-0.602823
0.800453,-0.599395
0.800522,-0.599304
0.800595,-0.599206
0.800943,-0.598740
0.805824,-0.592156
0.805923,-0.592021
0.810199,-0.586155
0.812289,-0.583255
0.812634,-0.582775
0.815876,-0.578227
0.816380,-0.577515
0.818388,-0.574666
0.819384,-0.573245
0.819755,-0.572714
0.824108,-0.566432
0.828150,-0.560507
0.828550,-0.559915
0.830190,-0.557481
0.830293,-0.557327
0.832165,-0.554528
0.832272,-0.554368
0.832694,-0.553734
0.833318,-0.552794
0.837753,-0.546050
0.838466,-0.544954
0.839072,-0.544021
0.839146,-0.543906
0.840129,-0.542386
0.845732,-0.533608
0.848834,-0.528660
0.848996,-0.528399
0.849398,-0.527752
0.849844,-0.527035
0.850070,-0.526669
0.851126,-0.524961
0.852182,-0.523246
0.852553,-0.522641
0.853311,-0.521403
0.854154,-0.520021
0.858115,-0.513457
0.860386,-0.509643
0.860585,-0.509307
0.862586,-0.505911
0.863084,-0.505060
0.864681,-0.502321
0.867097,-0.498140
0.867461,-0.497506
0.867729,-0.497038
0.869471,-0.493984
0.870990,-0.491301
0.873532,-0.486766
0.873929,-0.486053
0.874036,-0.485862
0.874184,-0.485595
0.878229,-0.478240
0.879892,-0.475173
0.884260,-0.466996
0.884729,-0.466105
0.884934,-0.465717
0.885374,-0.464880
0.886337,-0.463041
0.886492,-0.462744
0.886783,-0.462186
0.887686,-0.460450
0.887731,-0.460362
0.887756,-0.460314
0.887985,-0.459871
0.888263,-0.459336
0.889154,-0.457609
0.890448,-0.455085
0.891081,-0.453844
0.891500,-0.453021
0.894483,-0.447101
0.894809,-0.446449
0.895010,-0.446046
0.895449,-0.445164
0.895888,-0.444279
0.896752,-0.442534
0.896880,-0.442274
0.897848,-0.440306
0.899782,-0.436340
0.901088,-0.433636
0.901177,-0.433451
0.901204,-0.433396
0.901449,-0.432886
0.901762,-0.432232
0.903758,-0.428044
0.904500,-0.426473
0.905500,-0.424346
0.905767,-0.423775
0.907673,-0.419677
0.909316,-0.416106
0.909516,-0.415668
0.909591,-0.415505
0.911081,-0.412227
0.911086,-0.412216
0.911163,-0.412047
0.912453,-0.409182
0.913297,-0.407295
0.915854,-0.401511
0.915963,-0.401264
0.916605,-0.399795
0.917660,-0.397367
0.918677,-0.395011
0.918711,-0.394932
0.918919,-0.394446
0.919043,-0.394156
0.919096,-0.394033
0.921085,-0.389362
0.921087,-0.389356
0.923395,-0.383851
0.923582,-0.383400
0.923906,-0.382620
0.924580,-0.380988
0.925534,-0.378665
0.928221,-0.372028
0.929295,-0.369337
0.930052,-0.367429
0.931009,-0.364997
0.931337,-0.364158
0.931768,-0.363054
0.932905,-0.360122
0.934186,-0.356787
0.934860,-0.355017
0.934885,-0.354951
0.935381,-0.353642
0.935680,-0.352849
0.936037,-0.351901
0.936279,-0.351258
0.936411,-0.350906
0.936930,-0.349517
0.937220,-0.348740
0.937957,-0.346751
0.938725,-0.344666
0.939604,-0.342264
0.939910,-0.341423
0.940611,-0.339486
0.940753,-0.339094
0.942972,-0.332872
0.943663,-0.330908
0.944137,-0.329554
0.944208,-0.329351
0.946665,-0.322218
0.947822,-0.318801
0.948484,-0.316825
0.948556,-0.316609
0.949426,-0.313990
0.949852,-0.312701
0.951773,-0.306802
0.952045,-0.305959
0.952237,-0.305359
0.952504,-0.304527
0.952812,-0.303561
0.953119,-0.302595
0.953975,-0.299886
0.954020,-0.299744
0.954316,-0.298799
0.955288,-0.295678
0.955980,-0.293433
0.956087,-0.293084
0.957878,-0.287176
0.958973,-0.283499
0.959622,-0.281292
0.960100,-0.279657
0.961272,-0.275600
0.961531,-0.274696
0.962572,-0.271028
0.962617,-0.270865
0.963005,-0.269483
0.963017,-0.269440
0.965096,-0.261896
0.965883,-0.258979
0.966536,-0.256530
0.966684,-0.255973
0.967523,-0.252783
0.967665,-0.252241
0.968050,-0.250756
0.968465,-0.249148
0.968775,-0.247940
0.968838,-0.247694
0.969720,-0.244221
0.969812,-0.243853
0.970788,-0.239940
0.970979,-0.239165
0.971319,-0.237779
0.972621,-0.232395
0.973644,-0.228075
0.973757,-0.227591
0.974579,-0.224046
0.975011,-0.222158
0.976207,-0.216842
0.976213,-0.216813
0.976278,-0.216522
0.976389,-0.216020
0.979249,-0.202659
0.979418,-0.201843
0.979470,-0.201590
0.979474,-0.201569
0.980429,-0.196873
0.981110,-0.193452
0.981223,-0.192877
0.981302,-0.192476
0.981384,-0.192054
0.981962,-0.189079
0.982649,-0.185476
0.982850,-0.184407
0.982886,-0.184215
0.983076,-0.183198
0.983089,-0.183127
0.983810,-0.179217
0.984040,-0.177946
0.984800,-0.173691
0.985241,-0.171175
0.985557,-0.169345
0.985588,-0.169163
0.985755,-0.168188
0.986042,-0.166495
0.986252,-0.165248
0.986788,-0.162020
0.986894,-0.161371
0.988863,-0.148828
0.989006,-0.147874
0.990030,-0.140856
0.990165,-0.139904
0.990461,-0.137795
0.990536,-0.137252
0.990626,-0.136601
0.990932,-0.134363
0.991041,-0.133557
0.991159,-0.132679
0.991828,-0.127582
0.992076,-0.125639
0.992488,-0.122342
0.993029,-0.117870
0.993041,-0.117768
0.993434,-0.114405
0.993492,-0.113903
0.994020,-0.109198
0.994072,-0.108724
0.994160,-0.107914
0.994331,-0.106325
0.994350,-0.106150
0.994727,-0.102558
0.994870,-0.101165
0.995471,-0.095070
0.995498,-0.094785
0.995614,-0.093559
0.995729,-0.092323
0.996144,-0.087733
0.996209,-0.086987
0.996612,-0.082253
0.996655,-0.081721
0.996690,-0.081291
0.997384,-0.072280
0.997538,-0.070133
0.997603,-0.069193
0.997627,-0.068852
0.997886,-0.064993
0.997890,-0.064922
0.998222,-0.059600
0.998330,-0.057774
0.998341,-0.057570
0.998396,-0.056610
0.998413,-0.056320
0.998428,-0.056055
0.998451,-0.055639
0.998576,-0.053346
0.998734,-0.050309
0.998787,-0.049234
0.998817,-0.048628
0.998999,-0.044721
0.999033,-0.043956
0.999185,-0.040374
0.999212,-0.039687
0.999221,-0.039454
0.999257,-0.038540
0.999301,-0.037394
0.999317,-0.036944
0.999370,-0.035493
0.999509,-0.031323
0.999589,-0.028668
0.999720,-0.023659
0.999724,-0.023513
0.999738,-0.022876
0.999829,-0.018519
0.999837,-0.018077
0.999846,-0.017555
0.999852,-0.017221
0.999870,-0.016138
0.999919,-0.012694
0.999929,-0.011946
0.999936,-0.011294
0.999999,-0.001345
1.000000,-0.000624
