0.999989,0.004769
0.999942,0.010782
0.999928,0.011990
0.999926,0.012158
0.999913,0.013154
0.999913,0.013203
0.999832,0.018350
0.999674,0.025514
0.999669,0.025727
0.999596,0.028417
0.999503,0.031519
0.999222,0.039449
0.999102,0.042374
0.999038,0.043862
0.998900,0.046881
0.998762,0.049739
0.998692,0.051128
0.998572,0.053425
0.998417,0.056244
0.998120,0.061286
0.998118,0.061329
0.997976,0.063587
0.997917,0.064508
0.997846,0.065595
0.997524,0.070325
0.997418,0.071810
0.997228,0.074402
0.997209,0.074657
0.996803,0.079902
0.996615,0.082213
0.996247,0.086559
0.996092,0.088319
0.995988,0.089492
0.995672,0.092932
0.995568,0.094041
0.995517,0.094585
0.995077,0.099104
0.995015,0.099726
0.994998,0.099891
0.994173,0.107792
0.993964,0.109709
0.993872,0.110534
0.993491,0.113910
0.992502,0.122229
0.992157,0.125001
0.991593,0.129398
0.991153,0.132722
0.990810,0.135261
0.990712,0.135980
0.990430,0.138017
0.989758,0.142753
0.989639,0.143576
0.989580,0.143982
0.989532,0.144312
0.989457,0.144827
0.989211,0.146499
0.987621,0.156860
0.986336,0.164746
0.985677,0.168644
0.984511,0.175322
0.983633,0.180186
0.983394,0.181481
0.982787,0.184744
0.982737,0.185008
0.981795,0.189946
0.981231,0.192837
0.980465,0.196693
0.980380,0.197118
0.978806,0.204789
0.978785,0.204892
0.977655,0.210215
0.976707,0.214575
0.976399,0.215975
0.975864,0.218377
0.975837,0.218498
0.975609,0.219514
0.975370,0.220574
0.975305,0.220861
0.974292,0.225288
0.973700,0.227835
0.973178,0.230054
0.972715,0.232002
0.971896,0.235409
0.971560,0.236794
0.971429,0.237331
0.970076,0.242803
0.968417,0.249336
0.968245,0.250005
0.967112,0.254350
0.967020,0.254700
0.966785,0.255591
0.966500,0.256666
0.966104,0.258154
0.963369,0.268179
0.963353,0.268238
0.960454,0.278438
0.959052,0.283230
0.957077,0.289833
0.956362,0.292183
0.955420,0.295250
0.954981,0.296667
0.953539,0.301271
0.951672,0.307117
0.951465,0.307757
0.950867,0.309601
0.950537,0.310612
0.950350,0.311184
0.949133,0.314875
0.947540,0.319636
0.947482,0.319808
0.946941,0.321409
0.945696,0.325054
0.945673,0.325120
0.944079,0.329721
0.941886,0.335932
0.941123,0.338063
0.941100,0.338127
0.941001,0.338405
0.939278,0.343158
0.934168,0.356833
0.933991,0.357297
0.932189,0.361971
0.932143,0.362090
0.931345,0.364138
0.931106,0.364749
0.930265,0.366889
0.928275,0.371894
0.928268,0.371913
0.927755,0.373190
0.923378,0.383892
0.923274,0.384143
0.922837,0.385190
0.921353,0.388726
0.921193,0.389105
0.919437,0.393237
0.915548,0.402208
0.915433,0.402470
0.914835,0.403828
0.912785,0.408441
0.912605,0.408842
0.912042,0.410098
0.910996,0.412415
0.910472,0.413571
0.910210,0.414147
0.910137,0.414307
0.909718,0.415227
0.909624,0.415433
0.907225,0.420645
0.905087,0.425226
0.904524,0.426423
0.903205,0.429210
0.902230,0.431256
0.900405,0.435052
0.896835,0.442366
0.894123,0.447822
0.892986,0.450084
0.884825,0.465923
0.884560,0.466426
0.883538,0.468359
0.882658,0.470017
0.882155,0.470959
0.881875,0.471483
0.880651,0.473765
0.879538,0.475828
0.875712,0.482834
0.872178,0.489189
0.871912,0.489663
0.868843,0.495088
0.868717,0.495309
0.865860,0.500287
0.865828,0.500342
0.865374,0.501126
0.865111,0.501581
0.864130,0.503269
0.863792,0.503848
0.863437,0.504457
0.861974,0.506952
0.857522,0.514448
0.857399,0.514653
0.854043,0.520202
0.849808,0.527093
0.849413,0.527729
0.848843,0.528645
0.847065,0.531490
0.845576,0.533855
0.845492,0.533988
0.845091,0.534623
0.844412,0.535695
0.843514,0.537108
0.841951,0.539554
0.841720,0.539914
0.841562,0.540161
0.836218,0.548398
0.833851,0.551990
0.829303,0.558800
0.821809,0.569763
0.821219,0.570613
0.818462,0.574561
0.815684,0.578498
0.815419,0.578871
0.813000,0.582263
0.812056,0.583579
0.811010,0.585032
0.810171,0.586193
0.807011,0.590537
0.803878,0.594794
0.794383,0.607418
0.793459,0.608624
0.789012,0.614377
0.785271,0.619153
0.784964,0.619542
0.784400,0.620256
0.780949,0.624595
0.779485,0.626421
0.777907,0.628379
0.776700,0.629871
0.776567,0.630035
0.775104,0.631834
0.774625,0.632421
0.773264,0.634084
0.772702,0.634769
0.771374,0.636382
0.768444,0.639916
0.768025,0.640420
0.761695,0.647936
0.761472,0.648197
0.760901,0.648868
0.757333,0.653029
0.757029,0.653381
0.755325,0.655350
0.752209,0.658925
0.750305,0.661092
0.742946,0.669351
0.742515,0.669830
0.726030,0.687663
0.725121,0.688622
0.718962,0.695049
0.715382,0.698734
0.714187,0.699955
0.713508,0.700647
0.712433,0.701741
0.710800,0.703394
0.709148,0.705060
0.708661,0.705549
0.704667,0.709539
0.701186,0.712979
0.700739,0.713417
0.699595,0.714540
0.697055,0.717018
0.696720,0.717343
0.694833,0.719171
0.693694,0.720270
0.693113,0.720829
0.692052,0.721848
0.687661,0.726032
0.683970,0.729510
0.681390,0.731921
0.681038,0.732248
0.680560,0.732693
0.680275,0.732957
0.679957,0.733252
0.672212,0.740359
0.671097,0.741370
0.670075,0.742294
0.669897,0.742454
0.666461,0.745540
0.665946,0.746000
0.662610,0.748965
0.659745,0.751490
0.659681,0.751545
0.658575,0.752515
0.654284,0.756249
0.645452,0.763801
0.644981,0.764199
0.642134,0.766592
0.641511,0.767114
0.639392,0.768881
0.638444,0.769668
0.632856,0.774269
0.622986,0.782233
0.618523,0.785766
0.617826,0.786315
0.617126,0.786865
0.616947,0.787004
0.611303,0.791396
0.609097,0.793096
0.608453,0.793590
0.605293,0.796003
0.594312,0.804234
0.591359,0.806408
0.591136,0.806572
0.589896,0.807479
0.588777,0.808296
0.588432,0.808547
0.587711,0.809071
0.586582,0.809890
0.579521,0.814957
0.576361,0.817195
0.575774,0.817609
0.575153,0.818046
0.570044,0.821614
0.566566,0.824016
0.563670,0.826000
0.558904,0.829232
0.552227,0.833694
0.550602,0.834768
0.548999,0.835823
0.546576,0.837410
0.541705,0.840569
0.541396,0.840768
0.533402,0.845862
0.530475,0.847700
0.530336,0.847788
0.528268,0.849078
0.527392,0.849622
0.526461,0.850199
0.523313,0.852140
0.521454,0.853279
0.519707,0.854345
0.517677,0.855576
0.513569,0.858048
0.512818,0.858497
0.503740,0.863855
0.495782,0.868447
0.494454,0.869204
0.491626,0.870806
0.488512,0.872557
0.486401,0.873736
0.483272,0.875470
0.481035,0.876701
0.479280,0.877662
0.479200,0.877706
0.478564,0.878052
0.477752,0.878495
0.471060,0.882101
0.458445,0.888723
0.453701,0.891154
0.452669,0.891679
0.452217,0.891908
0.447372,0.894348
0.446579,0.894744
0.441753,0.897137
0.438848,0.898561
0.438402,0.898779
0.413783,0.910376
0.413587,0.910465
0.413372,0.910562
0.411262,0.911517
0.409104,0.912488
0.408401,0.912803
0.406653,0.913583
0.399518,0.916725
0.399130,0.916895
0.387037,0.922064
0.384685,0.923048
0.379385,0.925239
0.378032,0.925792
0.363983,0.931405
0.361031,0.932554
0.359294,0.933224
0.347907,0.937529
0.347028,0.937855
0.344819,0.938669
0.340548,0.940227
0.340422,0.940273
0.337245,0.941417
0.334247,0.942485
0.323116,0.946359
0.321926,0.946765
0.320264,0.947328
0.315194,0.949027
0.315014,0.949087
0.313790,0.949492
0.313082,0.949726
0.311492,0.950249
0.307939,0.951406
0.305476,0.952200
0.305095,0.952322
0.296951,0.954893
0.294485,0.955656
0.294432,0.955672
0.289746,0.957104
0.289001,0.957329
0.287656,0.957734
0.287428,0.957802
0.283152,0.959075
0.281225,0.959642
0.272283,0.962217
0.271018,0.962574
0.269120,0.963107
0.268986,0.963144
0.268053,0.963404
0.259942,0.965624
0.257006,0.966410
0.255088,0.966918
0.253515,0.967331
0.250115,0.968216
0.247468,0.968896
0.242697,0.970102
0.239764,0.970831
0.236263,0.971689
0.234701,0.972068
0.232933,0.972493
0.227519,0.973774
0.223900,0.974612
0.221332,0.975198
0.219199,0.975680
0.214966,0.976621
0.206321,0.978484
0.205602,0.978636
0.201277,0.979534
0.197238,0.980356
0.195333,0.980737
0.193952,0.981011
0.192679,0.981262
0.190160,0.981753
0.188454,0.982082
0.178935,0.983861
0.177330,0.984151
0.177260,0.984164
0.175379,0.984501
0.174746,0.984613
0.171470,0.985189
0.167159,0.985930
0.163991,0.986462
0.161918,0.986804
0.156764,0.987636
0.149649,0.988739
0.149025,0.988833
0.136231,0.990677
0.135976,0.990712
0.135156,0.990824
0.134664,0.990891
0.127509,0.991837
0.126053,0.992024
0.114591,0.993413
0.110668,0.993857
0.108278,0.994121
0.107661,0.994188
0.107083,0.994250
0.104452,0.994530
0.100702,0.994917
0.099937,0.994994
0.097741,0.995212
0.093669,0.995603
0.092791,0.995686
0.088275,0.996096
0.083478,0.996510
0.082691,0.996575
0.078591,0.996907
0.077686,0.996978
0.076441,0.997074
0.075925,0.997114
0.072935,0.997337
0.072607,0.997361
0.072553,0.997365
0.070614,0.997504
0.068133,0.997676
0.063359,0.997991
0.063058,0.998010
0.061329,0.998118
0.057496,0.998346
0.056826,0.998384
0.056120,0.998424
0.053874,0.998548
0.052369,0.998628
0.052136,0.998640
0.044505,0.999009
0.043131,0.999069
0.040975,0.999160
0.037668,0.999290
0.037234,0.999307
0.036205,0.999344
0.032276,0.999479
0.031505,0.999504
0.029918,0.999552
0.029392,0.999568
0.026665,0.999644
0.024272,0.999705
0.020503,0.999790
0.011486,0.999934
0.011461,0.999934
0.000486,1.000000
-0.001674,0.999999
-0.001809,0.999998
-0.002366,0.999997
-0.003043,0.999995
-0.007003,0.999975
-0.009887,0.999951
-0.012053,0.999927
-0.013855,0.999904
-0.014906,0.999889
-0.015736,0.999876
-0.020141,0.999797
-0.024021,0.999711
-0.027002,0.999635
-0.036423,0.999336
-0.038944,0.999241
-0.042153,0.999111
-0.045905,0.998946
-0.065408,0.997859
-0.068847,0.997627
-0.070169,0.997535
-0.075168,0.997171
-0.078241,0.996935
-0.085309,0.996355
-0.088104,0.996111
-0.089533,0.995984
-0.090398,0.995906
-0.093904,0.995581
-0.099198,0.995068
-0.099234,0.995064
-0.099704,0.995017
-0.101819,0.994803
-0.102054,0.994779
-0.103793,0.994599
-0.104305,0.994545
-0.104680,0.994506
-0.108671,0.994078
-0.111240,0.993794
-0.112315,0.993673
-0.113309,0.993560
-0.115268,0.993334
-0.118793,0.992919
-0.119490,0.992835
-0.124643,0.992202
-0.126801,0.991928
-0.131115,0.991367
-0.132366,0.991201
-0.133042,0.991110
-0.136807,0.990598
-0.137954,0.990439
-0.139006,0.990292
-0.139912,0.990164
-0.144789,0.989463
-0.146565,0.989201
-0.149082,0.988825
-0.160180,0.987088
-0.160776,0.986991
-0.162448,0.986717
-0.165991,0.986127
-0.166576,0.986029
-0.171898,0.985115
-0.175665,0.984450
-0.176390,0.984320
-0.184078,0.982912
-0.185884,0.982572
-0.189678,0.981846
-0.192795,0.981239
-0.194122,0.980977
-0.195222,0.980759
-0.195313,0.980741
-0.199327,0.979933
-0.203843,0.979004
-0.208049,0.978118
-0.209668,0.977773
-0.213161,0.977017
-0.213230,0.977002
-0.216225,0.976344
-0.217261,0.976114
-0.218070,0.975933
-0.221044,0.975264
-0.223157,0.974783
-0.228886,0.973453
-0.229767,0.973246
-0.231451,0.972847
-0.231987,0.972719
-0.241661,0.970361
-0.243160,0.969986
-0.244035,0.969766
-0.246047,0.969258
-0.246820,0.969061
-0.248718,0.968576
-0.248848,0.968543
-0.248901,0.968529
-0.249216,0.968448
-0.251704,0.967804
-0.252060,0.967712
-0.256091,0.966653
-0.256645,0.966506
-0.257275,0.966338
-0.259317,0.965792
-0.259876,0.965642
-0.261629,0.965169
-0.269855,0.962901
-0.270577,0.962698
-0.275581,0.961278
-0.281692,0.959505
-0.285783,0.958294
-0.289241,0.957256
-0.291906,0.956447
-0.296441,0.955051
-0.303308,0.952893
-0.312536,0.949906
-0.314480,0.949264
-0.315540,0.948912
-0.318007,0.948088
-0.321123,0.947038
-0.322570,0.946546
-0.327020,0.945017
-0.328228,0.944599
-0.331237,0.943547
-0.332993,0.942929
-0.344867,0.938651
-0.345814,0.938303
-0.346399,0.938087
-0.348348,0.937365
-0.348514,0.937304
-0.352494,0.935814
-0.354118,0.935201
-0.354437,0.935080
-0.360964,0.932580
-0.363169,0.931723
-0.364530,0.931192
-0.365258,0.930906
-0.366047,0.930596
-0.366536,0.930404
-0.366975,0.930231
-0.368921,0.929461
-0.369018,0.929422
-0.373064,0.927806
-0.377309,0.926088
-0.378884,0.925444
-0.384844,0.922981
-0.386328,0.922362
-0.386924,0.922112
-0.387322,0.921945
-0.389359,0.921086
-0.393023,0.919529
-0.394365,0.918954
-0.398600,0.917125
-0.400241,0.916410
-0.404971,0.914329
-0.407818,0.913063
-0.408907,0.912576
-0.412334,0.911033
-0.421562,0.906800
-0.422198,0.906504
-0.424825,0.905276
-0.426365,0.904551
-0.428991,0.903309
-0.432940,0.901423
-0.433707,0.901054
-0.437436,0.899250
-0.440595,0.897706
-0.447231,0.894418
-0.448955,0.893554
-0.451494,0.892274
-0.454405,0.890795
-0.455582,0.890194
-0.456528,0.889709
-0.456685,0.889628
-0.457256,0.889335
-0.461957,0.886902
-0.468493,0.883467
-0.475893,0.879503
-0.477093,0.878853
-0.477741,0.878501
-0.484108,0.875008
-0.485616,0.874172
-0.487082,0.873356
-0.488679,0.872464
-0.488762,0.872417
-0.489200,0.872172
-0.490660,0.871351
-0.490835,0.871252
-0.491621,0.870809
-0.491628,0.870805
-0.494495,0.869181
-0.499383,0.866382
-0.500691,0.865626
-0.501154,0.865358
-0.501602,0.865099
-0.502840,0.864380
-0.504103,0.863644
-0.504736,0.863274
-0.505116,0.863051
-0.506043,0.862508
-0.509194,0.860652
-0.521739,0.853105
-0.522100,0.852884
-0.523799,0.851842
-0.525235,0.850957
-0.529034,0.848601
-0.529510,0.848304
-0.537211,0.843448
-0.540695,0.841219
-0.550265,0.834990
-0.552125,0.833761
-0.556256,0.831011
-0.558845,0.829272
-0.558849,0.829269
-0.560872,0.827902
-0.560875,0.827901
-0.560971,0.827835
-0.563241,0.826293
-0.563935,0.825819
-0.565108,0.825017
-0.565983,0.824417
-0.569172,0.822219
-0.572023,0.820238
-0.581599,0.813475
-0.583456,0.812145
-0.584769,0.811200
-0.585053,0.810995
-0.587794,0.809011
-0.590391,0.807118
-0.590806,0.806814
-0.592474,0.805590
-0.593885,0.804550
-0.608977,0.793188
-0.612151,0.790741
-0.613973,0.789327
-0.615554,0.788095
-0.617697,0.786416
-0.620175,0.784464
-0.620347,0.784328
-0.621010,0.783803
-0.622176,0.782878
-0.623213,0.782052
-0.624180,0.781280
-0.626527,0.779399
-0.631212,0.775610
-0.631385,0.775470
-0.636413,0.771348
-0.637804,0.770198
-0.648100,0.761556
-0.649623,0.760256
-0.651341,0.758785
-0.652810,0.757522
-0.657797,0.753195
-0.660698,0.750652
-0.662454,0.749103
-0.662613,0.748962
-0.663144,0.748492
-0.666445,0.745554
-0.667316,0.744774
-0.668882,0.743368
-0.670556,0.741859
-0.671372,0.741120
-0.671409,0.741087
-0.672686,0.739928
-0.672824,0.739803
-0.673987,0.738743
-0.681647,0.731682
-0.682215,0.731151
-0.682673,0.730724
-0.687440,0.726242
-0.688652,0.725092
-0.688921,0.724836
-0.690339,0.723486
-0.690726,0.723116
-0.695471,0.718555
-0.696124,0.717921
-0.705604,0.708606
-0.706267,0.707946
-0.709512,0.704693
-0.709822,0.704381
-0.710751,0.703444
-0.711190,0.703000
-0.712163,0.702014
-0.713297,0.700861
-0.713316,0.700842
-0.716287,0.697806
-0.716557,0.697529
-0.716997,0.697076
-0.718272,0.695762
-0.719782,0.694200
-0.725509,0.688213
-0.729700,0.683767
-0.730059,0.683384
-0.737273,0.675595
-0.738771,0.673956
-0.741447,0.671011
-0.742190,0.670190
-0.743142,0.669134
-0.744773,0.667318
-0.746888,0.664950
-0.756827,0.653615
-0.758854,0.651260
-0.766032,0.642803
-0.767025,0.641617
-0.768474,0.639881
-0.771742,0.635936
-0.774001,0.633185
-0.777522,0.628856
-0.782501,0.622650
-0.784435,0.620211
-0.784913,0.619606
-0.785128,0.619334
-0.790951,0.611880
-0.791025,0.611783
-0.792027,0.610486
-0.792398,0.610004
-0.793750,0.608244
-0.794182,0.607680
-0.794551,0.607197
-0.795525,0.605921
-0.797738,0.603005
-0.797783,0.602945
-0.798833,0.601553
-0.799816,0.600245
-0.800046,0.599938
-0.800975,0.598698
-0.802963,0.596029
-0.804158,0.594416
-0.805193,0.593013
-0.805459,0.592652
-0.806042,0.591859
-0.807969,0.589225
-0.810827,0.585286
-0.811039,0.584992
-0.813377,0.581738
-0.820645,0.571438
-0.821736,0.569869
-0.822424,0.568874
-0.824907,0.565269
-0.827069,0.562100
-0.829752,0.558132
-0.833505,0.552512
-0.835768,0.549083
-0.835857,0.548947
-0.838220,0.545332
-0.842622,0.538505
-0.842800,0.538227
-0.844782,0.535111
-0.846303,0.532703
-0.847298,0.531119
-0.848235,0.529619
-0.854578,0.519323
-0.856395,0.516321
-0.859003,0.511971
-0.859544,0.511061
-0.862533,0.506001
-0.862926,0.505330
-0.863502,0.504345
-0.865267,0.501311
-0.865814,0.500366
-0.866233,0.499641
-0.867086,0.498159
-0.868335,0.495979
-0.868464,0.495752
-0.869133,0.494579
-0.871876,0.489727
-0.874822,0.484445
-0.877629,0.479341
-0.879742,0.475451
-0.882732,0.469878
-0.884182,0.467143
-0.884219,0.467073
-0.884904,0.465773
-0.885055,0.465486
-0.888428,0.459016
-0.888557,0.458766
-0.889870,0.456215
-0.891029,0.453946
-0.891128,0.453753
-0.891827,0.452377
-0.891979,0.452076
-0.895125,0.445816
-0.896887,0.442261
-0.898163,0.439663
-0.901153,0.433502
-0.902635,0.430406
-0.906064,0.423140
-0.906190,0.422871
-0.907638,0.419754
-0.908309,0.418300
-0.910904,0.412618
-0.912409,0.409279
-0.913995,0.405725
-0.914706,0.404121
-0.917413,0.397936
-0.920862,0.389888
-0.921464,0.388463
-0.922132,0.386875
-0.928086,0.372365
-0.932019,0.362408
-0.935192,0.354140
-0.935402,0.353587
-0.935859,0.352375
-0.937346,0.348401
-0.937370,0.348336
-0.937908,0.346883
-0.939203,0.343364
-0.940596,0.339528
-0.948732,0.316081
-0.949155,0.314811
-0.949857,0.312684
-0.952856,0.303423
-0.953817,0.300389
-0.953957,0.299945
-0.954960,0.296734
-0.955197,0.295970
-0.958065,0.286550
-0.959327,0.282298
-0.959343,0.282243
-0.959836,0.280563
-0.959922,0.280269
-0.960360,0.278761
-0.964656,0.263513
-0.964763,0.263119
-0.964982,0.262316
-0.965402,0.260766
-0.966250,0.257607
-0.967132,0.254275
-0.967379,0.253332
-0.967961,0.251100
-0.969733,0.244168
-0.969795,0.243921
-0.969979,0.243189
-0.971791,0.235842
-0.972431,0.233192
-0.973980,0.226633
-0.973988,0.226601
-0.974002,0.226540
-0.974171,0.225811
-0.974444,0.224630
-0.974686,0.223578
-0.976164,0.217033
-0.976824,0.214044
-0.977165,0.212483
-0.977196,0.212340
-0.977450,0.211165
-0.977790,0.209586
-0.977843,0.209341
-0.978903,0.204327
-0.978923,0.204230
-0.979034,0.203699
-0.979397,0.201945
-0.980140,0.198307
-0.980167,0.198175
-0.981004,0.193988
-0.983094,0.183101
-0.984458,0.175622
-0.984842,0.173456
-0.985501,0.169668
-0.986071,0.166326
-0.987034,0.160512
-0.987084,0.160203
-0.987526,0.157457
-0.988456,0.151507
-0.988553,0.150874
-0.989404,0.145192
-0.989519,0.144404
-0.990329,0.138736
-0.990423,0.138063
-0.990650,0.136426
-0.991142,0.132804
-0.991216,0.132252
-0.991385,0.130981
-0.992401,0.123044
-0.992827,0.119561
-0.993028,0.117882
-0.994658,0.103223
-0.996286,0.086105
-0.996851,0.079292
-0.996950,0.078041
-0.996976,0.077716
-0.997325,0.073097
-0.997550,0.069961
-0.997591,0.069373
-0.997831,0.065825
-0.997988,0.063400
-0.998071,0.062078
-0.998425,0.056100
-0.998474,0.055233
-0.998704,0.050893
-0.998803,0.048905
-0.998954,0.045725
-0.998957,0.045651
-0.999140,0.041475
-0.999173,0.040659
-0.999445,0.033314
-0.999496,0.031752
-0.999531,0.030633
-0.999651,0.026419
-0.999758,0.022021
-0.999782,0.020892
-0.999865,0.016435
-0.999875,0.015813
-0.999923,0.012388
-1.000000,0.000447
-0.999992,-0.004075
-0.999987,-0.005022
-0.999976,-0.006975
-0.999974,-0.007274
-0.999864,-0.016503
-0.999844,-0.017636
-0.999673,-0.025576
-0.999635,-0.026999
-0.999476,-0.032353
-0.999458,-0.032929
-0.999448,-0.033208
-0.999435,-0.033624
-0.998902,-0.046849
-0.998835,-0.048255
-0.998729,-0.050400
-0.998274,-0.058726
-0.998142,-0.060931
-0.998081,-0.061914
-0.997934,-0.064251
-0.997930,-0.064303
-0.997906,-0.064685
-0.997516,-0.070442
-0.995875,-0.090733
-0.995850,-0.091005
-0.995296,-0.096882
-0.995222,-0.097635
-0.994273,-0.106866
-0.994218,-0.107378
-0.994182,-0.107711
-0.994121,-0.108279
-0.993752,-0.111607
-0.993356,-0.115079
-0.993104,-0.117241
-0.992929,-0.118708
-0.992753,-0.120176
-0.992125,-0.125255
-0.991248,-0.132013
-0.991021,-0.133705
-0.990970,-0.134080
-0.990541,-0.137214
-0.989564,-0.144095
-0.988794,-0.149285
-0.988781,-0.149372
-0.988599,-0.150574
-0.988062,-0.154057
-0.987404,-0.158222
-0.987294,-0.158902
-0.986896,-0.161355
-0.985454,-0.169944
-0.985009,-0.172505
-0.984129,-0.177457
-0.983400,-0.181450
-0.983257,-0.182222
-0.983126,-0.182931
-0.983053,-0.183321
-0.982972,-0.183756
-0.981557,-0.191171
-0.979918,-0.199400
-0.979908,-0.199448
-0.979869,-0.199642
-0.979715,-0.200394
-0.979166,-0.203061
-0.978840,-0.204627
-0.976710,-0.214562
-0.975955,-0.217973
-0.975266,-0.221035
-0.974654,-0.223717
-0.973196,-0.229978
-0.973058,-0.230560
-0.973049,-0.230599
-0.971686,-0.236275
-0.971647,-0.236437
-0.970831,-0.239767
-0.970533,-0.240968
-0.968074,-0.250665
-0.967347,-0.253457
-0.966857,-0.255317
-0.965591,-0.260065
-0.963836,-0.266495
-0.962879,-0.269932
-0.962480,-0.271353
-0.961282,-0.275567
-0.961209,-0.275821
-0.957827,-0.287344
-0.955947,-0.293539
-0.953795,-0.300457
-0.953412,-0.301671
-0.952464,-0.304651
-0.952460,-0.304662
-0.951597,-0.307348
-0.950603,-0.310410
-0.949352,-0.314216
-0.949251,-0.314519
-0.946483,-0.322753
-0.945463,-0.325729
-0.944500,-0.328512
-0.941652,-0.336588
-0.941172,-0.337927
-0.939081,-0.343697
-0.936034,-0.351910
-0.935683,-0.352840
-0.935519,-0.353277
-0.933571,-0.358394
-0.933496,-0.358587
-0.933445,-0.358719
-0.930329,-0.366727
-0.930277,-0.366857
-0.930214,-0.367017
-0.929717,-0.368274
-0.929215,-0.369541
-0.929014,-0.370043
-0.926815,-0.375517
-0.925733,-0.378177
-0.923465,-0.383683
-0.922241,-0.386616
-0.919875,-0.392211
-0.916021,-0.401131
-0.915193,-0.403016
-0.912154,-0.409847
-0.910371,-0.413793
-0.909548,-0.415599
-0.909501,-0.415703
-0.907802,-0.419398
-0.905744,-0.423826
-0.903893,-0.427759
-0.903254,-0.429106
-0.902922,-0.429804
-0.902414,-0.430870
-0.902354,-0.430996
-0.899740,-0.436427
-0.898626,-0.438715
-0.897092,-0.441843
-0.895226,-0.445613
-0.894537,-0.446994
-0.894134,-0.447800
-0.893716,-0.448633
-0.892612,-0.450826
-0.890997,-0.454009
-0.889502,-0.456932
-0.889038,-0.457834
-0.887959,-0.459922
-0.887740,-0.460346
-0.887149,-0.461484
-0.885523,-0.464596
-0.883351,-0.468712
-0.881879,-0.471477
-0.881278,-0.472599
-0.880363,-0.474300
-0.876092,-0.482144
-0.873682,-0.486497
-0.871705,-0.490030
-0.870861,-0.491529
-0.870609,-0.491976
-0.870282,-0.492554
-0.867480,-0.497473
-0.866003,-0.500038
-0.864087,-0.503342
-0.857553,-0.514395
-0.855676,-0.517512
-0.854599,-0.519289
-0.854331,-0.519730
-0.854168,-0.519997
-0.853589,-0.520947
-0.853299,-0.521423
-0.852558,-0.522633
-0.852253,-0.523130
-0.851488,-0.524373
-0.851068,-0.525055
-0.850802,-0.525486
-0.849572,-0.527473
-0.849134,-0.528178
-0.848995,-0.528400
-0.846984,-0.531619
-0.846500,-0.532389
-0.842694,-0.538392
-0.838215,-0.545339
-0.836084,-0.548601
-0.832887,-0.553443
-0.832079,-0.554657
-0.829428,-0.558614
-0.828521,-0.559957
-0.828252,-0.560356
-0.826491,-0.562949
-0.823164,-0.567803
-0.822206,-0.569190
-0.816100,-0.577910
-0.814500,-0.580163
-0.813471,-0.581606
-0.812212,-0.583362
-0.809369,-0.587300
-0.806603,-0.591093
-0.805939,-0.591998
-0.803579,-0.595198
-0.802761,-0.596301
-0.796348,-0.604839
-0.795271,-0.606254
-0.794517,-0.607242
-0.791708,-0.610900
-0.791682,-0.610934
-0.789815,-0.613346
-0.787053,-0.616885
-0.781727,-0.623621
-0.778356,-0.627823
-0.777356,-0.629061
-0.773666,-0.633593
-0.773407,-0.633909
-0.770470,-0.637476
-0.768102,-0.640327
-0.766125,-0.642692
-0.765587,-0.643333
-0.765475,-0.643466
-0.764409,-0.644732
-0.763971,-0.645250
-0.761311,-0.648387
-0.758036,-0.652213
-0.757268,-0.653104
-0.754674,-0.656100
-0.751262,-0.660004
-0.748927,-0.662652
-0.745481,-0.666527
-0.744353,-0.667786
-0.744101,-0.668068
-0.743147,-0.669129
-0.742395,-0.669962
-0.740396,-0.672171
-0.739672,-0.672967
-0.739491,-0.673166
-0.738386,-0.674379
-0.732868,-0.680371
-0.731860,-0.681456
-0.730986,-0.682392
-0.730074,-0.683368
-0.728975,-0.684541
-0.728450,-0.685099
-0.728349,-0.685207
-0.727102,-0.686530
-0.724629,-0.689140
-0.724327,-0.689457
-0.723502,-0.690323
-0.722383,-0.691494
-0.721973,-0.691921
-0.721473,-0.692442
-0.718146,-0.695893
-0.713522,-0.700633
-0.712028,-0.702151
-0.709136,-0.705072
-0.709121,-0.705087
-0.708517,-0.705694
-0.706539,-0.707674
-0.704569,-0.709635
-0.702228,-0.711952
-0.699776,-0.714362
-0.699251,-0.714876
-0.698401,-0.715706
-0.698134,-0.715967
-0.696125,-0.717921
-0.694855,-0.719150
-0.694633,-0.719364
-0.694300,-0.719686
-0.693142,-0.720801
-0.688041,-0.725672
-0.684677,-0.728846
-0.677116,-0.735876
-0.673195,-0.739465
-0.670395,-0.742005
-0.666157,-0.745811
-0.663102,-0.748529
-0.662085,-0.749429
-0.659616,-0.751602
-0.658990,-0.752151
-0.654786,-0.755814
-0.653093,-0.757278
-0.652635,-0.757673
-0.647662,-0.761928
-0.646271,-0.763108
-0.643648,-0.765322
-0.643547,-0.765406
-0.642251,-0.766494
-0.641214,-0.767362
-0.639807,-0.768536
-0.636020,-0.771672
-0.634877,-0.772613
-0.634276,-0.773107
-0.633765,-0.773526
-0.632828,-0.774293
-0.627927,-0.778272
-0.615443,-0.788181
-0.614063,-0.789257
-0.612509,-0.790464
-0.599442,-0.800418
-0.597209,-0.802086
-0.595804,-0.803130
-0.595324,-0.803486
-0.592046,-0.805904
-0.587077,-0.809531
-0.584188,-0.811618
-0.582302,-0.812972
-0.580286,-0.814413
-0.569131,-0.822247
-0.564859,-0.825187
-0.563314,-0.826243
-0.563266,-0.826276
-0.562722,-0.826646
-0.562441,-0.826837
-0.562223,-0.826986
-0.561891,-0.827211
-0.561461,-0.827503
-0.560074,-0.828443
-0.557097,-0.830448
-0.548198,-0.836348
-0.547631,-0.836720
-0.546624,-0.837378
-0.546063,-0.837744
-0.545188,-0.838314
-0.544863,-0.838525
-0.541930,-0.840423
-0.540668,-0.841236
-0.538796,-0.842437
-0.538593,-0.842566
-0.537610,-0.843193
-0.536895,-0.843649
-0.534833,-0.844958
-0.530748,-0.847529
-0.529042,-0.848596
-0.525055,-0.851068
-0.522911,-0.852387
-0.516013,-0.856581
-0.511831,-0.859086
-0.511655,-0.859191
-0.504141,-0.863621
-0.503554,-0.863964
-0.502912,-0.864338
-0.499014,-0.866594
-0.493196,-0.869918
-0.491369,-0.870951
-0.484709,-0.874676
-0.484494,-0.874795
-0.481555,-0.876416
-0.480307,-0.877100
-0.473897,-0.880580
-0.468916,-0.883243
-0.468839,-0.883283
-0.463364,-0.886168
-0.458852,-0.888513
-0.455781,-0.890092
-0.446666,-0.894701
-0.445597,-0.895234
-0.444089,-0.895983
-0.438757,-0.898606
-0.436355,-0.899775
-0.427024,-0.904240
-0.425171,-0.905113
-0.425068,-0.905162
-0.419498,-0.907756
-0.418867,-0.908048
-0.416482,-0.909144
-0.411926,-0.911217
-0.408900,-0.912579
-0.406503,-0.913650
-0.400228,-0.916415
-0.397776,-0.917483
-0.396163,-0.918180
-0.392921,-0.919572
-0.390975,-0.920401
-0.389008,-0.921234
-0.380670,-0.924711
-0.378146,-0.925746
-0.374673,-0.927157
-0.374635,-0.927172
-0.362990,-0.931793
-0.362149,-0.932120
-0.361997,-0.932179
-0.361183,-0.932495
-0.360641,-0.932705
-0.355057,-0.934845
-0.354434,-0.935081
-0.352488,-0.935816
-0.352096,-0.935964
-0.352061,-0.935977
-0.351230,-0.936289
-0.342955,-0.939352
-0.341295,-0.939956
-0.330225,-0.943902
-0.325823,-0.945431
-0.324295,-0.945956
-0.322594,-0.946538
-0.320548,-0.947232
-0.308483,-0.951230
-0.307433,-0.951570
-0.307186,-0.951649
-0.304486,-0.952517
-0.302827,-0.953046
-0.302074,-0.953284
-0.300072,-0.953917
-0.298101,-0.954534
-0.293478,-0.955966
-0.292769,-0.956183
-0.290260,-0.956948
-0.283479,-0.958978
-0.275497,-0.961302
-0.269199,-0.963085
-0.266597,-0.963808
-0.263021,-0.964790
-0.260466,-0.965483
-0.259056,-0.965862
-0.258941,-0.965893
-0.257662,-0.966235
-0.257328,-0.966324
-0.255946,-0.966691
-0.254346,-0.967113
-0.248553,-0.968618
-0.247463,-0.968897
-0.245336,-0.969438
-0.239818,-0.970818
-0.239484,-0.970900
-0.237890,-0.971292
-0.236681,-0.971587
-0.236184,-0.971708
-0.235437,-0.971890
-0.232327,-0.972638
-0.231970,-0.972723
-0.224763,-0.974414
-0.224478,-0.974479
-0.223002,-0.974818
-0.217856,-0.975981
-0.215280,-0.976552
-0.210509,-0.977592
-0.199196,-0.979960
-0.193813,-0.981039
-0.187407,-0.982282
-0.187306,-0.982302
-0.183730,-0.982977
-0.180312,-0.983609
-0.180012,-0.983664
-0.177527,-0.984116
-0.173505,-0.984833
-0.172001,-0.985097
-0.157887,-0.987457
-0.154095,-0.988056
-0.151074,-0.988522
-0.147319,-0.989089
-0.145240,-0.989396
-0.143203,-0.989693
-0.138475,-0.990366
-0.138170,-0.990408
-0.128052,-0.991767
-0.127567,-0.991830
-0.125229,-0.992128
-0.124029,-0.992279
-0.121361,-0.992608
-0.121299,-0.992616
-0.116143,-0.993232
-0.115332,-0.993327
-0.109085,-0.994032
-0.107796,-0.994173
-0.106493,-0.994313
-0.103847,-0.994593
-0.102505,-0.994733
-0.100539,-0.994933
-0.098591,-0.995128
-0.095577,-0.995422
-0.089470,-0.995990
-0.085334,-0.996352
-0.080035,-0.996792
-0.079019,-0.996873
-0.074280,-0.997237
-0.071745,-0.997423
-0.071648,-0.997430
-0.070837,-0.997488
-0.070511,-0.997511
-0.069297,-0.997596
-0.067462,-0.997722
-0.061923,-0.998081
-0.061516,-0.998106
-0.060792,-0.998150
-0.056618,-0.998396
-0.051634,-0.998666
-0.049874,-0.998756
-0.047590,-0.998867
-0.047261,-0.998883
-0.038028,-0.999277
-0.036197,-0.999345
-0.030676,-0.999529
-0.026323,-0.999653
-0.024285,-0.999705
-0.023541,-0.999723
-0.023127,-0.999733
-0.022827,-0.999739
-0.022197,-0.999754
-0.022050,-0.999757
-0.022003,-0.999758
-0.014795,-0.999891
-0.010874,-0.999941
-0.001292,-0.999999
-0.000488,-1.000000
0.001115,-0.999999
0.008662,-0.999962
0.011778,-0.999931
0.015952,-0.999873
0.018319,-0.999832
0.021268,-0.999774
0.026290,-0.999654
0.031038,-0.999518
0.035583,-0.999367
0.038522,-0.999258
0.038800,-0.999247
0.046594,-0.998914
0.046818,-0.998903
0.047428,-0.998875
0.048292,-0.998833
0.049185,-0.998790
0.049235,-0.998787
0.055539,-0.998457
0.059690,-0.998217
0.061818,-0.998087
0.062233,-0.998062
0.062536,-0.998043
0.067622,-0.997711
0.069013,-0.997616
0.071904,-0.997412
0.084608,-0.996414
0.091585,-0.995797
0.092565,-0.995707
0.093478,-0.995621
0.096999,-0.995285
0.100137,-0.994974
0.105430,-0.994427
0.105803,-0.994387
0.106142,-0.994351
0.112974,-0.993598
0.117503,-0.993073
0.119685,-0.992812
0.125036,-0.992152
0.135023,-0.990843
0.142189,-0.989840
0.144471,-0.989509
0.148866,-0.988857
0.150287,-0.988642
0.154967,-0.987920
0.155276,-0.987871
0.156534,-0.987673
0.162379,-0.986729
0.170944,-0.985281
0.171728,-0.985144
0.174122,-0.984724
0.177265,-0.984163
0.178161,-0.984001
0.178207,-0.983993
0.179010,-0.983847
0.180781,-0.983523
0.181596,-0.983373
0.183634,-0.982995
0.186572,-0.982441
0.191373,-0.981517
0.193711,-0.981059
0.194871,-0.980829
0.196014,-0.980601
0.198538,-0.980093
0.202577,-0.979266
0.203351,-0.979106
0.204195,-0.978930
0.207177,-0.978304
0.209125,-0.977889
0.209706,-0.977764
0.209980,-0.977706
0.215775,-0.976443
0.217445,-0.976073
0.222123,-0.975019
0.228100,-0.973638
0.232293,-0.972646
0.234639,-0.972082
0.236459,-0.971642
0.238844,-0.971058
0.240115,-0.970745
0.241668,-0.970359
0.241956,-0.970287
0.248285,-0.968687
0.248868,-0.968537
0.249300,-0.968426
0.252312,-0.967646
0.254043,-0.967193
0.254231,-0.967144
0.256849,-0.966452
0.258582,-0.965989
0.260266,-0.965537
0.263661,-0.964615
0.267027,-0.963689
0.270635,-0.962682
0.274797,-0.961502
0.275668,-0.961253
0.278220,-0.960517
0.278715,-0.960374
0.281465,-0.959572
0.282428,-0.959289
0.286892,-0.957963
0.295505,-0.955341
0.299363,-0.954139
0.300007,-0.953937
0.305547,-0.952177
0.305658,-0.952141
0.306343,-0.951921
0.306460,-0.951884
0.308400,-0.951257
0.309601,-0.950867
0.309625,-0.950859
0.310040,-0.950723
0.314972,-0.949101
0.316071,-0.948736
0.317938,-0.948112
0.318826,-0.947813
0.319040,-0.947741
0.323402,-0.946262
0.332784,-0.943003
0.333755,-0.942660
0.335232,-0.942136
0.339370,-0.940653
0.348402,-0.937345
0.357132,-0.934054
0.363238,-0.931697
0.364432,-0.931230
0.365107,-0.930966
0.365498,-0.930812
0.371378,-0.928482
0.372217,-0.928146
0.375124,-0.926974
0.378676,-0.925529
0.380317,-0.924856
0.380879,-0.924625
0.383240,-0.923649
0.383362,-0.923598
0.387985,-0.921666
0.390385,-0.920652
0.394774,-0.918778
0.395999,-0.918251
0.398321,-0.917246
0.399076,-0.916918
0.399384,-0.916784
0.401257,-0.915966
0.401998,-0.915640
0.406456,-0.913671
0.412174,-0.911105
0.415516,-0.909586
0.435641,-0.900120
0.439516,-0.898235
0.442991,-0.896526
0.443357,-0.896345
0.446368,-0.894849
0.446783,-0.894642
0.451950,-0.892043
0.458551,-0.888668
0.465139,-0.885237
0.472716,-0.881215
0.478341,-0.878174
0.479497,-0.877543
0.484018,-0.875058
0.484155,-0.874982
0.487374,-0.873193
0.488528,-0.872548
0.489175,-0.872186
0.491576,-0.870835
0.497729,-0.867332
0.499280,-0.866440
0.503674,-0.863894
0.505698,-0.862710
0.509669,-0.860371
0.515009,-0.857185
0.515615,-0.856821
0.515847,-0.856681
0.517191,-0.855870
0.523248,-0.852180
0.526445,-0.850209
0.527148,-0.849773
0.528498,-0.848934
0.533224,-0.845974
0.533312,-0.845919
0.533313,-0.845918
0.535072,-0.844806
0.536989,-0.843589
0.539510,-0.841980
0.541028,-0.841005
0.548535,-0.836128
0.548977,-0.835837
0.553099,-0.833116
0.556082,-0.831127
0.558124,-0.829757
0.558968,-0.829190
0.566724,-0.823908
0.570980,-0.820964
0.577492,-0.816397
0.579157,-0.815216
0.579489,-0.814980
0.582624,-0.812742
0.583245,-0.812296
0.583473,-0.812133
0.586316,-0.810082
0.588999,-0.808134
0.590466,-0.807062
0.591424,-0.806361
0.596176,-0.802854
0.600807,-0.799394
0.601385,-0.798960
0.601598,-0.798799
0.604285,-0.796768
0.608938,-0.793218
0.609416,-0.792850
0.613373,-0.789794
0.615796,-0.787905
0.618401,-0.785862
0.618447,-0.785826
0.620075,-0.784543
0.622634,-0.782513
0.626042,-0.779789
0.626441,-0.779469
0.629513,-0.776990
0.633315,-0.773894
0.640014,-0.768364
0.640592,-0.767882
0.641814,-0.766860
0.642231,-0.766511
0.643091,-0.765790
0.645201,-0.764013
0.654839,-0.755768
0.657434,-0.753513
0.659238,-0.751934
0.664788,-0.747032
0.664921,-0.746914
0.665612,-0.746298
0.665986,-0.745964
0.675345,-0.737502
0.676049,-0.736856
0.682792,-0.730613
0.688081,-0.725634
0.688482,-0.725253
0.688780,-0.724970
0.688801,-0.724951
0.692482,-0.721435
0.693868,-0.720102
0.693986,-0.719989
0.698420,-0.715688
0.703424,-0.710770
0.704951,-0.709256
0.706743,-0.707470
0.707631,-0.706582
0.708761,-0.705449
0.709460,-0.704745
0.711967,-0.702213
0.714372,-0.699766
0.715347,-0.698770
0.716557,-0.697529
0.726270,-0.687409
0.726963,-0.686677
0.728213,-0.685351
0.732298,-0.680984
0.735416,-0.677616
0.735896,-0.677094
0.738096,-0.674695
0.738311,-0.674461
0.740819,-0.671705
0.745772,-0.666202
0.749103,-0.662454
0.750290,-0.661109
0.755429,-0.655230
0.755474,-0.655179
0.757704,-0.652599
0.758848,-0.651268
0.760480,-0.649361
0.764207,-0.644971
0.767458,-0.641099
0.767487,-0.641064
0.768417,-0.639949
0.771008,-0.636825
0.775479,-0.631373
0.776137,-0.630565
0.780623,-0.625002
0.787024,-0.616923
0.787888,-0.615819
0.788645,-0.614849
0.788961,-0.614443
0.789067,-0.614307
0.791883,-0.610673
0.792172,-0.610298
0.792941,-0.609299
0.795120,-0.606452
0.798418,-0.602104
0.798691,-0.601741
0.799053,-0.601261
0.800532,-0.599290
0.800628,-0.599161
0.802583,-0.596541
0.803214,-0.595691
0.810126,-0.586256
0.810937,-0.585133
0.817614,-0.575767
0.819252,-0.573433
0.819505,-0.573072
0.819705,-0.572786
0.819806,-0.572642
0.820732,-0.571313
0.823591,-0.567185
0.824150,-0.566372
0.825323,-0.564661
0.825557,-0.564319
0.825754,-0.564031
0.826424,-0.563048
0.829178,-0.558985
0.829794,-0.558070
0.831280,-0.555854
0.837060,-0.547110
0.838528,-0.544859
0.840741,-0.541438
0.842229,-0.539120
0.842665,-0.538439
0.845273,-0.534334
0.846629,-0.532184
0.846816,-0.531885
0.847392,-0.530967
0.847916,-0.530130
0.848661,-0.528938
0.850933,-0.525274
0.854096,-0.520116
0.854177,-0.519982
0.854406,-0.519606
0.855256,-0.518206
0.855315,-0.518109
0.856442,-0.516244
0.856620,-0.515948
0.857305,-0.514810
0.857730,-0.514100
0.858151,-0.513398
0.858306,-0.513138
0.860659,-0.509181
0.860804,-0.508937
0.861521,-0.507723
0.861765,-0.507307
0.862944,-0.505299
0.863106,-0.505022
0.865012,-0.501751
0.865147,-0.501518
0.865161,-0.501493
0.869572,-0.493807
0.870836,-0.491574
0.873355,-0.487085
0.873865,-0.486169
0.874466,-0.485087
0.875200,-0.483761
0.875229,-0.483709
0.875638,-0.482968
0.875710,-0.482838
0.876455,-0.481484
0.876478,-0.481441
0.877179,-0.480164
0.878834,-0.477128
0.878855,-0.477089
0.879565,-0.475779
0.880532,-0.473986
0.881646,-0.471912
0.881881,-0.471472
0.882664,-0.470004
0.884319,-0.466883
0.884380,-0.466767
0.893124,-0.449811
0.895216,-0.445633
0.895304,-0.445456
0.896426,-0.443194
0.896746,-0.442546
0.902542,-0.430602
0.902616,-0.430446
0.903462,-0.428668
0.905323,-0.424724
0.907303,-0.420476
0.910795,-0.412860
0.912089,-0.409992
0.912854,-0.408287
0.915779,-0.401682
0.916139,-0.400860
0.917636,-0.397422
0.918450,-0.395537
0.918633,-0.395112
0.919849,-0.392273
0.920596,-0.390516
0.920753,-0.390147
0.922094,-0.386967
0.922196,-0.386722
0.924630,-0.380868
0.924842,-0.380352
0.925105,-0.379712
0.925558,-0.378605
0.925828,-0.377946
0.926997,-0.375069
0.927276,-0.374378
0.927643,-0.373469
0.928462,-0.371426
0.928474,-0.371396
0.930284,-0.366840
0.931161,-0.364608
0.931375,-0.364062
0.931810,-0.362948
0.933367,-0.358925
0.933789,-0.357825
0.933969,-0.357355
0.934269,-0.356570
0.934546,-0.355843
0.934835,-0.355083
0.935603,-0.353054
0.938489,-0.345309
0.939990,-0.341202
0.940148,-0.340765
0.944017,-0.329896
0.944208,-0.329351
0.944583,-0.328273
0.945960,-0.324284
0.947083,-0.320988
0.947933,-0.318470
0.947988,-0.318307
0.949286,-0.314413
0.950261,-0.311456
0.950407,-0.311010
0.950762,-0.309923
0.951114,-0.308839
0.951689,-0.307065
0.952652,-0.304064
0.954285,-0.298898
0.954569,-0.297991
0.956001,-0.293364
0.956422,-0.291986
0.956475,-0.291813
0.956666,-0.291188
0.958377,-0.285505
0.958735,-0.284300
0.959089,-0.283105
0.960748,-0.277422
0.962607,-0.270901
0.964986,-0.262301
0.965146,-0.261713
0.966599,-0.256294
0.966858,-0.255315
0.966927,-0.255052
0.967749,-0.251915
0.969767,-0.244032
0.970213,-0.242255
0.970356,-0.241681
0.971340,-0.237694
0.972126,-0.234460
0.972507,-0.232872
0.972582,-0.232561
0.973706,-0.227808
0.974400,-0.224820
0.974709,-0.223478
0.974799,-0.223084
0.974894,-0.222667
0.975483,-0.220073
0.976176,-0.216980
0.979025,-0.203740
0.979755,-0.200201
0.980393,-0.197055
0.980853,-0.194747
0.980946,-0.194279
0.981378,-0.192087
0.981549,-0.191210
0.981571,-0.191100
0.983318,-0.181896
0.983928,-0.178564
0.984184,-0.177149
0.984778,-0.173819
0.985024,-0.172416
0.985026,-0.172407
0.985905,-0.167306
0.986296,-0.164983
0.986589,-0.163222
0.986630,-0.162975
0.987353,-0.158536
0.987959,-0.154716
0.988137,-0.153573
0.988497,-0.151240
0.988545,-0.150925
0.988579,-0.150702
0.989067,-0.147470
0.990150,-0.140007
0.991090,-0.133192
0.991477,-0.130279
0.991487,-0.130203
0.991528,-0.129891
0.992168,-0.124914
0.992332,-0.123602
0.992352,-0.123441
0.992787,-0.119889
0.992848,-0.119381
0.992949,-0.118546
0.993859,-0.110655
0.994299,-0.106628
0.994426,-0.105436
0.994564,-0.104124
0.994612,-0.103664
0.994674,-0.103075
0.995016,-0.099712
0.995272,-0.097124
0.995827,-0.091260
0.997430,-0.071646
0.997454,-0.071307
0.997848,-0.065563
0.998074,-0.062033
0.998798,-0.049021
0.998837,-0.048207
0.998852,-0.047895
0.998963,-0.045537
0.999055,-0.043466
0.999200,-0.040003
0.999439,-0.033494
0.999488,-0.031994
0.999630,-0.027210
0.999654,-0.026302
0.999688,-0.024983
0.999934,-0.011482
0.999974,-0.007203
0.999975,-0.007005
0.999976,-0.006890
1.000000,-0.000192
