0.000000,0.000000
-0.005391,0.999985
-0.002833,0.472492
-0.001935,0.318261
-0.005287,0.803898
-0.004469,0.676963
-0.001972,0.214894
-0.001215,0.095230
-0.007845,0.609740
-0.009359,0.658549
-0.009050,0.574120
-0.011056,0.560323
-0.001154,0.054421
-0.011130,0.507244
-0.019694,0.839714
-0.002323,0.093342
-0.009699,0.379137
-0.017038,0.637394
-0.017173,0.610168
-0.025431,0.829129
-0.027918,0.909580
-0.024638,0.774159
-0.012923,0.400257
-0.030456,0.927615
-0.018064,0.513092
-0.026458,0.735944
-0.018331,0.492076
-0.033569,0.898039
-0.028981,0.724265
-0.010657,0.258822
-0.015218,0.350952
-0.028191,0.637143
-0.013476,0.300571
-0.016420,0.352622
-0.015220,0.322976
-0.002801,0.059103
-0.041709,0.839659
-0.037525,0.750681
-0.036214,0.723250
-0.027057,0.500557
-0.020280,0.368598
-0.005886,0.106174
-0.053946,0.944082
-0.023473,0.382644
-0.020012,0.318928
-0.000017,0.000268
-0.007617,0.114277
-0.040993,0.603345
-0.037276,0.545707
-0.006683,0.096381
-0.011498,0.160260
-0.070705,0.979813
-0.054342,0.750911
-0.000144,0.001984
-0.041888,0.575404
-0.068169,0.925622
-0.034394,0.435824
-0.080722,0.973258
-0.051796,0.609861
-0.042406,0.480007
-0.003763,0.041424
-0.080468,0.879431
-0.020995,0.225333
-0.019296,0.206801
-0.060733,0.633657
-0.009328,0.095837
-0.071347,0.718377
-0.044272,0.444789
-0.014006,0.135333
-0.014589,0.140892
-0.067645,0.636385
-0.039856,0.367157
-0.076268,0.697934
-0.080994,0.732827
-0.048830,0.441564
-0.051327,0.461943
-0.041410,0.370847
-0.027036,0.241798
-0.008834,0.077417
-0.100275,0.868669
-0.042747,0.366643
-0.080757,0.686680
-0.081917,0.686177
-0.100913,0.840207
-0.069350,0.576071
-0.051233,0.415699
-0.049559,0.391253
-0.011665,0.091833
-0.107647,0.832525
-0.125221,0.967070
-0.044019,0.338728
-0.084286,0.645775
-0.070506,0.536975
-0.125418,0.918201
-0.031068,0.227399
-0.131718,0.927413
-0.091684,0.634162
-0.008733,0.058968
-0.043167,0.289033
-0.097429,0.645264
-0.077946,0.513651
-0.140200,0.909102
-0.062453,0.396880
-0.127348,0.807504
-0.079488,0.500873
-0.049258,0.309325
-0.106450,0.667178
-0.093302,0.577559
-0.035135,0.214076
-0.119112,0.725339
-0.124471,0.753987
-0.013477,0.080671
-0.057623,0.344842
-0.144789,0.853696
-0.163449,0.944831
-0.038239,0.219565
-0.157388,0.903522
-0.004190,0.024035
-0.162407,0.917805
-0.155809,0.844540
-0.164698,0.891484
-0.046272,0.246996
-0.151387,0.807812
-0.014867,0.078850
-0.154367,0.817270
-0.151363,0.796346
-0.116575,0.604442
-0.039600,0.205315
-0.075061,0.387735
-0.091317,0.457519
-0.087644,0.438806
-0.168087,0.839074
-0.050375,0.248987
-0.133810,0.660683
-0.116452,0.568418
-0.168551,0.802738
-0.195417,0.930028
-0.186497,0.884313
-0.071733,0.335938
-0.001397,0.006534
-0.065051,0.303294
-0.153676,0.712085
-0.159451,0.736576
-0.185783,0.856905
-0.206550,0.952288
-0.164815,0.758022
-0.059550,0.273732
-0.054215,0.245814
-0.028412,0.127292
-0.162062,0.723812
-0.170805,0.757382
-0.144856,0.638945
-0.034835,0.152165
-0.219616,0.941699
-0.226526,0.958122
-0.124709,0.524507
-0.078036,0.315685
-0.224681,0.907807
-0.167143,0.672175
-0.076681,0.307148
-0.144284,0.576620
-0.206094,0.822605
-0.020590,0.081734
-0.130796,0.516649
-0.153304,0.595556
-0.128644,0.492333
-0.080007,0.305856
-0.008789,0.033175
-0.048394,0.182584
-0.245791,0.916696
-0.047155,0.175848
-0.199208,0.741525
-0.162606,0.604643
-0.025802,0.095570
-0.153806,0.568944
-0.112207,0.414487
-0.006200,0.022771
-0.122597,0.442662
-0.112394,0.405634
-0.225526,0.803795
-0.170661,0.598927
-0.194219,0.680634
-0.135181,0.472770
-0.253099,0.879583
-0.151547,0.523910
-0.071119,0.245792
-0.169190,0.583910
-0.182427,0.628102
-0.133054,0.456679
-0.043597,0.148834
-0.039541,0.134880
-0.179078,0.610529
-0.024010,0.080393
-0.056759,0.188569
-0.099033,0.324198
-0.157696,0.504229
-0.140491,0.448403
-0.065150,0.206197
-0.257346,0.807711
-0.219962,0.689831
-0.149176,0.464490
-0.181381,0.563201
-0.263962,0.817115
-0.108460,0.334927
-0.195499,0.598216
-0.264915,0.803430
-0.222049,0.655958
-0.140123,0.412906
-0.210704,0.613552
-0.155267,0.447697
-0.302793,0.872378
-0.038529,0.110843
-0.158710,0.452541
-0.258805,0.735191
-0.009812,0.027760
-0.027972,0.078900
-0.172205,0.485581
-0.125880,0.353654
-0.065626,0.184152
-0.041844,0.117021
-0.275364,0.769002
-0.026045,0.072497
-0.217954,0.602328
-0.061585,0.170021
-0.187149,0.508845
-0.022370,0.060791
-0.101766,0.276174
-0.263718,0.709678
-0.158180,0.425368
-0.126053,0.337628
-0.074511,0.198139
-0.074810,0.198067
-0.063370,0.165011
-0.042610,0.110848
-0.312799,0.785124
-0.082740,0.207279
-0.055918,0.138293
-0.059270,0.145507
-0.265305,0.649733
-0.344080,0.841485
-0.127376,0.310831
-0.308678,0.750768
-0.294523,0.713959
-0.215968,0.523019
-0.064611,0.155227
-0.108315,0.258442
-0.032170,0.076692
-0.086126,0.204858
-0.205469,0.486310
-0.052171,0.123399
-0.067421,0.158887
-0.060297,0.141788
-0.325263,0.763992
-0.378144,0.886392
-0.365054,0.848568
-0.044484,0.102684
-0.014868,0.034155
-0.372562,0.855300
-0.232154,0.532487
-0.040712,0.093330
-0.263580,0.603889
-0.319137,0.720819
-0.217193,0.489567
-0.034536,0.077702
-0.330182,0.742632
-0.387474,0.866096
-0.034165,0.076297
-0.176857,0.392601
-0.190822,0.421451
-0.158969,0.351059
-0.118386,0.260928
-0.257923,0.564203
-0.267659,0.576616
-0.363209,0.781828
-0.401535,0.860137
-0.371415,0.794775
-0.382361,0.815262
-0.270355,0.575524
-0.385842,0.813702
-0.281182,0.583399
-0.024172,0.049790
-0.099900,0.205543
-0.089154,0.183225
-0.004084,0.008391
-0.012489,0.025429
-0.432786,0.878070
-0.262446,0.531927
-0.375249,0.756761
-0.371678,0.736814
-0.007883,0.015557
-0.075664,0.149263
-0.128788,0.253579
-0.076663,0.150689
-0.421864,0.828774
-0.088016,0.172721
-0.270927,0.530749
-0.214898,0.416508
-0.119446,0.230411
-0.173718,0.334806
-0.369605,0.711678
-0.043154,0.082465
-0.238222,0.452892
-0.183178,0.346768
-0.409113,0.769107
-0.119529,0.222546
-0.393218,0.730413
-0.355025,0.657955
-0.017192,0.031751
-0.474231,0.869797
-0.411868,0.755086
-0.026936,0.048831
-0.425072,0.767443
-0.386108,0.696960
-0.433628,0.780493
-0.012000,0.021574
-0.434967,0.780947
-0.102020,0.182374
-0.187134,0.333673
-0.477675,0.849688
-0.108583,0.192611
-0.464678,0.819677
-0.327283,0.576729
-0.395551,0.688548
-0.101349,0.174561
-0.234451,0.403101
-0.479658,0.821618
-0.164862,0.281241
-0.208626,0.354915
-0.198907,0.336999
-0.234218,0.395671
-0.380401,0.641158
-0.209231,0.352618
-0.072255,0.121672
-0.360733,0.606804
-0.254658,0.424688
-0.062633,0.102784
-0.000028,0.000045
-0.254667,0.414888
-0.423306,0.689233
-0.095518,0.154583
-0.188055,0.304038
-0.169232,0.271966
-0.329335,0.527357
-0.124817,0.199756
-0.389395,0.604718
-0.078738,0.122248
-0.132497,0.205661
-0.306846,0.475077
-0.294194,0.454308
-0.128295,0.197952
-0.540632,0.832417
-0.436451,0.666308
-0.475839,0.726103
-0.215021,0.323450
-0.128387,0.192596
-0.239510,0.357071
-0.245907,0.366030
-0.234348,0.343187
-0.391515,0.571402
-0.389020,0.566630
-0.142042,0.204217
-0.430899,0.618895
-0.005915,0.008474
-0.148673,0.211973
-0.566070,0.806970
-0.304489,0.432515
-0.129299,0.183045
-0.499972,0.699017
-0.053753,0.075053
-0.245066,0.341541
-0.510925,0.708057
-0.342002,0.473863
-0.242275,0.335231
-0.282485,0.390561
-0.188626,0.260334
-0.225542,0.310062
-0.408491,0.560046
-0.155916,0.213673
-0.200118,0.271804
-0.176222,0.238701
-0.415929,0.563364
-0.460887,0.621069
-0.202316,0.272410
-0.163875,0.220327
-0.119400,0.160491
-0.587699,0.786285
-0.040691,0.054327
-0.206903,0.273576
-0.079358,0.104787
-0.439892,0.579661
-0.135468,0.178485
-0.503764,0.663065
-0.300194,0.391691
-0.001468,0.001910
-0.346585,0.449878
-0.227588,0.294920
-0.288697,0.372752
-0.520246,0.669824
-0.108126,0.138509
-0.203122,0.259390
-0.541240,0.688610
-0.428620,0.544425
-0.500049,0.633965
-0.585972,0.738665
-0.093162,0.116991
-0.485948,0.608598
-0.402732,0.503250
-0.589324,0.733149
-0.261709,0.322646
-0.492805,0.607097
-0.005884,0.007216
-0.345184,0.421548
-0.334925,0.408210
-0.142621,0.173579
-0.251478,0.305660
-0.213231,0.258495
-0.197118,0.238539
-0.211292,0.253186
-0.604738,0.723442
-0.623733,0.746112
-0.193727,0.231287
-0.164132,0.195826
-0.368296,0.437934
-0.190411,0.225412
-0.242475,0.286113
-0.543092,0.639467
-0.573841,0.672108
-0.553984,0.644141
-0.511535,0.594404
-0.398786,0.457377
-0.052608,0.060322
-0.022381,0.025641
-0.113612,0.130096
-0.490525,0.557623
-0.391985,0.444945
-0.375603,0.421420
-0.528039,0.590100
-0.646452,0.720686
-0.246871,0.275048
-0.308217,0.343195
-0.651128,0.723096
-0.173141,0.191551
-0.546676,0.604335
-0.550508,0.607223
-0.190767,0.209557
-0.213657,0.234495
-0.558334,0.610003
-0.665293,0.723355
-0.293793,0.319181
-0.238599,0.258150
-0.120876,0.130661
-0.392743,0.424005
-0.431866,0.466000
-0.360829,0.388180
-0.309806,0.333179
-0.177222,0.190582
-0.405537,0.435260
-0.653656,0.699818
-0.016851,0.017955
-0.188580,0.200871
-0.311502,0.331229
-0.325959,0.345272
-0.521932,0.552484
-0.682060,0.721474
-0.177557,0.187395
-0.679211,0.715763
-0.384418,0.405011
-0.023854,0.024940
-0.097427,0.101723
-0.102997,0.107307
-0.652677,0.677743
-0.018742,0.019453
-0.405887,0.420858
-0.527961,0.545286
-0.570129,0.588383
-0.139245,0.143475
-0.293126,0.301872
-0.288119,0.295907
-0.564425,0.578295
-0.321159,0.327813
-0.702523,0.710639
-0.185949,0.188093
-0.248091,0.248212
-0.647134,0.646051
-0.503596,0.502686
-0.072264,0.072093
-0.087397,0.087132
-0.144397,0.143389
-0.320023,0.316874
-0.430332,0.425176
-0.333719,0.329127
-0.586576,0.577897
-0.144679,0.142420
-0.690603,0.676831
-0.037732,0.036836
-0.626686,0.609987
-0.314430,0.303178
-0.519104,0.499267
-0.231346,0.221791
-0.267532,0.255521
-0.252641,0.236623
-0.124478,0.116184
-0.527749,0.491930
-0.049201,0.045632
-0.117066,0.108239
-0.540939,0.496603
-0.439091,0.401968
-0.438069,0.400456
-0.590950,0.539739
-0.449439,0.409042
-0.313046,0.283391
-0.470259,0.425694
-0.173019,0.156548
-0.016804,0.015172
-0.402237,0.363083
-0.284554,0.256404
-0.687129,0.618833
-0.275677,0.248182
-0.325270,0.291650
-0.597757,0.534580
-0.634120,0.566483
-0.740608,0.660947
-0.446981,0.398112
-0.730163,0.648013
-0.416589,0.369458
-0.538557,0.475135
-0.272330,0.239733
-0.458980,0.402274
-0.260274,0.227827
-0.380184,0.332559
-0.349548,0.304592
-0.149449,0.130076
-0.221398,0.192491
-0.418049,0.363131
-0.680519,0.588186
-0.393929,0.339863
-0.344285,0.296269
-0.741177,0.630597
-0.336949,0.286503
-0.370565,0.314545
-0.542947,0.459192
-0.098228,0.083025
-0.402628,0.338456
-0.221299,0.185306
-0.435451,0.364354
-0.636696,0.528526
-0.539984,0.447407
-0.532119,0.439160
-0.238018,0.195803
-0.731987,0.601331
-0.143392,0.117662
-0.427453,0.350720
-0.184165,0.150475
-0.444626,0.361584
-0.629561,0.509735
-0.692399,0.559665
-0.105544,0.085000
-0.757371,0.609903
-0.009829,0.007891
-0.174222,0.139708
-0.012837,0.010286
-0.521090,0.416201
-0.653660,0.520928
-0.458845,0.363470
-0.492643,0.389881
-0.282953,0.223533
-0.011777,0.009298
-0.102809,0.080346
-0.301725,0.235424
-0.164413,0.128166
-0.281093,0.218653
-0.286689,0.222822
-0.073341,0.056887
-0.047167,0.036580
-0.737191,0.571696
-0.546523,0.423689
-0.060049,0.046429
-0.590197,0.456161
-0.210361,0.161888
-0.760292,0.584753
-0.330287,0.253858
-0.561113,0.430327
-0.701112,0.537372
-0.492575,0.376829
-0.221025,0.167598
-0.234775,0.177885
-0.240068,0.180915
-0.384864,0.288118
-0.741769,0.552840
-0.769010,0.570987
-0.534850,0.395970
-0.297075,0.218847
-0.453068,0.331253
-0.460403,0.333202
-0.765330,0.552690
-0.413630,0.298355
-0.609017,0.438087
-0.149667,0.107288
-0.214261,0.153343
-0.148054,0.105434
-0.629909,0.447974
-0.767805,0.544201
-0.753000,0.532655
-0.703070,0.490708
-0.655533,0.457038
-0.091164,0.063517
-0.685845,0.476796
-0.143802,0.099952
-0.290806,0.201214
-0.541516,0.373989
-0.124729,0.086111
-0.048081,0.032947
-0.366581,0.250557
-0.631180,0.430734
-0.796472,0.543077
-0.123850,0.084370
-0.684011,0.465708
-0.064818,0.044109
-0.275642,0.187154
-0.283492,0.192462
-0.497854,0.336409
-0.201410,0.135426
-0.454727,0.305192
-0.155877,0.103890
-0.347292,0.231063
-0.263743,0.175352
-0.525769,0.349400
-0.772168,0.511915
-0.306960,0.202623
-0.020227,0.013331
-0.652063,0.427587
-0.108384,0.070934
-0.804326,0.523441
-0.835928,0.542155
-0.541568,0.350784
-0.684468,0.441520
-0.014356,0.009158
-0.840378,0.535654
-0.020800,0.013215
-0.638153,0.404694
-0.706303,0.446476
-0.166553,0.104774
-0.382062,0.240118
-0.475228,0.297299
-0.845260,0.526723
-0.282239,0.174430
-0.350781,0.216323
-0.281725,0.173184
-0.203265,0.124496
-0.704514,0.430861
-0.844615,0.515926
-0.250576,0.153032
-0.673827,0.411224
-0.393893,0.238957
-0.346415,0.208408
-0.663512,0.395395
-0.789703,0.469864
-0.622598,0.370128
-0.075797,0.044689
-0.650188,0.382586
-0.512356,0.300904
-0.544254,0.318968
-0.088839,0.052060
-0.160778,0.094162
-0.403835,0.236058
-0.398657,0.232977
-0.568798,0.332064
-0.060372,0.035245
-0.568689,0.330743
-0.078502,0.045360
-0.191192,0.110283
-0.027063,0.015601
-0.852211,0.490973
-0.171024,0.098367
-0.374775,0.215193
-0.646839,0.371095
-0.477603,0.273863
-0.236973,0.135714
-0.639085,0.364453
-0.767735,0.430402
-0.584483,0.327505
-0.013559,0.007580
-0.365740,0.204053
-0.072905,0.040462
-0.584286,0.324059
-0.657203,0.360598
-0.772658,0.421871
-0.231083,0.124464
-0.107256,0.057615
-0.751140,0.401095
-0.195082,0.103779
-0.330496,0.175816
-0.546206,0.289713
-0.369004,0.195723
-0.093977,0.049839
-0.354201,0.187222
-0.184544,0.097447
-0.078618,0.041442
-0.034660,0.018247
-0.590647,0.309489
-0.624978,0.326096
-0.075056,0.038604
-0.548543,0.281345
-0.172722,0.088412
-0.395378,0.202296
-0.472880,0.240941
-0.697117,0.353784
-0.771964,0.391519
-0.075453,0.038170
-0.787454,0.397486
-0.397410,0.195914
-0.823229,0.403784
-0.181360,0.088696
-0.024767,0.012082
-0.763016,0.370927
-0.349928,0.169430
-0.075041,0.036324
-0.614389,0.297074
-0.232444,0.112180
-0.761848,0.367053
-0.668229,0.321439
-0.044273,0.021215
-0.213753,0.101636
-0.888027,0.422119
-0.209199,0.098609
-0.755571,0.355317
-0.232007,0.107206
-0.250115,0.115270
-0.617555,0.283764
-0.848847,0.389047
-0.391046,0.177666
-0.688549,0.311231
-0.514005,0.231611
-0.905603,0.407950
-0.492162,0.221496
-0.064612,0.028907
-0.326620,0.145898
-0.385869,0.171877
-0.626761,0.278331
-0.164367,0.072884
-0.347034,0.153872
-0.401665,0.177680
-0.401566,0.177592
-0.173583,0.076604
-0.185135,0.080552
-0.040990,0.017816
-0.618992,0.268806
-0.789431,0.339756
-0.146562,0.062933
-0.424121,0.182021
-0.449233,0.192277
-0.868727,0.371551
-0.042052,0.017822
-0.756992,0.320413
-0.358646,0.149002
-0.676222,0.280571
-0.496291,0.204580
-0.502247,0.206907
-0.602825,0.247875
-0.018040,0.007411
-0.766776,0.314391
-0.757652,0.309934
-0.650228,0.265980
-0.628642,0.255592
-0.564253,0.229286
-0.116241,0.047192
-0.872279,0.353203
-0.238495,0.096270
-0.371560,0.148195
-0.132658,0.052441
-0.926521,0.365981
-0.463048,0.180071
-0.678339,0.262927
-0.694375,0.267555
-0.763373,0.293656
-0.709026,0.272171
-0.580596,0.222059
-0.285285,0.108593
-0.067552,0.025132
-0.084679,0.031354
-0.375492,0.136672
-0.452700,0.164378
-0.401069,0.145118
-0.124371,0.044641
-0.924668,0.330037
-0.561664,0.198707
-0.336166,0.117427
-0.628326,0.218385
-0.306308,0.106330
-0.783287,0.271754
-0.545171,0.186258
-0.825049,0.281823
-0.047885,0.016313
-0.395951,0.134753
-0.176026,0.059689
-0.587209,0.198885
-0.527020,0.178320
-0.253322,0.085487
-0.354324,0.118849
-0.371384,0.124556
-0.843933,0.282222
-0.440309,0.146845
-0.551357,0.183762
-0.417699,0.138856
-0.906285,0.299602
-0.373868,0.123178
-0.545502,0.179200
-0.831639,0.272990
-0.257699,0.084451
-0.064136,0.020902
-0.207353,0.067020
-0.466662,0.150739
-0.835195,0.267933
-0.748399,0.234897
-0.626479,0.195973
-0.335970,0.104874
-0.571656,0.177072
-0.462838,0.142393
-0.466386,0.142262
-0.507363,0.152890
-0.489842,0.146513
-0.093030,0.027817
-0.483943,0.143568
-0.848130,0.247865
-0.241161,0.070436
-0.461450,0.133852
-0.084411,0.024355
-0.911679,0.262118
-0.756613,0.216811
-0.862707,0.241577
-0.010217,0.002842
-0.744150,0.204940
-0.922236,0.253459
-0.899369,0.244334
-0.201728,0.054720
-0.102123,0.027639
-0.294659,0.079193
-0.186484,0.050010
-0.104860,0.028074
-0.636712,0.169882
-0.017085,0.004535
-0.150802,0.040012
-0.619102,0.163816
-0.681991,0.178425
-0.490146,0.126652
-0.662566,0.169147
-0.485732,0.122858
-0.589193,0.147046
-0.252461,0.062592
-0.380792,0.094394
-0.230823,0.057038
-0.821374,0.202826
-0.082330,0.020012
-0.279774,0.067962
-0.866784,0.209242
-0.125507,0.030128
-0.845290,0.202817
-0.239892,0.057363
-0.167188,0.039948
-0.396492,0.093272
-0.967254,0.225516
-0.071713,0.016610
-0.166652,0.038000
-0.758011,0.171474
-0.761766,0.169110
-0.819588,0.181818
-0.144808,0.031863
-0.447222,0.098031
-0.115509,0.024942
-0.226790,0.048536
-0.848790,0.179925
-0.866704,0.182928
-0.931361,0.193293
-0.868614,0.176308
-0.589236,0.119126
-0.658900,0.132619
-0.857316,0.165571
-0.006569,0.001232
-0.030968,0.005667
-0.873379,0.159561
-0.975982,0.177653
-0.672328,0.120908
-0.738528,0.132786
-0.629509,0.112681
-0.801348,0.141890
-0.405228,0.070899
-0.153823,0.024950
-0.641244,0.103568
-0.757539,0.121481
-0.143038,0.022224
-0.116032,0.017839
-0.663097,0.101790
-0.585215,0.088827
-0.711477,0.107701
-0.138790,0.020311
-0.323947,0.046674
-0.985168,0.141914
-0.417949,0.059832
-0.335590,0.047989
-0.154245,0.021934
-0.032013,0.004294
-0.279214,0.037392
-0.923429,0.123273
-0.112163,0.014882
-0.007218,0.000946
-0.737536,0.095335
-0.269564,0.034711
-0.885874,0.113032
-0.059588,0.007386
-0.510482,0.063213
-0.830082,0.102472
-0.870220,0.104085
-0.500355,0.059155
-0.983167,0.112877
-0.360652,0.041401
-0.783696,0.089938
-0.601642,0.068817
-0.729297,0.082971
-0.083991,0.009510
-0.369762,0.040609
-0.298568,0.032328
-0.186056,0.019995
-0.183616,0.019719
-0.247524,0.026432
-0.854858,0.090589
-0.716599,0.075847
-0.915541,0.094532
-0.327305,0.033779
-0.413066,0.042516
-0.017799,0.001816
-0.933333,0.093472
-0.819861,0.082052
-0.943111,0.092353
-0.078114,0.007212
-0.662147,0.058599
-0.968273,0.084618
-0.386003,0.032985
-0.235497,0.019722
-0.292528,0.023630
-0.000430,0.000035
-0.967266,0.076629
-0.360027,0.027432
-0.051231,0.003887
-0.888419,0.064839
-0.475038,0.034479
-0.191780,0.013368
-0.629206,0.043644
-0.890411,0.061023
-0.652747,0.043537
-0.271467,0.018030
-0.110207,0.007249
-0.370505,0.022881
-0.524161,0.031447
-0.865352,0.051183
-0.663216,0.034321
-0.449133,0.019372
-0.708592,0.028137
-0.753242,0.029437
-0.714134,0.027792
-0.363069,0.013287
-0.799178,0.027990
-0.515212,0.017892
-0.437851,0.014426
-0.660115,0.020947
-0.698814,0.021711
-0.954601,0.026798
-0.536794,0.014836
-0.599966,0.015277
-0.624243,0.015273
-0.590546,0.013508
-0.671217,0.015329
-0.379323,0.007870
-0.870917,0.017713
-0.662488,0.011038
-0.603060,0.009577
-0.917279,0.014053
-0.644791,0.008519
-0.043692,0.000481
-0.924391,0.009657
-0.035716,0.000294
-0.032887,0.000260
-0.122179,0.000757
-0.511426,0.000114
-0.401876,-0.000819
-0.839612,-0.002108
-0.931710,-0.003250
-0.375969,-0.001367
-0.084934,-0.000701
-0.733355,-0.006467
-0.193052,-0.002469
-0.133528,-0.001803
-0.513095,-0.008302
-0.287930,-0.004742
-0.492537,-0.008180
-0.499116,-0.008393
-0.834994,-0.019570
-0.966960,-0.023344
-0.409612,-0.010329
-0.960952,-0.028241
-0.370492,-0.011298
-0.108635,-0.003366
-0.404262,-0.013001
-0.187486,-0.006034
-0.564689,-0.018283
-0.089279,-0.003148
-0.280997,-0.012774
-0.614346,-0.028013
-0.304468,-0.014783
-0.422600,-0.020680
-0.782037,-0.041907
-0.910398,-0.049020
-0.593503,-0.032057
-0.550847,-0.029910
-0.391581,-0.021920
-0.371091,-0.021424
-0.417753,-0.024574
-0.369160,-0.021989
-0.451287,-0.027216
-0.128184,-0.008060
-0.187419,-0.012425
-0.563332,-0.037830
-0.061883,-0.004167
-0.352600,-0.024306
-0.105941,-0.007673
-0.308520,-0.023158
-0.320762,-0.024092
-0.305471,-0.023130
-0.131223,-0.010169
-0.047708,-0.003798
-0.381903,-0.030537
-0.050324,-0.004087
-0.851624,-0.072894
-0.583904,-0.050744
-0.130608,-0.011681
-0.610290,-0.055832
-0.357146,-0.032815
-0.958158,-0.088384
-0.033747,-0.003120
-0.981330,-0.090937
-0.622113,-0.060019
-0.083849,-0.008445
-0.586130,-0.059044
-0.218136,-0.021996
-0.331395,-0.033545
-0.729951,-0.074892
-0.003064,-0.000317
-0.030718,-0.003334
-0.486367,-0.053652
-0.079618,-0.008909
-0.069892,-0.007918
-0.240710,-0.028055
-0.855618,-0.099982
-0.058800,-0.006872
-0.821610,-0.098457
-0.040407,-0.004846
-0.094192,-0.011459
-0.015702,-0.001920
-0.824384,-0.104998
-0.463785,-0.059750
-0.128108,-0.016630
-0.534077,-0.070663
-0.895302,-0.121494
-0.959920,-0.132007
-0.172754,-0.023887
-0.549121,-0.077153
-0.967546,-0.136074
-0.706352,-0.103669
-0.152608,-0.022903
-0.876844,-0.134842
-0.300833,-0.046458
-0.392796,-0.061290
-0.464547,-0.072488
-0.702164,-0.110581
-0.266574,-0.042421
-0.336198,-0.054192
-0.715742,-0.115488
-0.187106,-0.031025
-0.721115,-0.120736
-0.817274,-0.138074
-0.414718,-0.071892
-0.325117,-0.056598
-0.247219,-0.043819
-0.784762,-0.142645
-0.420668,-0.076680
-0.556266,-0.101532
-0.014210,-0.002634
-0.910035,-0.168776
-0.560192,-0.103935
-0.412304,-0.078330
-0.323170,-0.061420
-0.838013,-0.159343
-0.129387,-0.024693
-0.383962,-0.073548
-0.025900,-0.004968
-0.099865,-0.019463
-0.979821,-0.192418
-0.464913,-0.092738
-0.352228,-0.070843
-0.708997,-0.144841
-0.642879,-0.134591
-0.352222,-0.074118
-0.165353,-0.035441
-0.335689,-0.072711
-0.136664,-0.029744
-0.800439,-0.174258
-0.884542,-0.194452
-0.832437,-0.185129
-0.343187,-0.077106
-0.912682,-0.205773
-0.457018,-0.103225
-0.573546,-0.129900
-0.013343,-0.003023
-0.105548,-0.024247
-0.452694,-0.104604
-0.211678,-0.049301
-0.302854,-0.071208
-0.379069,-0.089437
-0.330965,-0.078245
-0.109212,-0.025873
-0.640832,-0.152648
-0.639728,-0.153592
-0.496604,-0.120092
-0.233262,-0.056534
-0.248991,-0.060656
-0.492804,-0.120176
-0.628922,-0.153797
-0.370839,-0.091375
-0.020973,-0.005220
-0.868131,-0.217497
-0.493219,-0.123903
-0.509661,-0.128556
-0.782319,-0.201051
-0.320803,-0.083296
-0.273408,-0.071581
-0.634373,-0.166668
-0.604839,-0.159075
-0.038567,-0.010157
-0.271209,-0.072247
-0.502467,-0.134648
-0.357589,-0.096556
-0.201096,-0.055688
-0.664590,-0.185342
-0.614131,-0.171957
-0.707638,-0.198336
-0.410345,-0.115080
-0.885497,-0.248867
-0.614664,-0.172935
-0.531142,-0.149843
-0.952332,-0.268966
-0.858133,-0.243038
-0.057663,-0.016356
-0.533032,-0.151340
-0.081367,-0.023205
-0.191479,-0.054693
-0.951435,-0.271898
-0.824928,-0.237440
-0.281234,-0.081086
-0.682676,-0.199462
-0.691388,-0.205112
-0.809280,-0.241803
-0.725611,-0.219099
-0.862364,-0.261078
-0.356063,-0.108724
-0.535640,-0.164032
-0.346574,-0.106224
-0.173326,-0.053421
-0.137987,-0.042974
-0.520779,-0.162672
-0.750556,-0.238838
-0.029514,-0.009437
-0.502879,-0.161281
-0.243512,-0.078388
-0.036614,-0.011885
-0.657287,-0.215054
-0.781141,-0.256063
-0.370589,-0.122298
-0.153242,-0.050688
-0.383478,-0.129119
-0.033280,-0.011238
-0.272446,-0.092192
-0.450042,-0.153446
-0.315486,-0.107575
-0.179878,-0.061642
-0.377596,-0.130345
-0.462063,-0.161726
-0.600734,-0.212081
-0.193730,-0.068567
-0.816191,-0.291562
-0.398642,-0.142496
-0.450100,-0.162063
-0.182518,-0.066100
-0.446841,-0.162605
-0.523251,-0.190659
-0.230659,-0.084069
-0.220717,-0.080652
-0.033810,-0.012368
-0.154565,-0.056900
-0.710990,-0.263770
-0.729993,-0.271308
-0.606288,-0.226701
-0.343145,-0.129322
-0.313615,-0.118826
-0.538226,-0.205526
-0.198989,-0.076178
-0.323565,-0.123940
-0.635845,-0.244077
-0.748995,-0.287993
-0.288065,-0.111255
-0.731561,-0.282994
-0.771539,-0.298578
-0.016380,-0.006355
-0.847960,-0.332932
-0.477296,-0.187807
-0.790211,-0.311518
-0.924708,-0.365253
-0.469956,-0.186066
-0.108300,-0.042926
-0.435664,-0.172720
-0.554499,-0.220416
-0.792060,-0.316497
-0.883104,-0.353101
-0.705738,-0.282673
-0.231937,-0.093117
-0.636193,-0.255634
-0.306334,-0.123219
-0.545922,-0.221112
-0.160499,-0.065626
-0.728690,-0.298856
-0.636105,-0.262413
-0.516183,-0.212948
-0.253435,-0.104680
-0.790270,-0.327712
-0.007854,-0.003270
-0.580288,-0.242703
-0.065115,-0.027366
-0.215682,-0.090738
-0.378299,-0.159415
-0.247214,-0.104231
-0.416528,-0.176304
-0.867167,-0.367951
-0.580272,-0.246323
-0.696079,-0.295673
-0.680740,-0.289803
-0.582495,-0.250409
-0.308040,-0.133268
-0.065306,-0.028654
-0.502289,-0.221985
-0.570739,-0.253528
-0.206905,-0.092615
-0.640275,-0.288175
-0.361239,-0.162881
-0.479591,-0.217196
-0.707925,-0.320959
-0.052921,-0.024171
-0.491698,-0.225246
-0.151599,-0.069503
-0.178802,-0.082683
-0.031831,-0.014755
-0.443358,-0.206438
-0.798256,-0.371751
-0.192224,-0.089718
-0.899459,-0.420549
-0.183986,-0.086229
-0.199190,-0.093953
-0.797049,-0.376671
-0.810495,-0.383411
-0.342641,-0.162227
-0.333331,-0.158067
-0.388011,-0.185499
-0.330232,-0.161122
-0.072075,-0.035244
-0.211831,-0.103841
-0.349105,-0.174704
-0.281869,-0.141549
-0.387499,-0.195019
-0.100180,-0.050456
-0.715846,-0.362366
-0.450196,-0.229635
-0.454540,-0.232872
-0.581673,-0.298858
-0.714659,-0.368305
-0.789558,-0.413740
-0.630404,-0.332427
-0.183656,-0.097066
-0.113615,-0.060052
-0.582295,-0.308021
-0.446819,-0.236455
-0.677708,-0.358755
-0.756089,-0.400441
-0.479147,-0.253926
-0.071942,-0.038203
-0.399209,-0.212910
-0.525503,-0.283881
-0.116267,-0.062859
-0.313294,-0.169625
-0.250956,-0.135982
-0.645829,-0.350383
-0.271703,-0.147476
-0.118975,-0.064847
-0.273924,-0.149568
-0.473761,-0.259367
-0.676230,-0.370318
-0.844087,-0.462880
-0.305292,-0.167584
-0.781391,-0.430172
-0.321713,-0.178123
-0.246358,-0.136725
-0.248480,-0.138666
-0.410831,-0.229946
-0.103483,-0.058470
-0.364211,-0.206960
-0.623728,-0.354513
-0.446671,-0.256462
-0.119610,-0.068730
-0.273844,-0.157490
-0.828697,-0.479077
-0.383096,-0.223187
-0.538099,-0.314247
-0.500287,-0.294730
-0.559697,-0.329823
-0.646096,-0.382199
-0.191668,-0.113566
-0.658660,-0.393517
-0.043170,-0.025958
-0.323251,-0.194386
-0.275591,-0.166890
-0.273217,-0.166402
-0.767956,-0.469543
-0.578138,-0.357553
-0.603783,-0.373912
-0.810749,-0.503028
-0.415501,-0.259510
-0.146375,-0.091693
-0.677915,-0.429564
-0.395029,-0.250879
-0.210884,-0.133947
-0.781274,-0.499618
-0.658426,-0.421380
-0.030581,-0.019628
-0.084394,-0.054466
-0.035196,-0.022797
-0.162586,-0.105614
-0.101796,-0.066623
-0.610951,-0.401021
-0.404480,-0.266004
-0.470863,-0.310852
-0.685028,-0.453280
-0.826709,-0.548299
-0.277118,-0.185601
-0.065379,-0.043917
-0.126667,-0.085431
-0.771454,-0.520335
-0.220242,-0.150566
-0.128962,-0.088249
-0.490243,-0.335533
-0.281862,-0.193093
-0.533566,-0.365754
-0.246355,-0.169958
-0.131425,-0.090734
-0.298373,-0.206451
-0.709872,-0.491396
-0.178915,-0.123856
-0.385010,-0.266780
-0.137410,-0.096114
-0.239874,-0.168100
-0.274610,-0.194858
-0.045101,-0.032161
-0.546750,-0.390548
-0.536425,-0.383902
-0.799163,-0.573242
-0.786115,-0.571483
-0.464105,-0.337783
-0.725922,-0.528481
-0.567995,-0.414742
-0.767882,-0.561722
-0.115054,-0.084234
-0.148078,-0.108651
-0.516503,-0.379801
-0.528576,-0.390653
-0.492656,-0.364388
-0.267311,-0.198256
-0.636997,-0.475946
-0.753647,-0.568000
-0.293346,-0.222595
-0.155342,-0.118206
-0.672959,-0.514056
-0.635853,-0.487046
-0.163986,-0.125799
-0.755746,-0.579828
-0.174510,-0.134072
-0.665760,-0.511672
-0.558495,-0.429869
-0.466845,-0.359942
-0.244450,-0.189642
-0.301359,-0.234064
-0.100644,-0.078346
-0.510473,-0.399717
-0.215642,-0.168915
-0.697184,-0.547035
-0.194171,-0.152549
-0.146542,-0.115190
-0.478337,-0.376297
-0.340239,-0.268540
-0.010344,-0.008167
-0.339287,-0.269935
-0.655887,-0.521976
-0.695049,-0.554002
-0.656056,-0.525759
-0.617146,-0.495915
-0.522603,-0.422047
-0.276503,-0.225953
-0.160108,-0.131572
-0.535231,-0.442770
-0.263616,-0.218099
-0.261660,-0.217284
-0.419485,-0.349576
-0.072052,-0.060063
-0.486468,-0.406565
-0.205346,-0.172332
-0.336143,-0.282537
-0.063593,-0.054233
-0.325085,-0.278316
-0.733003,-0.629490
-0.673243,-0.580395
-0.735459,-0.635379
-0.228194,-0.197552
-0.179624,-0.156256
-0.288884,-0.251380
-0.359229,-0.315829
-0.067691,-0.059543
-0.271434,-0.239327
-0.690641,-0.609689
-0.390211,-0.345408
-0.589646,-0.521977
-0.693650,-0.617264
-0.722085,-0.643097
-0.521099,-0.467042
-0.582067,-0.522366
-0.098450,-0.088468
-0.347526,-0.313129
-0.417354,-0.376557
-0.196773,-0.177891
-0.151320,-0.137069
-0.367737,-0.334120
-0.017234,-0.015755
-0.680713,-0.624905
-0.635124,-0.586172
-0.571314,-0.527820
-0.484504,-0.449758
-0.503272,-0.468371
-0.300095,-0.279311
-0.515610,-0.480292
-0.348784,-0.325000
-0.018206,-0.016985
-0.136183,-0.127286
-0.050777,-0.047725
-0.113323,-0.106554
-0.441968,-0.415869
-0.088866,-0.083970
-0.354703,-0.336838
-0.456997,-0.434745
-0.553617,-0.527869
-0.682418,-0.650893
-0.212333,-0.204407
-0.632552,-0.610056
-0.067249,-0.065216
-0.629864,-0.613497
-0.559290,-0.545869
-0.148117,-0.144671
-0.488375,-0.477208
-0.188814,-0.184552
-0.196939,-0.192615
-0.097957,-0.095820
-0.248619,-0.243207
-0.357178,-0.351932
-0.673737,-0.666451
-0.541311,-0.540612
-0.047345,-0.047322
-0.539554,-0.540156
-0.035075,-0.035381
-0.635822,-0.643355
-0.430653,-0.437579
-0.207477,-0.211313
-0.160943,-0.164403
-0.583962,-0.599522
-0.285554,-0.294559
-0.272962,-0.282854
-0.450694,-0.468403
-0.629317,-0.654228
-0.385702,-0.404112
-0.606862,-0.635971
-0.444900,-0.466526
-0.212577,-0.223103
-0.217278,-0.228241
-0.185818,-0.195204
-0.161115,-0.170326
-0.464794,-0.493418
-0.107971,-0.114866
-0.673984,-0.717318
-0.637080,-0.678249
-0.375403,-0.401709
-0.527268,-0.565003
-0.103441,-0.111167
-0.460482,-0.501240
-0.404597,-0.443516
-0.391019,-0.429055
-0.645193,-0.708608
-0.545822,-0.601603
-0.615364,-0.680405
-0.637545,-0.708711
-0.515503,-0.573262
-0.062027,-0.069000
-0.226017,-0.253171
-0.212880,-0.239553
-0.608376,-0.686121
-0.578467,-0.655944
-0.008945,-0.010246
-0.644619,-0.743834
-0.576356,-0.666616
-0.234423,-0.272355
-0.465729,-0.541877
-0.343190,-0.401221
-0.239056,-0.279567
-0.132259,-0.154871
-0.451109,-0.531412
-0.589704,-0.700827
-0.000918,-0.001092
-0.484346,-0.577503
-0.561211,-0.671327
-0.148469,-0.177764
-0.512660,-0.613845
-0.016157,-0.019362
-0.490809,-0.589247
-0.073170,-0.087919
-0.282257,-0.339869
-0.208254,-0.251525
-0.623951,-0.757356
-0.529340,-0.644078
-0.128095,-0.156048
-0.156731,-0.191161
-0.375387,-0.459054
-0.259750,-0.318983
-0.300084,-0.368812
-0.629462,-0.774309
-0.569707,-0.702989
-0.602957,-0.745535
-0.610546,-0.755377
-0.117864,-0.145865
-0.451522,-0.562193
-0.244329,-0.304749
-0.280975,-0.352184
-0.610068,-0.769510
-0.468242,-0.593239
-0.106745,-0.135577
-0.612986,-0.780053
-0.167226,-0.213341
-0.309130,-0.394910
-0.166513,-0.213070
-0.293934,-0.376232
-0.051122,-0.065878
-0.291861,-0.376336
-0.103382,-0.133366
-0.464309,-0.600901
-0.251287,-0.325813
-0.107301,-0.139153
-0.588042,-0.764736
-0.336849,-0.438879
-0.527202,-0.688130
-0.364231,-0.477147
-0.183802,-0.241657
-0.209734,-0.276826
-0.309610,-0.410493
-0.281169,-0.373137
-0.150894,-0.200805
-0.207499,-0.276279
-0.222337,-0.296922
-0.477268,-0.638038
-0.308318,-0.414183
-0.516805,-0.700822
-0.064513,-0.087855
-0.205425,-0.279949
-0.011966,-0.016407
-0.271565,-0.372393
-0.346955,-0.476134
-0.147168,-0.201987
-0.299841,-0.412414
-0.409471,-0.563952
-0.451015,-0.621186
-0.323770,-0.446136
-0.277632,-0.384657
-0.199818,-0.277184
-0.453710,-0.630687
-0.105852,-0.147286
-0.347234,-0.483270
-0.148904,-0.208251
-0.397742,-0.562145
-0.563555,-0.797365
-0.296117,-0.419670
-0.549776,-0.782811
-0.014015,-0.020161
-0.131985,-0.191767
-0.132325,-0.193614
-0.346751,-0.508058
-0.116858,-0.171352
-0.037026,-0.054317
-0.273021,-0.403255
-0.314102,-0.464384
-0.190925,-0.283228
-0.377952,-0.563000
-0.133372,-0.199053
-0.016232,-0.024241
-0.464248,-0.695250
-0.189920,-0.284461
-0.451915,-0.680563
-0.035879,-0.054185
-0.267048,-0.405398
-0.034177,-0.051959
-0.021871,-0.033342
-0.310534,-0.473828
-0.324031,-0.494603
-0.359713,-0.550293
-0.224930,-0.344406
-0.403440,-0.621035
-0.334657,-0.518704
-0.285645,-0.444527
-0.164091,-0.261715
-0.388684,-0.622906
-0.005731,-0.009225
-0.420468,-0.677067
-0.261418,-0.422536
-0.086842,-0.140438
-0.332481,-0.541168
-0.157826,-0.259037
-0.294900,-0.488083
-0.114428,-0.191235
-0.246911,-0.415657
-0.384016,-0.647433
-0.052829,-0.089593
-0.406491,-0.689495
-0.463825,-0.790067
-0.193179,-0.329556
-0.145058,-0.247673
-0.258760,-0.443207
-0.315900,-0.545503
-0.212943,-0.368474
-0.204535,-0.356008
-0.492965,-0.860378
-0.310225,-0.544343
-0.204425,-0.361306
-0.404404,-0.715343
-0.229097,-0.405374
-0.142325,-0.252297
-0.278019,-0.496951
-0.005321,-0.009554
-0.065374,-0.117485
-0.417922,-0.752464
-0.147826,-0.267917
-0.471028,-0.853786
-0.385572,-0.698889
-0.156759,-0.284841
-0.163356,-0.297629
-0.305026,-0.557723
-0.202665,-0.371357
-0.256808,-0.475616
-0.299155,-0.554396
-0.452512,-0.843576
-0.194567,-0.364279
-0.011583,-0.021751
-0.359818,-0.676497
-0.170138,-0.323531
-0.265615,-0.508275
-0.012502,-0.024157
-0.364496,-0.706068
-0.353617,-0.685335
-0.082779,-0.161193
-0.241432,-0.470574
-0.130486,-0.254418
-0.258727,-0.506644
-0.235380,-0.462817
-0.346170,-0.682192
-0.445185,-0.878611
-0.144983,-0.288244
-0.224528,-0.449624
-0.062275,-0.124820
-0.139677,-0.280053
-0.032588,-0.065615
-0.069354,-0.140676
-0.132975,-0.269928
-0.237135,-0.484415
-0.139030,-0.285116
-0.035319,-0.072736
-0.430965,-0.887594
-0.230885,-0.476776
-0.025136,-0.052122
-0.011958,-0.024936
-0.022020,-0.045947
-0.248575,-0.521314
-0.371355,-0.783750
-0.166538,-0.355463
-0.354799,-0.758034
-0.251149,-0.537698
-0.216187,-0.463175
-0.204558,-0.438902
-0.361355,-0.778129
-0.051635,-0.113061
-0.100659,-0.221411
-0.175065,-0.386302
-0.287550,-0.640814
-0.041267,-0.091988
-0.059396,-0.132561
-0.125534,-0.280359
-0.333779,-0.758229
-0.276384,-0.628662
-0.208937,-0.481237
-0.355493,-0.827003
-0.139247,-0.324185
-0.054697,-0.127413
-0.168286,-0.392029
-0.187338,-0.439495
-0.212951,-0.500917
-0.381940,-0.898626
-0.218232,-0.517892
-0.104188,-0.249695
-0.259229,-0.623150
-0.102929,-0.248312
-0.009023,-0.021806
-0.246322,-0.596649
-0.007764,-0.018833
-0.223185,-0.544117
-0.086185,-0.211147
-0.323383,-0.793845
-0.276829,-0.681251
-0.164955,-0.414246
-0.041564,-0.104531
-0.032767,-0.082627
-0.277872,-0.706856
-0.268030,-0.686441
-0.336397,-0.862435
-0.276605,-0.712567
-0.281303,-0.725011
-0.131966,-0.342008
-0.096962,-0.254088
-0.324081,-0.855685
-0.254982,-0.675067
-0.074493,-0.199576
-0.333157,-0.892654
-0.069888,-0.188236
-0.290523,-0.784602
-0.060398,-0.163744
-0.196705,-0.538052
-0.155062,-0.427493
-0.171334,-0.472388
-0.132606,-0.366438
-0.333955,-0.928729
-0.059761,-0.168054
-0.277926,-0.782847
-0.310190,-0.883726
-0.188456,-0.545896
-0.276936,-0.804019
-0.079121,-0.230170
-0.204288,-0.594787
-0.109563,-0.319083
-0.070783,-0.207695
-0.218477,-0.641569
-0.174426,-0.513271
-0.207195,-0.613306
-0.237952,-0.710735
-0.055047,-0.164542
-0.071901,-0.215138
-0.101922,-0.306220
-0.040394,-0.121395
-0.165668,-0.500604
-0.204195,-0.618118
-0.161096,-0.497400
-0.215592,-0.667239
-0.072531,-0.228969
-0.117191,-0.371796
-0.184650,-0.586264
-0.170778,-0.542550
-0.064155,-0.203878
-0.236639,-0.754151
-0.172217,-0.553707
-0.211557,-0.681376
-0.150998,-0.488118
-0.109288,-0.353544
-0.129743,-0.419974
-0.053868,-0.174737
-0.042805,-0.140071
-0.283503,-0.929547
-0.053801,-0.177251
-0.103934,-0.348984
-0.025456,-0.085896
-0.024343,-0.082761
-0.018363,-0.062747
-0.207936,-0.711608
-0.002662,-0.009195
-0.228609,-0.793252
-0.273822,-0.950765
-0.153224,-0.533114
-0.049098,-0.171143
-0.096488,-0.337228
-0.228934,-0.806707
-0.241672,-0.861505
-0.070367,-0.250919
-0.078635,-0.280636
-0.009277,-0.033214
-0.140398,-0.502757
-0.182485,-0.656225
-0.081410,-0.292949
-0.123792,-0.446611
-0.034198,-0.123576
-0.154969,-0.560883
-0.238993,-0.865503
-0.167270,-0.611241
-0.111064,-0.406078
-0.019554,-0.071692
-0.246091,-0.903128
-0.054487,-0.200883
-0.142276,-0.524879
-0.016624,-0.061792
-0.216460,-0.805014
-0.188128,-0.699690
-0.223924,-0.847784
-0.101525,-0.386385
-0.117703,-0.452693
-0.036836,-0.141979
-0.204403,-0.789852
-0.029353,-0.113781
-0.123542,-0.478945
-0.026617,-0.103368
-0.160905,-0.625077
-0.054203,-0.211243
-0.100782,-0.392810
-0.229547,-0.897405
-0.134819,-0.530888
-0.109409,-0.430871
-0.025957,-0.102543
-0.027903,-0.110705
-0.017362,-0.069226
-0.232476,-0.927927
-0.043326,-0.173549
-0.014758,-0.059564
-0.071317,-0.287914
-0.203516,-0.856541
-0.131796,-0.560510
-0.120304,-0.511862
-0.174362,-0.746094
-0.148876,-0.638082
-0.081290,-0.359165
-0.056115,-0.248034
-0.216101,-0.959579
-0.063036,-0.282781
-0.180104,-0.816963
-0.093954,-0.434837
-0.099705,-0.464995
-0.101008,-0.473229
-0.105463,-0.502996
-0.022523,-0.107664
-0.008487,-0.040949
-0.175882,-0.853071
-0.084429,-0.409980
-0.117025,-0.572741
-0.046876,-0.230539
-0.047304,-0.232885
-0.181861,-0.903318
-0.156978,-0.780260
-0.121945,-0.616221
-0.105917,-0.536015
-0.013995,-0.070955
-0.129212,-0.657161
-0.045274,-0.230696
-0.034704,-0.178299
-0.123513,-0.635838
-0.096584,-0.498516
-0.133391,-0.692570
-0.177564,-0.922000
-0.007037,-0.037027
-0.057733,-0.305785
-0.165654,-0.878806
-0.184497,-0.981995
-0.125709,-0.677136
-0.099702,-0.538818
-0.172296,-0.932450
-0.086517,-0.469327
-0.020819,-0.113183
-0.107899,-0.587940
-0.032293,-0.177043
-0.017938,-0.100701
-0.072293,-0.411041
-0.009020,-0.051354
-0.003365,-0.019831
-0.134078,-0.791480
-0.152726,-0.904699
-0.018103,-0.108632
-0.125404,-0.760692
-0.109445,-0.669426
-0.014816,-0.090669
-0.003128,-0.019394
-0.137848,-0.863173
-0.009543,-0.059843
-0.146466,-0.921909
-0.112208,-0.708880
-0.124019,-0.788258
-0.096648,-0.620657
-0.127893,-0.836205
-0.111228,-0.729561
-0.127743,-0.851724
-0.005949,-0.039863
-0.016194,-0.108574
-0.133200,-0.895050
-0.000969,-0.006648
-0.048744,-0.335832
-0.119721,-0.828468
-0.052857,-0.373584
-0.088027,-0.637734
-0.065806,-0.492975
-0.100751,-0.756515
-0.084674,-0.649724
-0.076066,-0.585986
-0.107965,-0.832615
-0.065130,-0.508744
-0.080734,-0.651665
-0.104224,-0.847633
-0.034896,-0.284499
-0.060316,-0.500235
-0.060375,-0.507834
-0.100336,-0.849879
-0.009924,-0.084177
-0.086249,-0.747251
-0.098828,-0.867923
-0.045276,-0.400067
-0.068799,-0.609024
-0.071258,-0.632003
-0.014110,-0.126656
-0.013219,-0.120395
-0.007385,-0.071731
-0.053800,-0.532018
-0.036568,-0.367502
-0.065151,-0.662674
-0.072755,-0.741840
-0.031350,-0.323380
-0.077169,-0.799719
-0.034135,-0.353952
-0.023572,-0.257017
-0.005355,-0.059500
-0.036751,-0.411641
-0.044707,-0.510489
-0.039831,-0.458572
-0.020180,-0.232350
-0.005384,-0.063905
-0.057434,-0.691476
-0.022999,-0.279927
-0.045839,-0.558762
-0.014401,-0.180522
-0.006979,-0.089676
-0.052536,-0.680122
-0.047029,-0.618341
-0.015921,-0.209771
-0.066841,-0.881995
-0.009768,-0.131752
-0.039572,-0.562504
-0.002930,-0.043795
-0.030030,-0.459045
-0.007883,-0.120569
-0.039853,-0.611038
-0.019968,-0.318453
-0.048972,-0.789367
-0.037688,-0.608286
-0.045349,-0.753786
-0.015132,-0.252599
-0.024221,-0.407202
-0.049095,-0.884624
-0.029325,-0.548470
-0.037788,-0.714805
-0.011797,-0.225981
-0.008293,-0.159564
-0.019061,-0.368861
-0.049426,-0.988900
-0.032085,-0.659135
-0.029462,-0.644331
-0.013732,-0.382832
-0.012430,-0.348192
-0.020285,-0.618111
-0.016223,-0.522536
-0.020271,-0.826555
-0.000023,-0.000973
-0.007319,-0.305469
-0.011653,-0.511552
-0.020128,-0.925733
-0.007388,-0.369239
-0.008151,-0.486601
-0.014345,-0.896514
-0.003761,-0.276422
-0.002632,-0.200101
-0.002347,-0.187846
-0.000846,-0.147370
-0.001453,-0.403429
-0.000456,-0.130251
-0.003297,-0.957074
-0.000096,-1.000000
