0.000000,0.000000
-0.000893,1.000000
-0.000169,0.132544
-0.000009,0.007036
-0.000567,0.430951
-0.001482,0.866683
-0.001196,0.353089
-0.003546,0.911341
-0.001631,0.395492
-0.002766,0.653418
-0.002006,0.366716
-0.003875,0.682917
-0.003964,0.652320
-0.005983,0.942200
-0.007097,0.929669
-0.007290,0.898744
-0.000641,0.077634
-0.002787,0.307123
-0.009733,0.829315
-0.007684,0.643571
-0.001199,0.096953
-0.005063,0.400205
-0.002047,0.157555
-0.010860,0.822972
-0.012727,0.941769
-0.011277,0.816575
-0.011535,0.790980
-0.007094,0.469565
-0.002769,0.179636
-0.005145,0.293284
-0.018280,0.932761
-0.018261,0.887361
-0.009483,0.455161
-0.016874,0.776516
-0.016136,0.733366
-0.016335,0.724578
-0.017075,0.724161
-0.025226,0.983626
-0.017271,0.656543
-0.009694,0.365567
-0.000438,0.016353
-0.025117,0.928184
-0.018488,0.665511
-0.002689,0.092453
-0.014996,0.514276
-0.003690,0.124729
-0.021173,0.691549
-0.021380,0.689566
-0.014627,0.464428
-0.027131,0.860640
-0.002593,0.082052
-0.020716,0.655180
-0.015661,0.493905
-0.015789,0.494640
-0.015470,0.484313
-0.016593,0.516733
-0.021785,0.678284
-0.002490,0.077372
-0.009371,0.290110
-0.015407,0.471690
-0.027682,0.827225
-0.010489,0.301459
-0.029472,0.826316
-0.013986,0.390303
-0.017375,0.482869
-0.010929,0.297178
-0.021824,0.575826
-0.025330,0.660638
-0.020541,0.529332
-0.028776,0.707411
-0.038742,0.937938
-0.029201,0.704757
-0.001116,0.025653
-0.015708,0.349591
-0.006698,0.148995
-0.026751,0.586258
-0.024120,0.494210
-0.014381,0.290546
-0.045263,0.905545
-0.011254,0.224155
-0.047844,0.915279
-0.039261,0.735480
-0.019784,0.368246
-0.041097,0.763671
-0.003537,0.065271
-0.010596,0.194715
-0.053234,0.976598
-0.035553,0.650895
-0.001600,0.028889
-0.053066,0.957253
-0.010318,0.185927
-0.044809,0.795853
-0.039511,0.697704
-0.032813,0.579396
-0.054250,0.924653
-0.052783,0.849108
-0.012584,0.201601
-0.048963,0.775873
-0.013771,0.216280
-0.035246,0.544646
-0.062273,0.945640
-0.023189,0.349220
-0.007315,0.109709
-0.053821,0.797283
-0.030208,0.445591
-0.058171,0.853422
-0.063950,0.920339
-0.053142,0.764787
-0.041703,0.599811
-0.031037,0.445133
-0.021358,0.303236
-0.009302,0.129527
-0.055101,0.758686
-0.030769,0.418907
-0.013808,0.187194
-0.030454,0.412451
-0.033807,0.451801
-0.010949,0.141422
-0.035454,0.451565
-0.051777,0.645887
-0.008207,0.100254
-0.069453,0.838808
-0.023621,0.281483
-0.009646,0.114890
-0.062391,0.726717
-0.073657,0.845397
-0.080377,0.913716
-0.061652,0.699534
-0.016955,0.192029
-0.083269,0.940735
-0.087897,0.982448
-0.080585,0.890196
-0.081291,0.896652
-0.082610,0.890677
-0.047262,0.502553
-0.003997,0.042211
-0.070725,0.745075
-0.072393,0.758446
-0.022910,0.237870
-0.084977,0.880413
-0.065175,0.672815
-0.076008,0.782247
-0.077860,0.801172
-0.093421,0.941809
-0.046083,0.464173
-0.045338,0.453451
-0.008132,0.081079
-0.095576,0.952594
-0.061149,0.608403
-0.027701,0.275415
-0.056018,0.545921
-0.034834,0.334514
-0.093071,0.893373
-0.025634,0.244196
-0.081707,0.777342
-0.095773,0.900384
-0.058874,0.553426
-0.011183,0.105115
-0.089001,0.834583
-0.052452,0.488899
-0.096244,0.889516
-0.008996,0.082389
-0.043289,0.391279
-0.049215,0.442251
-0.095079,0.854085
-0.033162,0.292908
-0.083297,0.714039
-0.000477,0.004077
-0.050962,0.435138
-0.041081,0.349604
-0.006485,0.054879
-0.069314,0.575179
-0.023540,0.193627
-0.057357,0.461550
-0.087836,0.706567
-0.087936,0.698466
-0.125061,0.988912
-0.014526,0.112833
-0.030056,0.230938
-0.110804,0.851105
-0.034539,0.264248
-0.092802,0.706486
-0.083520,0.625624
-0.002281,0.016992
-0.015833,0.116736
-0.118505,0.840262
-0.099872,0.706033
-0.024603,0.173639
-0.093009,0.654430
-0.006708,0.047107
-0.052409,0.365458
-0.099381,0.690834
-0.014881,0.103329
-0.133773,0.928316
-0.014025,0.097284
-0.108102,0.747299
-0.020304,0.138182
-0.040335,0.273728
-0.071983,0.483468
-0.072917,0.489231
-0.057113,0.380501
-0.086355,0.574697
-0.073802,0.487356
-0.106135,0.697185
-0.075468,0.494536
-0.023084,0.150390
-0.143818,0.930031
-0.128181,0.828735
-0.091666,0.591481
-0.059102,0.376047
-0.035179,0.220397
-0.013146,0.081962
-0.037267,0.232242
-0.103183,0.640312
-0.001104,0.006766
-0.127967,0.782060
-0.132202,0.807626
-0.020490,0.125092
-0.141150,0.859406
-0.029133,0.177072
-0.143665,0.871863
-0.023060,0.138783
-0.150504,0.905718
-0.068034,0.407836
-0.077155,0.462480
-0.001319,0.007860
-0.043769,0.260665
-0.130205,0.775298
-0.002141,0.012741
-0.088157,0.524257
-0.058761,0.349344
-0.018811,0.109653
-0.088903,0.516745
-0.160500,0.931892
-0.074297,0.431095
-0.126561,0.732889
-0.035719,0.206772
-0.019136,0.109800
-0.014340,0.081878
-0.156977,0.893901
-0.002340,0.013179
-0.170865,0.960523
-0.005150,0.028845
-0.125219,0.700441
-0.146209,0.815161
-0.084471,0.468972
-0.064695,0.359048
-0.054967,0.301708
-0.135441,0.741738
-0.167199,0.913667
-0.039374,0.214610
-0.153426,0.835863
-0.067026,0.364620
-0.065696,0.356693
-0.026760,0.144959
-0.094690,0.510873
-0.007174,0.037962
-0.030966,0.163584
-0.042249,0.222604
-0.084256,0.440842
-0.101054,0.528177
-0.168713,0.873941
-0.060547,0.313090
-0.130762,0.675305
-0.149272,0.769753
-0.132947,0.684571
-0.100931,0.516977
-0.117204,0.599706
-0.029550,0.150563
-0.093956,0.477824
-0.154098,0.781199
-0.024187,0.122369
-0.105339,0.530250
-0.181113,0.905097
-0.012464,0.062208
-0.146241,0.725279
-0.106410,0.525463
-0.078313,0.386097
-0.024140,0.118181
-0.144855,0.694979
-0.145491,0.695020
-0.013642,0.065112
-0.002195,0.010417
-0.082497,0.391369
-0.001801,0.008465
-0.016187,0.075941
-0.031444,0.147131
-0.151220,0.707255
-0.179927,0.838592
-0.171552,0.798720
-0.115369,0.535318
-0.036114,0.166916
-0.067402,0.310634
-0.152289,0.699916
-0.172239,0.788155
-0.157854,0.715455
-0.028354,0.128345
-0.089516,0.404707
-0.130583,0.588691
-0.157738,0.705355
-0.040974,0.182925
-0.200901,0.894915
-0.119101,0.528433
-0.187843,0.832447
-0.170113,0.752797
-0.137482,0.606215
-0.059499,0.262330
-0.078866,0.346786
-0.178802,0.780007
-0.200434,0.873429
-0.215065,0.932781
-0.041366,0.178662
-0.086366,0.370876
-0.229013,0.973157
-0.063890,0.270853
-0.022108,0.093713
-0.135121,0.565389
-0.077400,0.323056
-0.167210,0.696631
-0.113728,0.468075
-0.147295,0.597989
-0.107963,0.438266
-0.150183,0.609509
-0.003454,0.013928
-0.126992,0.511374
-0.076135,0.303423
-0.190612,0.756387
-0.052798,0.209186
-0.049684,0.196369
-0.103858,0.409935
-0.077583,0.303835
-0.119895,0.469442
-0.078468,0.306284
-0.010531,0.040876
-0.103655,0.402145
-0.059488,0.230769
-0.161794,0.626165
-0.109880,0.421922
-0.003416,0.013084
-0.114960,0.438802
-0.001842,0.007016
-0.202237,0.768997
-0.069596,0.263758
-0.151391,0.571661
-0.231269,0.871648
-0.025062,0.093943
-0.168124,0.627747
-0.135230,0.503559
-0.250758,0.932963
-0.137315,0.510750
-0.148830,0.552527
-0.031505,0.116283
-0.202577,0.740283
-0.233285,0.844267
-0.023295,0.084216
-0.027099,0.097932
-0.164206,0.588077
-0.135721,0.484619
-0.192740,0.683843
-0.224305,0.795112
-0.095996,0.340023
-0.003654,0.012872
-0.003991,0.014055
-0.204828,0.720196
-0.024596,0.086178
-0.166485,0.582698
-0.161688,0.564605
-0.014396,0.050155
-0.052146,0.181452
-0.109506,0.381021
-0.096741,0.336469
-0.265733,0.923105
-0.177777,0.616465
-0.092365,0.318441
-0.059360,0.203967
-0.039207,0.134537
-0.216127,0.731112
-0.158954,0.536186
-0.004743,0.015962
-0.003844,0.012907
-0.148079,0.496456
-0.255501,0.855952
-0.132388,0.443200
-0.186201,0.616185
-0.084332,0.278061
-0.010327,0.034043
-0.229435,0.755271
-0.221541,0.728883
-0.056355,0.185160
-0.282088,0.926110
-0.245991,0.805402
-0.152012,0.497433
-0.088421,0.289284
-0.225050,0.727557
-0.178143,0.572675
-0.138367,0.443874
-0.108612,0.347319
-0.173162,0.550962
-0.190709,0.604815
-0.011524,0.036465
-0.225282,0.712102
-0.208208,0.656897
-0.111155,0.350639
-0.219323,0.691050
-0.087351,0.274915
-0.204239,0.642293
-0.039717,0.124764
-0.154830,0.483945
-0.171545,0.533214
-0.253785,0.784993
-0.095543,0.295506
-0.079123,0.243914
-0.124578,0.383991
-0.286881,0.883079
-0.151455,0.465859
-0.172511,0.528257
-0.296801,0.907755
-0.169079,0.514425
-0.299656,0.910042
-0.264303,0.800323
-0.174311,0.527374
-0.164959,0.498947
-0.079808,0.241086
-0.142554,0.428705
-0.137203,0.411234
-0.001830,0.005482
-0.057992,0.173187
-0.216682,0.644540
-0.008164,0.024285
-0.039413,0.116858
-0.164528,0.486702
-0.070866,0.208360
-0.231659,0.679688
-0.088264,0.258519
-0.182096,0.533290
-0.061206,0.179074
-0.264357,0.771741
-0.042489,0.123979
-0.298897,0.871524
-0.273838,0.790095
-0.300859,0.859724
-0.063201,0.180465
-0.304323,0.867647
-0.225648,0.639213
-0.026353,0.074299
-0.161431,0.453412
-0.035782,0.100413
-0.203289,0.569825
-0.150573,0.421740
-0.148438,0.414661
-0.194428,0.542408
-0.291392,0.811140
-0.115865,0.322188
-0.128673,0.357299
-0.317235,0.878366
-0.019708,0.054554
-0.256089,0.703436
-0.208746,0.573179
-0.094493,0.257847
-0.246314,0.671597
-0.008522,0.023170
-0.261964,0.712012
-0.310402,0.842637
-0.228538,0.619823
-0.288471,0.775179
-0.136204,0.365098
-0.218493,0.583851
-0.015400,0.041043
-0.050338,0.133948
-0.279288,0.741719
-0.004920,0.013037
-0.261556,0.691647
-0.084854,0.224057
-0.344149,0.905848
-0.247605,0.649846
-0.299164,0.783800
-0.289348,0.757760
-0.108922,0.284893
-0.241167,0.630725
-0.115818,0.302657
-0.265385,0.685094
-0.212008,0.546993
-0.058768,0.151530
-0.183438,0.472403
-0.132865,0.339842
-0.215149,0.547988
-0.331905,0.845248
-0.188374,0.479640
-0.116186,0.295337
-0.095408,0.242270
-0.243132,0.616568
-0.355836,0.901200
-0.130412,0.326853
-0.246574,0.617540
-0.356615,0.892464
-0.164962,0.411118
-0.337955,0.841510
-0.008095,0.020140
-0.110335,0.274158
-0.352430,0.874146
-0.136529,0.338432
-0.306813,0.760054
-0.120925,0.298548
-0.072121,0.177481
-0.021420,0.052683
-0.328839,0.806583
-0.367242,0.899124
-0.140933,0.344893
-0.046627,0.114079
-0.167424,0.407208
-0.329779,0.801243
-0.185585,0.450723
-0.169230,0.407763
-0.118266,0.284464
-0.069913,0.168021
-0.136194,0.326665
-0.107012,0.255742
-0.074309,0.176940
-0.062969,0.149930
-0.234235,0.555317
-0.355061,0.841455
-0.308213,0.727113
-0.286838,0.675013
-0.091150,0.214493
-0.194420,0.456737
-0.307816,0.723113
-0.071287,0.167268
-0.365800,0.858307
-0.076277,0.177568
-0.126587,0.294083
-0.300328,0.696157
-0.011810,0.027328
-0.310630,0.717112
-0.178378,0.409816
-0.070298,0.161267
-0.035934,0.082349
-0.263098,0.602816
-0.286824,0.656829
-0.011364,0.026011
-0.199745,0.456857
-0.379402,0.865961
-0.078175,0.177817
-0.065920,0.149625
-0.150963,0.337715
-0.342290,0.759744
-0.147626,0.327272
-0.037862,0.083908
-0.064716,0.143166
-0.124696,0.275650
-0.124481,0.273984
-0.248748,0.546780
-0.288691,0.630633
-0.314949,0.687977
-0.408190,0.886521
-0.310895,0.673424
-0.321653,0.695530
-0.142290,0.307445
-0.159993,0.345561
-0.203473,0.438526
-0.379804,0.816893
-0.120328,0.256831
-0.255119,0.542743
-0.010786,0.022871
-0.088788,0.188189
-0.184643,0.391235
-0.382247,0.809560
-0.086784,0.183715
-0.179575,0.379897
-0.271887,0.572077
-0.130948,0.275457
-0.019964,0.041975
-0.217470,0.456430
-0.359873,0.751387
-0.268401,0.560229
-0.085347,0.178060
-0.002349,0.004900
-0.297011,0.618460
-0.339567,0.704379
-0.286485,0.593555
-0.373690,0.774056
-0.117028,0.242386
-0.434996,0.895550
-0.377012,0.775520
-0.156451,0.320101
-0.081091,0.162892
-0.189734,0.381072
-0.338903,0.679397
-0.184673,0.369700
-0.237178,0.474397
-0.303002,0.604743
-0.011052,0.022006
-0.190402,0.377867
-0.097123,0.192631
-0.197357,0.391169
-0.008416,0.016672
-0.398958,0.788060
-0.278247,0.549283
-0.255674,0.503601
-0.333405,0.655767
-0.144833,0.284057
-0.253731,0.494724
-0.259829,0.505885
-0.375495,0.730334
-0.438338,0.851312
-0.281141,0.545901
-0.044672,0.086702
-0.392985,0.762147
-0.187188,0.362917
-0.089123,0.172661
-0.218534,0.422705
-0.407596,0.787637
-0.204487,0.395025
-0.307214,0.593244
-0.276663,0.533620
-0.381284,0.734569
-0.156202,0.298958
-0.341398,0.653197
-0.433190,0.827763
-0.181244,0.346259
-0.234249,0.446283
-0.052614,0.099703
-0.446371,0.845671
-0.436488,0.826557
-0.257133,0.486722
-0.144293,0.273042
-0.024878,0.046948
-0.069788,0.131330
-0.265406,0.498011
-0.122939,0.230515
-0.255752,0.479064
-0.241359,0.451557
-0.165907,0.309471
-0.096264,0.179536
-0.363290,0.677466
-0.022370,0.041676
-0.208559,0.388541
-0.015922,0.029621
-0.292594,0.544299
-0.014493,0.026960
-0.017459,0.032426
-0.088233,0.163566
-0.133703,0.246219
-0.007466,0.013731
-0.285562,0.523954
-0.091760,0.167841
-0.024687,0.045059
-0.074988,0.136219
-0.434570,0.785716
-0.253727,0.457894
-0.037516,0.067538
-0.135117,0.242131
-0.441656,0.789480
-0.112573,0.200226
-0.082705,0.146720
-0.405635,0.716899
-0.312552,0.551757
-0.161389,0.284788
-0.292855,0.515127
-0.150943,0.264917
-0.185911,0.326260
-0.291225,0.507857
-0.305690,0.531227
-0.431613,0.748436
-0.267964,0.463920
-0.375578,0.650157
-0.012196,0.021039
-0.399817,0.686741
-0.347730,0.596454
-0.319883,0.548263
-0.316128,0.540351
-0.491841,0.837343
-0.439354,0.747837
-0.373338,0.633993
-0.431699,0.730300
-0.311133,0.525036
-0.327531,0.552563
-0.116861,0.196787
-0.417937,0.702342
-0.016606,0.027878
-0.255802,0.428665
-0.138085,0.231288
-0.026699,0.044628
-0.161224,0.269298
-0.106626,0.177893
-0.399240,0.661088
-0.425994,0.704013
-0.222576,0.367654
-0.207730,0.342873
-0.466586,0.769913
-0.377416,0.622451
-0.389769,0.641054
-0.109506,0.180065
-0.349249,0.573981
-0.448958,0.734625
-0.426967,0.698121
-0.273747,0.446791
-0.118214,0.192850
-0.337772,0.549627
-0.283567,0.460294
-0.312518,0.506075
-0.140696,0.226475
-0.255402,0.411021
-0.017648,0.028399
-0.114015,0.182887
-0.319339,0.512134
-0.282706,0.452962
-0.058286,0.093258
-0.179219,0.286155
-0.191283,0.305089
-0.420252,0.669042
-0.300885,0.478289
-0.264038,0.416646
-0.125700,0.198339
-0.270371,0.426337
-0.450983,0.710469
-0.462822,0.729041
-0.390365,0.614855
-0.333004,0.523409
-0.401160,0.630306
-0.231648,0.363733
-0.263123,0.412953
-0.141410,0.221923
-0.259582,0.405964
-0.530585,0.828430
-0.306796,0.478539
-0.403648,0.628757
-0.406844,0.633721
-0.353268,0.549688
-0.220085,0.341501
-0.177867,0.275844
-0.342908,0.529708
-0.286183,0.440016
-0.538738,0.824596
-0.134506,0.205636
-0.252082,0.383783
-0.260932,0.396695
-0.100287,0.152451
-0.088493,0.134512
-0.189484,0.287284
-0.312656,0.472704
-0.361712,0.546813
-0.399837,0.603374
-0.289826,0.436901
-0.395451,0.595298
-0.094592,0.141541
-0.033206,0.049534
-0.316920,0.472358
-0.357056,0.530381
-0.152632,0.225514
-0.517652,0.763304
-0.476032,0.701334
-0.204611,0.300383
-0.036479,0.053507
-0.266102,0.389980
-0.291103,0.426158
-0.505241,0.739494
-0.000066,0.000096
-0.562136,0.815348
-0.344924,0.500177
-0.391992,0.568171
-0.471004,0.682504
-0.260227,0.376529
-0.439980,0.635252
-0.197604,0.284051
-0.418931,0.601476
-0.389822,0.558990
-0.231635,0.331402
-0.571161,0.813348
-0.363575,0.517540
-0.367801,0.522260
-0.546693,0.774561
-0.328672,0.464208
-0.574141,0.808283
-0.546720,0.766168
-0.343542,0.478937
-0.241059,0.335721
-0.381934,0.529711
-0.173122,0.240083
-0.040919,0.056498
-0.552983,0.762972
-0.351602,0.484891
-0.113586,0.156443
-0.166507,0.229210
-0.302281,0.416089
-0.480723,0.661442
-0.217455,0.298800
-0.070161,0.096197
-0.333347,0.456124
-0.488408,0.668015
-0.183753,0.250772
-0.040708,0.055553
-0.363795,0.494040
-0.015502,0.021040
-0.317716,0.430599
-0.053988,0.073163
-0.341344,0.462106
-0.075922,0.102677
-0.290216,0.392444
-0.471955,0.637901
-0.125036,0.169000
-0.416672,0.562057
-0.289459,0.389819
-0.187716,0.252397
-0.432975,0.580522
-0.480001,0.642777
-0.307854,0.412205
-0.536683,0.718449
-0.275325,0.368481
-0.043432,0.058072
-0.194737,0.259604
-0.367940,0.489674
-0.081796,0.108144
-0.525387,0.691474
-0.567275,0.744731
-0.179960,0.235436
-0.192177,0.250952
-0.233304,0.304215
-0.062650,0.081611
-0.586279,0.763310
-0.225805,0.293661
-0.047175,0.061297
-0.480728,0.624516
-0.436273,0.564442
-0.435693,0.562048
-0.009143,0.011794
-0.234499,0.301848
-0.101044,0.130008
-0.393652,0.506206
-0.581824,0.747653
-0.196613,0.252399
-0.182778,0.233859
-0.293888,0.374337
-0.580985,0.738772
-0.176793,0.224759
-0.508357,0.644316
-0.491192,0.622481
-0.026471,0.033366
-0.259498,0.327030
-0.584695,0.735253
-0.176188,0.221206
-0.233477,0.292652
-0.428314,0.536729
-0.025889,0.032413
-0.519067,0.649819
-0.588825,0.736631
-0.236425,0.295308
-0.192644,0.240579
-0.159610,0.199302
-0.103739,0.129484
-0.299074,0.372454
-0.421216,0.524115
-0.535568,0.665989
-0.040523,0.050357
-0.326812,0.404933
-0.336955,0.415289
-0.424232,0.519514
-0.540403,0.661700
-0.025610,0.031298
-0.362353,0.441734
-0.116000,0.141356
-0.074321,0.090537
-0.168790,0.205366
-0.082011,0.099779
-0.047181,0.057384
-0.156139,0.189850
-0.183945,0.223294
-0.629846,0.763391
-0.582096,0.704725
-0.299068,0.361916
-0.573462,0.692908
-0.547593,0.661286
-0.186236,0.224511
-0.602008,0.725108
-0.002099,0.002527
-0.353877,0.425951
-0.277909,0.333447
-0.547989,0.654763
-0.231515,0.275956
-0.478120,0.569844
-0.016618,0.019802
-0.577112,0.687205
-0.015812,0.018814
-0.440792,0.524364
-0.454020,0.539631
-0.637493,0.755076
-0.279911,0.331319
-0.439321,0.519532
-0.115261,0.136121
-0.121092,0.143004
-0.130164,0.153324
-0.308815,0.363720
-0.450168,0.530156
-0.073275,0.086279
-0.599233,0.705291
-0.092978,0.109121
-0.193938,0.227481
-0.387280,0.453368
-0.225798,0.263400
-0.202716,0.234491
-0.596892,0.690189
-0.593553,0.685881
-0.294813,0.340365
-0.498257,0.575123
-0.398999,0.460085
-0.372234,0.428688
-0.322142,0.370396
-0.463327,0.532296
-0.544871,0.624898
-0.104051,0.118857
-0.649914,0.742337
-0.604775,0.690449
-0.210079,0.239042
-0.116441,0.132139
-0.075094,0.085068
-0.601240,0.680937
-0.370955,0.419758
-0.050144,0.056661
-0.165400,0.186872
-0.097719,0.110032
-0.049445,0.055628
-0.306616,0.344192
-0.467427,0.524502
-0.185729,0.208336
-0.559703,0.627779
-0.466518,0.521877
-0.413891,0.462483
-0.643302,0.717476
-0.300997,0.335659
-0.419619,0.467695
-0.601904,0.668912
-0.276738,0.306621
-0.025389,0.028011
-0.296129,0.326481
-0.171429,0.188918
-0.193532,0.212797
-0.236893,0.260378
-0.123890,0.136095
-0.610765,0.665600
-0.482360,0.525395
-0.282207,0.306735
-0.293446,0.318807
-0.193350,0.209767
-0.132737,0.143803
-0.116486,0.125615
-0.165904,0.178727
-0.551321,0.593406
-0.576017,0.619930
-0.524236,0.563589
-0.654647,0.702672
-0.543690,0.581714
-0.381567,0.408110
-0.217330,0.232320
-0.594710,0.635093
-0.074860,0.079598
-0.450117,0.477845
-0.107995,0.114429
-0.429823,0.453499
-0.471630,0.497587
-0.349841,0.368863
-0.132176,0.139273
-0.189783,0.199771
-0.533447,0.561039
-0.463229,0.485091
-0.102132,0.106407
-0.466014,0.485240
-0.529207,0.549466
-0.251194,0.260642
-0.579978,0.601667
-0.415638,0.431146
-0.563866,0.584832
-0.329918,0.340074
-0.631128,0.650084
-0.614932,0.633210
-0.241781,0.248709
-0.455512,0.466336
-0.173766,0.177759
-0.115644,0.117871
-0.555343,0.565991
-0.070542,0.071812
-0.381963,0.387545
-0.679725,0.688270
-0.144832,0.146644
-0.659055,0.666491
-0.112220,0.113390
-0.653331,0.659416
-0.156302,0.157352
-0.392595,0.394963
-0.225659,0.226941
-0.232543,0.233198
-0.598918,0.597178
-0.510602,0.507788
-0.419059,0.413755
-0.488718,0.482459
-0.012626,0.012447
-0.360970,0.355143
-0.219992,0.216429
-0.109732,0.107916
-0.143260,0.140809
-0.052428,0.051462
-0.448413,0.440090
-0.000263,0.000258
-0.359122,0.350700
-0.305686,0.297880
-0.541952,0.527593
-0.353759,0.342678
-0.549843,0.530864
-0.480625,0.462418
-0.345820,0.332532
-0.691910,0.663259
-0.259218,0.248217
-0.407052,0.388138
-0.320991,0.305859
-0.634929,0.603295
-0.308968,0.293345
-0.717454,0.679475
-0.064449,0.061033
-0.707589,0.669210
-0.041040,0.038809
-0.247053,0.232402
-0.297183,0.279305
-0.137886,0.129497
-0.710448,0.666819
-0.663827,0.617673
-0.145894,0.135097
-0.621636,0.573424
-0.275972,0.252785
-0.521949,0.477777
-0.067351,0.061558
-0.238269,0.217773
-0.712919,0.650609
-0.617498,0.560220
-0.288546,0.260553
-0.525353,0.474297
-0.683440,0.616046
-0.698245,0.628833
-0.506913,0.456127
-0.541612,0.486864
-0.508974,0.457512
-0.381483,0.342364
-0.313250,0.280649
-0.298715,0.267286
-0.646065,0.578069
-0.353323,0.314570
-0.190093,0.169206
-0.403402,0.358130
-0.303403,0.268961
-0.419525,0.371231
-0.621203,0.549649
-0.226820,0.200604
-0.117146,0.103576
-0.323897,0.286136
-0.216664,0.191375
-0.587327,0.517449
-0.499488,0.436378
-0.581881,0.507822
-0.120165,0.104694
-0.022651,0.019697
-0.108063,0.093822
-0.532974,0.462127
-0.025841,0.022380
-0.278950,0.241289
-0.136924,0.118359
-0.397563,0.343647
-0.647078,0.558455
-0.101354,0.087209
-0.699439,0.601136
-0.701307,0.598926
-0.665399,0.567351
-0.363731,0.309360
-0.694843,0.590566
-0.693724,0.589121
-0.186858,0.158642
-0.139930,0.118590
-0.610520,0.516686
-0.650671,0.549592
-0.168009,0.141479
-0.006847,0.005764
-0.465576,0.391349
-0.545670,0.458498
-0.310871,0.260732
-0.667323,0.557692
-0.642288,0.532736
-0.305440,0.251951
-0.379048,0.312197
-0.362453,0.298412
-0.245350,0.201745
-0.255825,0.210215
-0.491575,0.403457
-0.057335,0.046998
-0.166398,0.136367
-0.555839,0.455288
-0.596903,0.485907
-0.287217,0.232139
-0.007368,0.005944
-0.235084,0.189550
-0.190823,0.153428
-0.224621,0.180601
-0.325928,0.261640
-0.260909,0.208892
-0.148067,0.118434
-0.506667,0.405195
-0.411903,0.329302
-0.292910,0.234155
-0.370509,0.295091
-0.302561,0.240908
-0.400545,0.318815
-0.656874,0.519801
-0.076743,0.060696
-0.691262,0.546057
-0.127002,0.100207
-0.502504,0.396038
-0.025667,0.020159
-0.301883,0.236704
-0.036888,0.028847
-0.761050,0.594975
-0.272370,0.212857
-0.179956,0.140488
-0.052191,0.040658
-0.404523,0.314113
-0.659693,0.511683
-0.724010,0.559920
-0.001049,0.000811
-0.487262,0.376177
-0.650799,0.502293
-0.161787,0.124699
-0.499821,0.383609
-0.539726,0.413300
-0.376270,0.288117
-0.340418,0.260479
-0.479920,0.366211
-0.537233,0.409345
-0.728007,0.554359
-0.000079,0.000060
-0.424176,0.322761
-0.186908,0.142079
-0.205221,0.155826
-0.613057,0.464637
-0.305704,0.231667
-0.640523,0.484898
-0.740919,0.559110
-0.197419,0.148309
-0.699554,0.524392
-0.682363,0.511377
-0.354589,0.265569
-0.744804,0.556599
-0.742252,0.554122
-0.280321,0.208922
-0.344414,0.256463
-0.599994,0.446166
-0.539613,0.400899
-0.735846,0.543251
-0.257494,0.189895
-0.133456,0.098315
-0.206344,0.151729
-0.091650,0.067173
-0.319012,0.233709
-0.448636,0.328649
-0.129387,0.094533
-0.239771,0.174442
-0.357812,0.260147
-0.505331,0.366977
-0.382689,0.277614
-0.136585,0.098958
-0.164341,0.119030
-0.035336,0.025586
-0.174916,0.126568
-0.067704,0.048931
-0.250303,0.180575
-0.442024,0.318884
-0.267741,0.192686
-0.567197,0.407704
-0.044085,0.031597
-0.685253,0.491015
-0.170389,0.121712
-0.532672,0.380427
-0.416246,0.295910
-0.572302,0.406776
-0.266622,0.188865
-0.281004,0.198849
-0.608066,0.427989
-0.680760,0.478048
-0.468833,0.327608
-0.024207,0.016912
-0.681948,0.475838
-0.603757,0.420684
-0.183877,0.127809
-0.224213,0.155606
-0.486838,0.336159
-0.270370,0.186682
-0.445266,0.307380
-0.695104,0.479399
-0.115987,0.079949
-0.088351,0.060828
-0.599155,0.411065
-0.203961,0.139181
-0.454850,0.308240
-0.441724,0.299288
-0.167955,0.113782
-0.775495,0.525186
-0.767731,0.518827
-0.501695,0.338345
-0.793710,0.535280
-0.442148,0.298103
-0.166828,0.112250
-0.576516,0.386584
-0.712591,0.476319
-0.726646,0.484341
-0.650997,0.430995
-0.677954,0.448562
-0.805682,0.531737
-0.078202,0.051533
-0.812253,0.532751
-0.546431,0.358239
-0.097469,0.063796
-0.485520,0.316994
-0.781649,0.509962
-0.458737,0.299263
-0.181254,0.118068
-0.609451,0.396537
-0.502753,0.326843
-0.219975,0.142887
-0.561709,0.363449
-0.234279,0.151084
-0.568681,0.364168
-0.617056,0.393507
-0.019836,0.012619
-0.416745,0.265105
-0.755007,0.480213
-0.795656,0.505442
-0.767474,0.487464
-0.377577,0.238828
-0.637236,0.402829
-0.268426,0.169343
-0.446779,0.281721
-0.673998,0.424357
-0.390380,0.245372
-0.401725,0.250985
-0.691247,0.430150
-0.154663,0.095981
-0.603623,0.373843
-0.334162,0.206864
-0.429139,0.265562
-0.555076,0.343181
-0.607204,0.374789
-0.328787,0.202565
-0.676955,0.416339
-0.730123,0.446837
-0.613027,0.374478
-0.007786,0.004745
-0.782825,0.476186
-0.441903,0.267977
-0.005735,0.003475
-0.148740,0.089983
-0.478643,0.288888
-0.524453,0.315149
-0.262469,0.157706
-0.119748,0.071764
-0.346727,0.206878
-0.695375,0.414744
-0.097077,0.057871
-0.710169,0.418970
-0.063533,0.037456
-0.034438,0.020280
-0.541540,0.318549
-0.728970,0.428331
-0.363101,0.213148
-0.839386,0.492692
-0.227034,0.133196
-0.204303,0.119831
-0.012498,0.007247
-0.764890,0.443297
-0.354227,0.204719
-0.198857,0.114113
-0.824704,0.472571
-0.339131,0.194292
-0.747391,0.427679
-0.588113,0.336404
-0.818554,0.467869
-0.662272,0.378484
-0.739901,0.421963
-0.428398,0.243796
-0.204699,0.116458
-0.034181,0.019434
-0.666566,0.378747
-0.593906,0.337239
-0.737807,0.418432
-0.445348,0.251595
-0.640079,0.360211
-0.284346,0.159967
-0.078457,0.044097
-0.022044,0.012381
-0.233988,0.131227
-0.616718,0.345747
-0.705368,0.395358
-0.832044,0.464032
-0.368189,0.205123
-0.104107,0.057851
-0.598023,0.332105
-0.352042,0.195020
-0.321802,0.178077
-0.290026,0.160435
-0.833144,0.459496
-0.063999,0.035212
-0.437733,0.240315
-0.715714,0.391853
-0.267236,0.145656
-0.321416,0.174293
-0.388456,0.210253
-0.864688,0.467667
-0.784542,0.422958
-0.347778,0.187271
-0.852422,0.458972
-0.040731,0.021897
-0.405464,0.217534
-0.461230,0.247451
-0.378766,0.202564
-0.845720,0.451076
-0.743459,0.395949
-0.235951,0.125632
-0.235060,0.125066
-0.359640,0.190142
-0.006773,0.003579
-0.400865,0.210886
-0.424110,0.223101
-0.268540,0.141037
-0.455896,0.239382
-0.761367,0.399726
-0.141926,0.074446
-0.388816,0.203862
-0.366624,0.192218
-0.164170,0.085917
-0.668823,0.349485
-0.750374,0.391798
-0.076119,0.039738
-0.874034,0.455713
-0.876982,0.454993
-0.255931,0.132537
-0.623684,0.322909
-0.544596,0.281686
-0.267305,0.137867
-0.581766,0.299432
-0.823173,0.421501
-0.764353,0.390833
-0.281694,0.144010
-0.437392,0.223501
-0.453263,0.231556
-0.494771,0.252457
-0.863050,0.440290
-0.828438,0.421877
-0.334237,0.169972
-0.017878,0.009087
-0.350067,0.177559
-0.456588,0.231586
-0.573279,0.290518
-0.528119,0.267306
-0.814897,0.412023
-0.696429,0.350868
-0.111708,0.056126
-0.717232,0.360279
-0.865687,0.434830
-0.169692,0.085148
-0.878679,0.440353
-0.521648,0.261276
-0.839753,0.419833
-0.755491,0.376527
-0.463256,0.230639
-0.514578,0.255807
-0.770299,0.382427
-0.176119,0.087144
-0.370803,0.183374
-0.624579,0.308835
-0.675315,0.333859
-0.103135,0.050975
-0.866366,0.427708
-0.647560,0.318842
-0.256083,0.125784
-0.144840,0.071073
-0.813571,0.398816
-0.871519,0.426870
-0.364960,0.178563
-0.474254,0.231977
-0.391576,0.191373
-0.224864,0.109780
-0.116740,0.056971
-0.244641,0.119116
-0.330532,0.160197
-0.034707,0.016745
-0.035060,0.016915
-0.885770,0.427181
-0.614197,0.295474
-0.541012,0.260236
-0.812941,0.390948
-0.839553,0.402771
-0.874839,0.418827
-0.304901,0.145479
-0.526302,0.250911
-0.325646,0.155150
-0.800014,0.380728
-0.068097,0.032396
-0.052066,0.024749
-0.784547,0.371952
-0.302131,0.142998
-0.175800,0.083043
-0.329694,0.155256
-0.731228,0.344185
-0.270599,0.127208
-0.238856,0.112233
-0.751189,0.352857
-0.890192,0.417751
-0.560278,0.262329
-0.623612,0.291958
-0.546818,0.255552
-0.413690,0.191370
-0.068653,0.031679
-0.713967,0.329399
-0.171576,0.079077
-0.620456,0.284660
-0.579613,0.265489
-0.700971,0.320675
-0.433914,0.197086
-0.510208,0.231610
-0.793155,0.359891
-0.643901,0.289916
-0.859196,0.384191
-0.293728,0.131206
-0.900679,0.402312
-0.658009,0.293335
-0.153046,0.068055
-0.315132,0.140045
-0.586995,0.260815
-0.145910,0.064686
-0.486081,0.214743
-0.324501,0.143220
-0.406972,0.179077
-0.616004,0.269124
-0.870673,0.380141
-0.305667,0.133232
-0.548113,0.238383
-0.283957,0.123337
-0.537865,0.233320
-0.554655,0.239905
-0.387244,0.167262
-0.900780,0.386312
-0.190874,0.081843
-0.341146,0.146047
-0.839705,0.358426
-0.243662,0.103832
-0.868035,0.369890
-0.277102,0.117933
-0.471799,0.199941
-0.373181,0.157783
-0.445427,0.188056
-0.831039,0.350610
-0.837069,0.353137
-0.552780,0.232946
-0.865300,0.364073
-0.341881,0.143663
-0.394513,0.165487
-0.822627,0.344679
-0.592465,0.247234
-0.723105,0.301734
-0.395541,0.164877
-0.193623,0.080406
-0.726826,0.301373
-0.683055,0.282834
-0.920332,0.380987
-0.181139,0.074784
-0.642209,0.264475
-0.058713,0.024172
-0.256918,0.105643
-0.276186,0.113487
-0.298276,0.122455
-0.422668,0.173343
-0.557110,0.228193
-0.547089,0.223596
-0.022926,0.009349
-0.921323,0.374657
-0.549339,0.222945
-0.833968,0.337456
-0.119938,0.048457
-0.813549,0.323825
-0.040881,0.016196
-0.813551,0.321898
-0.888576,0.351168
-0.548186,0.215938
-0.465002,0.183118
-0.761010,0.297863
-0.812460,0.317993
-0.644507,0.252140
-0.722194,0.281806
-0.114135,0.044324
-0.082184,0.031844
-0.121394,0.046636
-0.271349,0.104195
-0.927480,0.356064
-0.566196,0.216838
-0.841282,0.321804
-0.285635,0.109142
-0.629610,0.240514
-0.619594,0.235895
-0.496654,0.188670
-0.490550,0.186325
-0.165666,0.062621
-0.260216,0.098251
-0.606192,0.228328
-0.299198,0.112356
-0.271970,0.100694
-0.718677,0.266081
-0.936980,0.346188
-0.500888,0.184790
-0.914217,0.336839
-0.335878,0.123700
-0.330743,0.121645
-0.336861,0.123716
-0.640430,0.234576
-0.787901,0.288201
-0.243557,0.088753
-0.099401,0.036201
-0.196603,0.071333
-0.524089,0.189402
-0.103001,0.037151
-0.859746,0.309841
-0.611599,0.218663
-0.043269,0.015456
-0.392541,0.139879
-0.081614,0.029051
-0.726568,0.257735
-0.348588,0.123584
-0.106603,0.037721
-0.803137,0.284091
-0.285791,0.100665
-0.488027,0.171733
-0.883381,0.310676
-0.590930,0.207435
-0.356922,0.125281
-0.281431,0.098574
-0.042202,0.014702
-0.280151,0.097574
-0.343328,0.119360
-0.371028,0.128922
-0.172623,0.059904
-0.050117,0.017343
-0.534730,0.183800
-0.826143,0.283675
-0.588990,0.201710
-0.602663,0.205851
-0.526897,0.179393
-0.459987,0.155822
-0.390154,0.131804
-0.088100,0.029670
-0.358396,0.120381
-0.391586,0.131356
-0.268968,0.089445
-0.712236,0.236590
-0.200987,0.066762
-0.673320,0.223482
-0.804048,0.266382
-0.413123,0.136811
-0.570555,0.188938
-0.773876,0.255283
-0.574220,0.188243
-0.135313,0.044291
-0.944804,0.309045
-0.251271,0.082132
-0.105193,0.034221
-0.125259,0.040654
-0.213029,0.068655
-0.864829,0.276401
-0.689705,0.219321
-0.155940,0.049493
-0.354409,0.111760
-0.679132,0.213172
-0.709034,0.222314
-0.022932,0.007154
-0.839808,0.260610
-0.330030,0.102190
-0.890338,0.274314
-0.135646,0.041486
-0.867119,0.265075
-0.027170,0.008293
-0.481467,0.146771
-0.211869,0.064457
-0.871286,0.264573
-0.094917,0.028525
-0.714332,0.213672
-0.274380,0.081922
-0.471051,0.140535
-0.722674,0.215405
-0.224050,0.066471
-0.085455,0.025340
-0.040457,0.011964
-0.728411,0.215099
-0.872677,0.257191
-0.147085,0.043296
-0.726246,0.213535
-0.427506,0.125555
-0.506473,0.148015
-0.422021,0.123173
-0.581752,0.169204
-0.219645,0.063626
-0.729732,0.209207
-0.135609,0.038778
-0.249305,0.071207
-0.142954,0.040798
-0.196794,0.056124
-0.819546,0.231225
-0.042153,0.011847
-0.301818,0.084664
-0.459074,0.128523
-0.935032,0.260200
-0.559573,0.155236
-0.875034,0.242567
-0.706384,0.195464
-0.570824,0.157823
-0.280346,0.077335
-0.756311,0.207714
-0.956552,0.261303
-0.749176,0.204226
-0.142499,0.038793
-0.390277,0.106153
-0.685590,0.186337
-0.206779,0.055833
-0.486027,0.131076
-0.376329,0.101222
-0.809706,0.217028
-0.198502,0.052958
-0.322553,0.085986
-0.205743,0.054777
-0.260474,0.068993
-0.341839,0.090392
-0.863484,0.228099
-0.758028,0.200041
-0.531848,0.139434
-0.899300,0.235705
-0.370571,0.096704
-0.599210,0.156289
-0.839237,0.218574
-0.450188,0.117160
-0.264626,0.068738
-0.934930,0.242294
-0.574901,0.148746
-0.152896,0.039462
-0.353544,0.090910
-0.322765,0.082616
-0.577489,0.147623
-0.898371,0.228809
-0.589518,0.149643
-0.392094,0.099318
-0.567710,0.143717
-0.807412,0.203948
-0.338179,0.085195
-0.774356,0.194805
-0.520467,0.129690
-0.024532,0.006107
-0.739078,0.182700
-0.130523,0.032203
-0.948021,0.232442
-0.668663,0.163278
-0.599444,0.145932
-0.931863,0.226752
-0.524244,0.127397
-0.282678,0.068521
-0.914352,0.220965
-0.786332,0.189898
-0.722663,0.174337
-0.312520,0.075266
-0.886039,0.213273
-0.890504,0.213672
-0.820665,0.196412
-0.732367,0.173935
-0.029498,0.006975
-0.317534,0.074914
-0.178721,0.042141
-0.163608,0.038571
-0.297026,0.069620
-0.129964,0.030390
-0.970440,0.223406
-0.080264,0.018369
-0.534645,0.121407
-0.080637,0.018306
-0.633251,0.143758
-0.044892,0.010169
-0.885533,0.200380
-0.071801,0.016199
-0.783903,0.176718
-0.442554,0.099512
-0.866630,0.194427
-0.015175,0.003399
-0.790263,0.175983
-0.701587,0.156108
-0.899667,0.199651
-0.133115,0.029429
-0.458820,0.101058
-0.319495,0.069880
-0.774356,0.168897
-0.305790,0.066300
-0.298360,0.064493
-0.276366,0.059084
-0.503284,0.107410
-0.120630,0.025293
-0.163386,0.034253
-0.939070,0.195873
-0.279575,0.058015
-0.854807,0.176629
-0.470472,0.097208
-0.432660,0.089383
-0.926481,0.191250
-0.120243,0.024801
-0.261883,0.053959
-0.276391,0.056770
-0.672495,0.137515
-0.385870,0.078748
-0.639500,0.130483
-0.342872,0.069953
-0.828710,0.168544
-0.529242,0.107350
-0.722912,0.145954
-0.608273,0.122739
-0.265343,0.053352
-0.713288,0.143282
-0.234533,0.046781
-0.349481,0.069669
-0.009026,0.001785
-0.825407,0.162893
-0.117106,0.023093
-0.216436,0.042459
-0.290158,0.056651
-0.173812,0.033864
-0.457169,0.088785
-0.238088,0.046204
-0.760143,0.146832
-0.058812,0.011349
-0.088258,0.016998
-0.647534,0.124646
-0.470209,0.090191
-0.720963,0.137566
-0.607874,0.115659
-0.630506,0.119610
-0.079092,0.014932
-0.525448,0.099133
-0.598438,0.112158
-0.404096,0.075543
-0.239913,0.044490
-0.616722,0.113966
-0.015937,0.002915
-0.540388,0.097424
-0.170352,0.030375
-0.445290,0.079205
-0.101619,0.018020
-0.299667,0.053135
-0.182308,0.031606
-0.197432,0.034156
-0.803668,0.138954
-0.813330,0.139441
-0.467592,0.080034
-0.609165,0.104007
-0.581086,0.096596
-0.507076,0.084072
-0.611096,0.100690
-0.846407,0.139116
-0.851369,0.139569
-0.816576,0.133629
-0.050358,0.008192
-0.784500,0.126701
-0.209333,0.033588
-0.691724,0.110983
-0.525213,0.083581
-0.983563,0.156156
-0.454100,0.071823
-0.243063,0.038364
-0.935194,0.147290
-0.393305,0.061761
-0.334123,0.052384
-0.490832,0.076870
-0.667950,0.104511
-0.462237,0.072036
-0.231507,0.036077
-0.943306,0.146626
-0.918177,0.140981
-0.799793,0.121635
-0.023045,0.003503
-0.511735,0.077038
-0.045359,0.006809
-0.172824,0.025873
-0.073035,0.010868
-0.766307,0.113994
-0.933700,0.138428
-0.279204,0.040886
-0.121182,0.017369
-0.303029,0.043280
-0.344075,0.048990
-0.319762,0.045465
-0.634051,0.089907
-0.530334,0.075130
-0.081983,0.011612
-0.699525,0.098815
-0.550727,0.077113
-0.644921,0.089224
-0.837340,0.115700
-0.423023,0.057930
-0.330248,0.044588
-0.696225,0.093478
-0.092752,0.012440
-0.181375,0.023869
-0.794757,0.103723
-0.752946,0.098040
-0.894406,0.116015
-0.739755,0.095938
-0.795313,0.103134
-0.175671,0.022728
-0.501893,0.064899
-0.779692,0.100080
-0.676783,0.086640
-0.791792,0.101051
-0.057340,0.007279
-0.615467,0.078061
-0.180186,0.022791
-0.121551,0.015372
-0.220826,0.027817
-0.885421,0.111343
-0.781731,0.097804
-0.840885,0.104682
-0.181212,0.022320
-0.048080,0.005864
-0.551243,0.067188
-0.837241,0.101328
-0.702587,0.084922
-0.384013,0.046412
-0.474833,0.056481
-0.113061,0.013302
-0.564227,0.066177
-0.617821,0.072443
-0.543933,0.063045
-0.291315,0.033557
-0.235143,0.026773
-0.799453,0.090344
-0.915604,0.101553
-0.194630,0.021569
-0.120971,0.013402
-0.935065,0.103439
-0.274916,0.029930
-0.370499,0.039764
-0.016423,0.001694
-0.242754,0.024997
-0.527496,0.053616
-0.651733,0.065159
-0.564860,0.056317
-0.078086,0.007620
-0.756505,0.073430
-0.503686,0.048623
-0.724554,0.068422
-0.908618,0.085094
-0.618264,0.057755
-0.259645,0.024100
-0.061678,0.005675
-0.389407,0.035283
-0.173744,0.015722
-0.600823,0.054357
-0.286044,0.025719
-0.389651,0.034945
-0.115133,0.010314
-0.145240,0.012972
-0.371489,0.032996
-0.180414,0.015925
-0.522246,0.045837
-0.080475,0.007007
-0.951097,0.082630
-0.550064,0.047127
-0.322572,0.027168
-0.191471,0.015834
-0.165162,0.013403
-0.062242,0.004882
-0.955030,0.074868
-0.124070,0.009594
-0.661041,0.050331
-0.045352,0.003441
-0.020237,0.001535
-0.350572,0.026547
-0.633280,0.047807
-0.761901,0.056964
-0.595370,0.043882
-0.766168,0.055305
-0.037874,0.002734
-0.057551,0.004125
-0.973899,0.068640
-0.638636,0.044967
-0.525824,0.036939
-0.148135,0.010306
-0.776733,0.053866
-0.166614,0.011246
-0.592721,0.039962
-0.978677,0.065789
-0.115431,0.007740
-0.263680,0.016496
-0.549816,0.034282
-0.866343,0.053229
-0.220690,0.013530
-0.869587,0.051367
-0.325164,0.019159
-0.088246,0.005161
-0.024494,0.001426
-0.242218,0.014063
-0.290994,0.016854
-0.650101,0.035747
-0.189841,0.010365
-0.958249,0.052080
-0.290994,0.015489
-0.508666,0.026508
-0.090154,0.004643
-0.185869,0.009288
-0.252135,0.012573
-0.639909,0.031552
-0.387137,0.018831
-0.328976,0.015956
-0.067697,0.003205
-0.584872,0.027026
-0.546042,0.025021
-0.166723,0.007603
-0.562430,0.024781
-0.954995,0.040943
-0.971752,0.037030
-0.289188,0.010809
-0.376067,0.013824
-0.795475,0.028435
-0.996562,0.035004
-0.846268,0.029406
-0.389429,0.013334
-0.457921,0.015327
-0.298280,0.009912
-0.961919,0.031653
-0.852576,0.027933
-0.787903,0.025779
-0.253791,0.008119
-0.091709,0.002772
-0.555844,0.016768
-0.511375,0.015060
-0.071103,0.002020
-0.139168,0.003825
-0.100976,0.002766
-0.104876,0.002677
-0.845733,0.021410
-0.538288,0.013460
-0.216760,0.005326
-0.068411,0.001667
-0.068029,0.001603
-0.168548,0.003963
-0.179857,0.004174
-0.422189,0.009326
-0.739355,0.016266
-0.348707,0.007055
-0.985301,0.019787
-0.717877,0.013346
-0.981844,0.017649
-0.562443,0.009183
-0.147958,0.002399
-0.045894,0.000738
-0.444823,0.006970
-0.168439,0.002441
-0.092251,0.001323
-0.723462,0.010288
-0.979390,0.013497
-0.731769,0.009848
-0.636996,0.008485
-0.921735,0.011815
-0.861776,0.010845
-0.522753,0.005570
-0.870634,0.009170
-0.751839,0.007615
-0.561857,0.005432
-0.104291,0.001008
-0.205837,0.001857
-0.553819,0.004920
-0.909958,0.007126
-0.611382,0.003983
-0.333758,0.002093
-0.363435,0.001976
-0.880047,0.003480
-0.908074,0.002360
-0.311558,0.000595
-0.634411,-0.000301
-0.744659,-0.000620
-0.110766,-0.000118
-0.373630,-0.000673
-0.114423,-0.000343
-0.424700,-0.001736
-0.985882,-0.005767
-0.039665,-0.000234
-0.795760,-0.005239
-0.388484,-0.002689
-0.537726,-0.004552
-0.862800,-0.008882
-0.142909,-0.001485
-0.871769,-0.011209
-0.153929,-0.002051
-0.299173,-0.004256
-0.531340,-0.008455
-0.246108,-0.003940
-0.620453,-0.010618
-0.616032,-0.011219
-0.633402,-0.011636
-0.404250,-0.007433
-0.812745,-0.015440
-0.590591,-0.011979
-0.624767,-0.013051
-0.370575,-0.007928
-0.373937,-0.008152
-0.234860,-0.005240
-0.976461,-0.022356
-0.441559,-0.010186
-0.297536,-0.007099
-0.661674,-0.016102
-0.705656,-0.017236
-0.749155,-0.018445
-0.704429,-0.017401
-0.136083,-0.003366
-0.075452,-0.001920
-0.053806,-0.001451
-0.769783,-0.021339
-0.884483,-0.025301
-0.733663,-0.021840
-0.875830,-0.026307
-0.190635,-0.005909
-0.944804,-0.029941
-0.039432,-0.001250
-0.638468,-0.020472
-0.449191,-0.014624
-0.221284,-0.007324
-0.878987,-0.029892
-0.145374,-0.004963
-0.791598,-0.027513
-0.253993,-0.008909
-0.148090,-0.005318
-0.775866,-0.028951
-0.766930,-0.028829
-0.357534,-0.013690
-0.768477,-0.029588
-0.190486,-0.007347
-0.973761,-0.037811
-0.403281,-0.015742
-0.714371,-0.028450
-0.306631,-0.012339
-0.998307,-0.040526
-0.165063,-0.006768
-0.228261,-0.009433
-0.572819,-0.023734
-0.011020,-0.000457
-0.624531,-0.026365
-0.276925,-0.011856
-0.415592,-0.018354
-0.375925,-0.016782
-0.618775,-0.028099
-0.185874,-0.008489
-0.381332,-0.019245
-0.197780,-0.010059
-0.983292,-0.051286
-0.506079,-0.026995
-0.741102,-0.039636
-0.555434,-0.029769
-0.582139,-0.031255
-0.879073,-0.047256
-0.782495,-0.042734
-0.580843,-0.032614
-0.162318,-0.009287
-0.987524,-0.056611
-0.052801,-0.003067
-0.434258,-0.025413
-0.688292,-0.041620
-0.626863,-0.038268
-0.875413,-0.053469
-0.292176,-0.017859
-0.815257,-0.049940
-0.876058,-0.054430
-0.749253,-0.047043
-0.184118,-0.011583
-0.334884,-0.021321
-0.947392,-0.061616
-0.854326,-0.055757
-0.317508,-0.020751
-0.270792,-0.017782
-0.980561,-0.065128
-0.670076,-0.044827
-0.070033,-0.004767
-0.762130,-0.052187
-0.078807,-0.005474
-0.950217,-0.066899
-0.184969,-0.013044
-0.373991,-0.026814
-0.170175,-0.012612
-0.208442,-0.015638
-0.176260,-0.013261
-0.175881,-0.013278
-0.580741,-0.044231
-0.221374,-0.016904
-0.807089,-0.062094
-0.020109,-0.001575
-0.175166,-0.013912
-0.981962,-0.079301
-0.150835,-0.012278
-0.818709,-0.067008
-0.766964,-0.064452
-0.165783,-0.014287
-0.073768,-0.006373
-0.266254,-0.023307
-0.442228,-0.038820
-0.924322,-0.081672
-0.329629,-0.029153
-0.207295,-0.018403
-0.484692,-0.044942
-0.848581,-0.078863
-0.614887,-0.057344
-0.309234,-0.029995
-0.120472,-0.011885
-0.004986,-0.000499
-0.530043,-0.053796
-0.397548,-0.040419
-0.043135,-0.004389
-0.649863,-0.066293
-0.598068,-0.061320
-0.621599,-0.064086
-0.626973,-0.065211
-0.466487,-0.048923
-0.460520,-0.048687
-0.491422,-0.052065
-0.355423,-0.037718
-0.411389,-0.043826
-0.127612,-0.013648
-0.485269,-0.052098
-0.627562,-0.067894
-0.523856,-0.057177
-0.029796,-0.003319
-0.087897,-0.009793
-0.112738,-0.012609
-0.210607,-0.023632
-0.844983,-0.094827
-0.118365,-0.013313
-0.164140,-0.018741
-0.824538,-0.094271
-0.400118,-0.045866
-0.560408,-0.064728
-0.904969,-0.106174
-0.836433,-0.098808
-0.550654,-0.065253
-0.399010,-0.047748
-0.633889,-0.076002
-0.653477,-0.078985
-0.026361,-0.003194
-0.690512,-0.083726
-0.634779,-0.077955
-0.018123,-0.002233
-0.980448,-0.120850
-0.024047,-0.003058
-0.255581,-0.032602
-0.395006,-0.050757
-0.927297,-0.119425
-0.605576,-0.078319
-0.175755,-0.022863
-0.519816,-0.068366
-0.286415,-0.037697
-0.883690,-0.116794
-0.901676,-0.119507
-0.602643,-0.080125
-0.681939,-0.092321
-0.564625,-0.077251
-0.092500,-0.012798
-0.679368,-0.094992
-0.788496,-0.111056
-0.255309,-0.035964
-0.508809,-0.071766
-0.896683,-0.126636
-0.789841,-0.112053
-0.628950,-0.091881
-0.657092,-0.096128
-0.157590,-0.023208
-0.321893,-0.047689
-0.962239,-0.143318
-0.658058,-0.098977
-0.112095,-0.016879
-0.507864,-0.077157
-0.887636,-0.135029
-0.684662,-0.105282
-0.586269,-0.090258
-0.013695,-0.002123
-0.080393,-0.012554
-0.608685,-0.095493
-0.395813,-0.062098
-0.431385,-0.068416
-0.220345,-0.035074
-0.159041,-0.025360
-0.723775,-0.119157
-0.984591,-0.162212
-0.342607,-0.056512
-0.954614,-0.159120
-0.147103,-0.024672
-0.895856,-0.150574
-0.365751,-0.061749
-0.064494,-0.010985
-0.304472,-0.051962
-0.925814,-0.160426
-0.970302,-0.168843
-0.112169,-0.019939
-0.129470,-0.023088
-0.775304,-0.138477
-0.435880,-0.078230
-0.001973,-0.000358
-0.487690,-0.088586
-0.597273,-0.109558
-0.080719,-0.014962
-0.241920,-0.045000
-0.982622,-0.182870
-0.459838,-0.086154
-0.540421,-0.101346
-0.678765,-0.127821
-0.288508,-0.054425
-0.635470,-0.120193
-0.686769,-0.132572
-0.417539,-0.080698
-0.227962,-0.044123
-0.344319,-0.067170
-0.237539,-0.046371
-0.128065,-0.025321
-0.750373,-0.148483
-0.327283,-0.064918
-0.436325,-0.086646
-0.779088,-0.156572
-0.424089,-0.086351
-0.071800,-0.014626
-0.707734,-0.144334
-0.611004,-0.124634
-0.853558,-0.174172
-0.175307,-0.035807
-0.101729,-0.020799
-0.857354,-0.175529
-0.099880,-0.020550
-0.232916,-0.047990
-0.165410,-0.034111
-0.027004,-0.005585
-0.857334,-0.177505
-0.972294,-0.201496
-0.949122,-0.196899
-0.302798,-0.063070
-0.565891,-0.118929
-0.354763,-0.075063
-0.977543,-0.207290
-0.375068,-0.080001
-0.804332,-0.172517
-0.683988,-0.147619
-0.293374,-0.063726
-0.534500,-0.116272
-0.839971,-0.183316
-0.553268,-0.122594
-0.781331,-0.173243
-0.144179,-0.031994
-0.886340,-0.197314
-0.705677,-0.157160
-0.535107,-0.119187
-0.425620,-0.094913
-0.402205,-0.089728
-0.962037,-0.215401
-0.343403,-0.077153
-0.689529,-0.155000
-0.323199,-0.072679
-0.949586,-0.216411
-0.238062,-0.054378
-0.409084,-0.093898
-0.047139,-0.010840
-0.503378,-0.115803
-0.447279,-0.103610
-0.680066,-0.157647
-0.904603,-0.209717
-0.751056,-0.174189
-0.884138,-0.205741
-0.049393,-0.011532
-0.970528,-0.227345
-0.613813,-0.144233
-0.452316,-0.106319
-0.420599,-0.099008
-0.081672,-0.019233
-0.714442,-0.169303
-0.236837,-0.056293
-0.590358,-0.140600
-0.340055,-0.081027
-0.501291,-0.119555
-0.558005,-0.133547
-0.237768,-0.057080
-0.608578,-0.146263
-0.541098,-0.130112
-0.222822,-0.053625
-0.590185,-0.142349
-0.743941,-0.179492
-0.408298,-0.098699
-0.809989,-0.196239
-0.397203,-0.096862
-0.066121,-0.016202
-0.468195,-0.115653
-0.485677,-0.120908
-0.186668,-0.046477
-0.072643,-0.018148
-0.151697,-0.037945
-0.765716,-0.192007
-0.838733,-0.210917
-0.893997,-0.224922
-0.318358,-0.080186
-0.015330,-0.003876
-0.933113,-0.235940
-0.333757,-0.084945
-0.498267,-0.127291
-0.577431,-0.148002
-0.568812,-0.146289
-0.730166,-0.188035
-0.254279,-0.065572
-0.883687,-0.228805
-0.088636,-0.023107
-0.842661,-0.220797
-0.784757,-0.205643
-0.629106,-0.165406
-0.574985,-0.152314
-0.223728,-0.059479
-0.088097,-0.023447
-0.233305,-0.062198
-0.043696,-0.011701
-0.188283,-0.050507
-0.035773,-0.009602
-0.747462,-0.200804
-0.245576,-0.066061
-0.277971,-0.075332
-0.714490,-0.194955
-0.937141,-0.256618
-0.842136,-0.230731
-0.317407,-0.087342
-0.229346,-0.063311
-0.670745,-0.185652
-0.668396,-0.185720
-0.499193,-0.139569
-0.195514,-0.054720
-0.889388,-0.248953
-0.600309,-0.168091
-0.165924,-0.046572
-0.908701,-0.255151
-0.509173,-0.142977
-0.140872,-0.039587
-0.607641,-0.171248
-0.653406,-0.186674
-0.690317,-0.198273
-0.399260,-0.114866
-0.527445,-0.151786
-0.583553,-0.168089
-0.327857,-0.094468
-0.664043,-0.191553
-0.465948,-0.134887
-0.088382,-0.025827
-0.552807,-0.162313
-0.499776,-0.147843
-0.347682,-0.102960
-0.865628,-0.256764
-0.840647,-0.249494
-0.261854,-0.077810
-0.488842,-0.145474
-0.691680,-0.206257
-0.851254,-0.255574
-0.540627,-0.162584
-0.915026,-0.276179
-0.431141,-0.130168
-0.100695,-0.030457
-0.261835,-0.080125
-0.147573,-0.045330
-0.637599,-0.196598
-0.794121,-0.245035
-0.742968,-0.229474
-0.923225,-0.285560
-0.783729,-0.243126
-0.267749,-0.083199
-0.700680,-0.218265
-0.494075,-0.154364
-0.905229,-0.283171
-0.785297,-0.247062
-0.364214,-0.115169
-0.432309,-0.136955
-0.699742,-0.222813
-0.602742,-0.192160
-0.272689,-0.086972
-0.662515,-0.211720
-0.622535,-0.200188
-0.133628,-0.042982
-0.054048,-0.017501
-0.798872,-0.259228
-0.159873,-0.051910
-0.281205,-0.091387
-0.715109,-0.234446
-0.773954,-0.254634
-0.104775,-0.034483
-0.573672,-0.189020
-0.222332,-0.073275
-0.608850,-0.200748
-0.876149,-0.291979
-0.481995,-0.161137
-0.330530,-0.110940
-0.400334,-0.134832
-0.283110,-0.095397
-0.094641,-0.032156
-0.250503,-0.085386
-0.102736,-0.035145
-0.111246,-0.038093
-0.472556,-0.165156
-0.853899,-0.300377
-0.529996,-0.188359
-0.915195,-0.325301
-0.630142,-0.224220
-0.033591,-0.011974
-0.769348,-0.274868
-0.022148,-0.007921
-0.440532,-0.157915
-0.307657,-0.111220
-0.537880,-0.194477
-0.230804,-0.083488
-0.306404,-0.111009
-0.224861,-0.081598
-0.494428,-0.179598
-0.727835,-0.265261
-0.847700,-0.310216
-0.567636,-0.207776
-0.147117,-0.053856
-0.189990,-0.069572
-0.742014,-0.272043
-0.236186,-0.086709
-0.763838,-0.280638
-0.641158,-0.235785
-0.540466,-0.198901
-0.869874,-0.322070
-0.113798,-0.042235
-0.131443,-0.048805
-0.212858,-0.079174
-0.768417,-0.288265
-0.139233,-0.052315
-0.028447,-0.010834
-0.877947,-0.334403
-0.305991,-0.116829
-0.123571,-0.047368
-0.755961,-0.290257
-0.716854,-0.276568
-0.243839,-0.094269
-0.453963,-0.175822
-0.455417,-0.176388
-0.499857,-0.193972
-0.898199,-0.349001
-0.399132,-0.155248
-0.816362,-0.317585
-0.760895,-0.296248
-0.728059,-0.283607
-0.033595,-0.013087
-0.342445,-0.134182
-0.070577,-0.027871
-0.834317,-0.329925
-0.540417,-0.213770
-0.121111,-0.048149
-0.390075,-0.155890
-0.838833,-0.336441
-0.834181,-0.334677
-0.144464,-0.057969
-0.820812,-0.329515
-0.598944,-0.240619
-0.629646,-0.253037
-0.620952,-0.249946
-0.317785,-0.128221
-0.350053,-0.141274
-0.723706,-0.293213
-0.780516,-0.318855
-0.747947,-0.309291
-0.251790,-0.104292
-0.344549,-0.143186
-0.568912,-0.236513
-0.623246,-0.259810
-0.740647,-0.309666
-0.738608,-0.309025
-0.274322,-0.115199
-0.077444,-0.032569
-0.869614,-0.365851
-0.241976,-0.101855
-0.288700,-0.121620
-0.630514,-0.265649
-0.617916,-0.260404
-0.493579,-0.208052
-0.236247,-0.100120
-0.919801,-0.391845
-0.636549,-0.271294
-0.397196,-0.169867
-0.022009,-0.009452
-0.049530,-0.021281
-0.613465,-0.264137
-0.783360,-0.338301
-0.217166,-0.093937
-0.320692,-0.138751
-0.278408,-0.120703
-0.747742,-0.324343
-0.343772,-0.149206
-0.005205,-0.002276
-0.712384,-0.312216
-0.719214,-0.315291
-0.312626,-0.137541
-0.607454,-0.267768
-0.387402,-0.170814
-0.651670,-0.288365
-0.320045,-0.141661
-0.238885,-0.105988
-0.695181,-0.309870
-0.740176,-0.330014
-0.262975,-0.117425
-0.506781,-0.226536
-0.767806,-0.345010
-0.004683,-0.002105
-0.505281,-0.227440
-0.677272,-0.306066
-0.322084,-0.146226
-0.860071,-0.391940
-0.096507,-0.044097
-0.690695,-0.315901
-0.324740,-0.148814
-0.438173,-0.200868
-0.745576,-0.341809
-0.074369,-0.034111
-0.247632,-0.113588
-0.862807,-0.396269
-0.224375,-0.103351
-0.028163,-0.013032
-0.495827,-0.230269
-0.169454,-0.078700
-0.486847,-0.226825
-0.111494,-0.051997
-0.079161,-0.036964
-0.354275,-0.165430
-0.242126,-0.113180
-0.811148,-0.379639
-0.718674,-0.337788
-0.659923,-0.311035
-0.522723,-0.248202
-0.092445,-0.043942
-0.351263,-0.167045
-0.574762,-0.274863
-0.149387,-0.071446
-0.551838,-0.264292
-0.667633,-0.320242
-0.758621,-0.364252
-0.369614,-0.177519
-0.805953,-0.387511
-0.580435,-0.279339
-0.889824,-0.429014
-0.293387,-0.141497
-0.280397,-0.135727
-0.033066,-0.016019
-0.334531,-0.163573
-0.364706,-0.178986
-0.446475,-0.219218
-0.042759,-0.021068
-0.343174,-0.169229
-0.559707,-0.276677
-0.148813,-0.073597
-0.051012,-0.025248
-0.238229,-0.118085
-0.497136,-0.247132
-0.459601,-0.228968
-0.423389,-0.211485
-0.669705,-0.334964
-0.458128,-0.230855
-0.439925,-0.222830
-0.599552,-0.306088
-0.075526,-0.038691
-0.864761,-0.445492
-0.306018,-0.157979
-0.193619,-0.100614
-0.762686,-0.396368
-0.486769,-0.253311
-0.658056,-0.342530
-0.741346,-0.386573
-0.878994,-0.458654
-0.042645,-0.022335
-0.284172,-0.149876
-0.802219,-0.423268
-0.088640,-0.046961
-0.877292,-0.465427
-0.581383,-0.308564
-0.418414,-0.222140
-0.291706,-0.155010
-0.461975,-0.245634
-0.661879,-0.352157
-0.202525,-0.107920
-0.526275,-0.280701
-0.204138,-0.109095
-0.787173,-0.422651
-0.439324,-0.236235
-0.714111,-0.384064
-0.098623,-0.053173
-0.035868,-0.019361
-0.372020,-0.201744
-0.358955,-0.194680
-0.833158,-0.453569
-0.303107,-0.165246
-0.144173,-0.078660
-0.256387,-0.139900
-0.198387,-0.108383
-0.020069,-0.010971
-0.493927,-0.270072
-0.327899,-0.179312
-0.091924,-0.050525
-0.549594,-0.302374
-0.659269,-0.362779
-0.681794,-0.375600
-0.377419,-0.207921
-0.197064,-0.108800
-0.543578,-0.300682
-0.459135,-0.253987
-0.857791,-0.476646
-0.510847,-0.284679
-0.526402,-0.293677
-0.252935,-0.141143
-0.407541,-0.227721
-0.710048,-0.397475
-0.205217,-0.115420
-0.271103,-0.152776
-0.842613,-0.474872
-0.179868,-0.101485
-0.772765,-0.436294
-0.050321,-0.028415
-0.185157,-0.104720
-0.106583,-0.060342
-0.112190,-0.063536
-0.196071,-0.111112
-0.356633,-0.202351
-0.497801,-0.282511
-0.069068,-0.039203
-0.709377,-0.403276
-0.361503,-0.206104
-0.329469,-0.188553
-0.601520,-0.344376
-0.187493,-0.107600
-0.784494,-0.451387
-0.783507,-0.450893
-0.582621,-0.335707
-0.014254,-0.008215
-0.173777,-0.100355
-0.328046,-0.189457
-0.029075,-0.016829
-0.025975,-0.015039
-0.147210,-0.085308
-0.528865,-0.306809
-0.578176,-0.335528
-0.412185,-0.239684
-0.151265,-0.088149
-0.311222,-0.181522
-0.057636,-0.033683
-0.560191,-0.328415
-0.435655,-0.255796
-0.630298,-0.370326
-0.110592,-0.065351
-0.585463,-0.346325
-0.811984,-0.481442
-0.750747,-0.445683
-0.637976,-0.378997
-0.257133,-0.153035
-0.854287,-0.508590
-0.085375,-0.050833
-0.615330,-0.367768
-0.141205,-0.084566
-0.720842,-0.431864
-0.793612,-0.475624
-0.062109,-0.037250
-0.294412,-0.176802
-0.751418,-0.452571
-0.200888,-0.121131
-0.283620,-0.171599
-0.032212,-0.019519
-0.599354,-0.363244
-0.535265,-0.324590
-0.284425,-0.172548
-0.137260,-0.083300
-0.756561,-0.459686
-0.288878,-0.176237
-0.457704,-0.279572
-0.304931,-0.186270
-0.639364,-0.391384
-0.154383,-0.094591
-0.697753,-0.429215
-0.453900,-0.279292
-0.459089,-0.282962
-0.431558,-0.266079
-0.806511,-0.497591
-0.200308,-0.123850
-0.646130,-0.400566
-0.688980,-0.429418
-0.812981,-0.506856
-0.827141,-0.516674
-0.185253,-0.115739
-0.290605,-0.181690
-0.824814,-0.516646
-0.328008,-0.205667
-0.541621,-0.342146
-0.675773,-0.427290
-0.182270,-0.115252
-0.127359,-0.080579
-0.275648,-0.174438
-0.432732,-0.274288
-0.004155,-0.002635
-0.543990,-0.345292
-0.349512,-0.222702
-0.268997,-0.171998
-0.164027,-0.105320
-0.356211,-0.228794
-0.275512,-0.177154
-0.555116,-0.357500
-0.536433,-0.346392
-0.541553,-0.350078
-0.687131,-0.444536
-0.512691,-0.332278
-0.274425,-0.177889
-0.524766,-0.340249
-0.565693,-0.366811
-0.341227,-0.221808
-0.767051,-0.499104
-0.062798,-0.040915
-0.029677,-0.019376
-0.820556,-0.536268
-0.486071,-0.318023
-0.536268,-0.351467
-0.400539,-0.262935
-0.524227,-0.346495
-0.208772,-0.138733
-0.398074,-0.266017
-0.829816,-0.554975
-0.085381,-0.057290
-0.666694,-0.448098
-0.050572,-0.034015
-0.770785,-0.519110
-0.106613,-0.072018
-0.165532,-0.111892
-0.452398,-0.305989
-0.544203,-0.368095
-0.636004,-0.430238
-0.578491,-0.391484
-0.508525,-0.344290
-0.776687,-0.526309
-0.307218,-0.210182
-0.741153,-0.509564
-0.816399,-0.561406
-0.189583,-0.130752
-0.091712,-0.063326
-0.286288,-0.197748
-0.819369,-0.566150
-0.533561,-0.369607
-0.187737,-0.130708
-0.145166,-0.101069
-0.228606,-0.159282
-0.216842,-0.151111
-0.683965,-0.476862
-0.685415,-0.477902
-0.037109,-0.025965
-0.696352,-0.487534
-0.263125,-0.184350
-0.307535,-0.216386
-0.553145,-0.389648
-0.562074,-0.397003
-0.398282,-0.281477
-0.125324,-0.088864
-0.122866,-0.087394
-0.594399,-0.422837
-0.566220,-0.403048
-0.688468,-0.491397
-0.729509,-0.522623
-0.795667,-0.570395
-0.806145,-0.578066
-0.107202,-0.077258
-0.129018,-0.093005
-0.788535,-0.570656
-0.104274,-0.075716
-0.196591,-0.143523
-0.299318,-0.218702
-0.169308,-0.123744
-0.465405,-0.341838
-0.788677,-0.580150
-0.405021,-0.298532
-0.042748,-0.031541
-0.029971,-0.022127
-0.473323,-0.349472
-0.422436,-0.312638
-0.685550,-0.507389
-0.304671,-0.225827
-0.787851,-0.584511
-0.634245,-0.470620
-0.753315,-0.559658
-0.386821,-0.288408
-0.088567,-0.066045
-0.272641,-0.203520
-0.332007,-0.248073
-0.441958,-0.331041
-0.318974,-0.239115
-0.693611,-0.520692
-0.743405,-0.558692
-0.437350,-0.328773
-0.044273,-0.033499
-0.461603,-0.349688
-0.316092,-0.239575
-0.365107,-0.277272
-0.536231,-0.408543
-0.681340,-0.519686
-0.339589,-0.259080
-0.086342,-0.065893
-0.461685,-0.353342
-0.567216,-0.434304
-0.277674,-0.213731
-0.233473,-0.179728
-0.313049,-0.241144
-0.365454,-0.282865
-0.148253,-0.114813
-0.530698,-0.411422
-0.559403,-0.433741
-0.204638,-0.159578
-0.636711,-0.497189
-0.601104,-0.469949
-0.551382,-0.432182
-0.505069,-0.396064
-0.638218,-0.500578
-0.341422,-0.267850
-0.686843,-0.540624
-0.338141,-0.266313
-0.608029,-0.479966
-0.757858,-0.598525
-0.700234,-0.553063
-0.560035,-0.443838
-0.511890,-0.406860
-0.636028,-0.506108
-0.117702,-0.093662
-0.317231,-0.253186
-0.712366,-0.569136
-0.038148,-0.030511
-0.288706,-0.230909
-0.320523,-0.257163
-0.632018,-0.508631
-0.662057,-0.534433
-0.666774,-0.538405
-0.179813,-0.146050
-0.317885,-0.259069
-0.671000,-0.547501
-0.195287,-0.159528
-0.316126,-0.258894
-0.730143,-0.598396
-0.252402,-0.206921
-0.039784,-0.032636
-0.323561,-0.265714
-0.581107,-0.477460
-0.694142,-0.570552
-0.671046,-0.552853
-0.629578,-0.518715
-0.200344,-0.165144
-0.510137,-0.421002
-0.435002,-0.359192
-0.205349,-0.169711
-0.462312,-0.384569
-0.297759,-0.247731
-0.074618,-0.062170
-0.074090,-0.061875
-0.010343,-0.008640
-0.350548,-0.293020
-0.170227,-0.142426
-0.680551,-0.569570
-0.272465,-0.228436
-0.394031,-0.330731
-0.350332,-0.294175
-0.266233,-0.223627
-0.075815,-0.063758
-0.699535,-0.588413
-0.380591,-0.320188
-0.110331,-0.092836
-0.606823,-0.512250
-0.076517,-0.064650
-0.029383,-0.024853
-0.224557,-0.190162
-0.082475,-0.070215
-0.685706,-0.583837
-0.671870,-0.572118
-0.346061,-0.294853
-0.428421,-0.365110
-0.002082,-0.001777
-0.181529,-0.154990
-0.281513,-0.240578
-0.329958,-0.282116
-0.364102,-0.311332
-0.625502,-0.535546
-0.085537,-0.073261
-0.551213,-0.473123
-0.601726,-0.516690
-0.523337,-0.450796
-0.669134,-0.576586
-0.158494,-0.136758
-0.414907,-0.358872
-0.214843,-0.186828
-0.493339,-0.432192
-0.608121,-0.534340
-0.562436,-0.494224
-0.626893,-0.551809
-0.372472,-0.327869
-0.633005,-0.557989
-0.158098,-0.139508
-0.216417,-0.191322
-0.606038,-0.536063
-0.638962,-0.565899
-0.720644,-0.639184
-0.424598,-0.376623
-0.017387,-0.015460
-0.442108,-0.393591
-0.327619,-0.291774
-0.011755,-0.010472
-0.155769,-0.139129
-0.548601,-0.490005
-0.667276,-0.596454
-0.555871,-0.497869
-0.305576,-0.274054
-0.727096,-0.653830
-0.116010,-0.104475
-0.263651,-0.238059
-0.479563,-0.434270
-0.168891,-0.153229
-0.204164,-0.185687
-0.303366,-0.276142
-0.733748,-0.668208
-0.167038,-0.152527
-0.196539,-0.179980
-0.181884,-0.166883
-0.328131,-0.302743
-0.149891,-0.138819
-0.509780,-0.472826
-0.671182,-0.622779
-0.480228,-0.446177
-0.509340,-0.473279
-0.514444,-0.478044
-0.653980,-0.607871
-0.581976,-0.542484
-0.131309,-0.122462
-0.163978,-0.153658
-0.602008,-0.564202
-0.634910,-0.595658
-0.426607,-0.401774
-0.359793,-0.338875
-0.710695,-0.669673
-0.141722,-0.133836
-0.304572,-0.287668
-0.219187,-0.207495
-0.483740,-0.458128
-0.601291,-0.569668
-0.205780,-0.195184
-0.020447,-0.019444
-0.288888,-0.275200
-0.185640,-0.176985
-0.622428,-0.593671
-0.051579,-0.049334
-0.632564,-0.606678
-0.187935,-0.180534
-0.511814,-0.493127
-0.202096,-0.194926
-0.629716,-0.607794
-0.267852,-0.258721
-0.232727,-0.224895
-0.005438,-0.005258
-0.413830,-0.401573
-0.514871,-0.500533
-0.514308,-0.501247
-0.005644,-0.005503
-0.419249,-0.409918
-0.528440,-0.517284
-0.276475,-0.271205
-0.114776,-0.113094
-0.536583,-0.529342
-0.053871,-0.053270
-0.700796,-0.696488
-0.700471,-0.697502
-0.130422,-0.129967
-0.681439,-0.680379
-0.412388,-0.412557
-0.291884,-0.293016
-0.358467,-0.360193
-0.044992,-0.045291
-0.313410,-0.315706
-0.449693,-0.455865
-0.139276,-0.141400
-0.543240,-0.551792
-0.036189,-0.036819
-0.616442,-0.627973
-0.202992,-0.206800
-0.309522,-0.315908
-0.435104,-0.444284
-0.377092,-0.385216
-0.312161,-0.319086
-0.367099,-0.375801
-0.237668,-0.243672
-0.622615,-0.640778
-0.516384,-0.531465
-0.030204,-0.031101
-0.401706,-0.413837
-0.481941,-0.496594
-0.375575,-0.387216
-0.277197,-0.286310
-0.435099,-0.449780
-0.253354,-0.262202
-0.382686,-0.396082
-0.062274,-0.065239
-0.322424,-0.338459
-0.492156,-0.517521
-0.471161,-0.496145
-0.054925,-0.057950
-0.504779,-0.532671
-0.370511,-0.391641
-0.176634,-0.187316
-0.172410,-0.183004
-0.655135,-0.696060
-0.017356,-0.018478
-0.212126,-0.226831
-0.589459,-0.630844
-0.109670,-0.117408
-0.000728,-0.000783
-0.648788,-0.699698
-0.187738,-0.202764
-0.592697,-0.640186
-0.333624,-0.361042
-0.076055,-0.082399
-0.455539,-0.495076
-0.089262,-0.097032
-0.325969,-0.356641
-0.401158,-0.439398
-0.037695,-0.041294
-0.299079,-0.327908
-0.413315,-0.453413
-0.153685,-0.168831
-0.664503,-0.731665
-0.597926,-0.659552
-0.621303,-0.685738
-0.237462,-0.262282
-0.647927,-0.716368
-0.445533,-0.492755
-0.213773,-0.236599
-0.373387,-0.413841
-0.591083,-0.655552
-0.017827,-0.019818
-0.440860,-0.490659
-0.633270,-0.705378
-0.426453,-0.475432
-0.349483,-0.390450
-0.415719,-0.465443
-0.615598,-0.690818
-0.453099,-0.508586
-0.185503,-0.208324
-0.489408,-0.550170
-0.473078,-0.532242
-0.047523,-0.053489
-0.604889,-0.681618
-0.609129,-0.687013
-0.228124,-0.258441
-0.651797,-0.738578
-0.445746,-0.505099
-0.163877,-0.185894
-0.492713,-0.559083
-0.086728,-0.098432
-0.319410,-0.362549
-0.424405,-0.481764
-0.639883,-0.726382
-0.195560,-0.222139
-0.567491,-0.644645
-0.163568,-0.185867
-0.294131,-0.334524
-0.464051,-0.528202
-0.434287,-0.496284
-0.359597,-0.411608
-0.494379,-0.566436
-0.476362,-0.547633
-0.352969,-0.407356
-0.402136,-0.467152
-0.484884,-0.564150
-0.460112,-0.535863
-0.453394,-0.528571
-0.358915,-0.418506
-0.536251,-0.626318
-0.069423,-0.081181
-0.521676,-0.610145
-0.042376,-0.049648
-0.273749,-0.320938
-0.415756,-0.487940
-0.506674,-0.596745
-0.102015,-0.120348
-0.398054,-0.469847
-0.605425,-0.715952
-0.234451,-0.277577
-0.145257,-0.172087
-0.044524,-0.052766
-0.071153,-0.084660
-0.594457,-0.711873
-0.043350,-0.051952
-0.500098,-0.600297
-0.406668,-0.488202
-0.585566,-0.705451
-0.530860,-0.640310
-0.507851,-0.612768
-0.615731,-0.743160
-0.537519,-0.649533
-0.040563,-0.049232
-0.017481,-0.021234
-0.178820,-0.217614
-0.548920,-0.668304
-0.344617,-0.419781
-0.436314,-0.531506
-0.247718,-0.301842
-0.263764,-0.322074
-0.238018,-0.290844
-0.074961,-0.091806
-0.006340,-0.007765
-0.384457,-0.472798
-0.540105,-0.664311
-0.187779,-0.231046
-0.373785,-0.460554
-0.379930,-0.468971
-0.471183,-0.582311
-0.530122,-0.655635
-0.338755,-0.420041
-0.008541,-0.010607
-0.144637,-0.179711
-0.148283,-0.184401
-0.073567,-0.091617
-0.166805,-0.208054
-0.196308,-0.245501
-0.329752,-0.412852
-0.478231,-0.599543
-0.136646,-0.171734
-0.595832,-0.749003
-0.461606,-0.580793
-0.437236,-0.550974
-0.502010,-0.632782
-0.549643,-0.694255
-0.294064,-0.371555
-0.392617,-0.496307
-0.511078,-0.649051
-0.250368,-0.318276
-0.122038,-0.155233
-0.319983,-0.407362
-0.159500,-0.203127
-0.007762,-0.009903
-0.573820,-0.732184
-0.469340,-0.599523
-0.524837,-0.671261
-0.074128,-0.094821
-0.316617,-0.406352
-0.317952,-0.408447
-0.083821,-0.108149
-0.241248,-0.311476
-0.223238,-0.288229
-0.422257,-0.545450
-0.415179,-0.536449
-0.001503,-0.001947
-0.411527,-0.534923
-0.141646,-0.184221
-0.535795,-0.696850
-0.393279,-0.512213
-0.251745,-0.329439
-0.109347,-0.143243
-0.564503,-0.741607
-0.590199,-0.776523
-0.216722,-0.286411
-0.002925,-0.003881
-0.061215,-0.081314
-0.276390,-0.367225
-0.274439,-0.364921
-0.441504,-0.588221
-0.305764,-0.408629
-0.459626,-0.614464
-0.458114,-0.613151
-0.376625,-0.504271
-0.169197,-0.227887
-0.342833,-0.463993
-0.136181,-0.184422
-0.542943,-0.736246
-0.327879,-0.447179
-0.159842,-0.218410
-0.453374,-0.620287
-0.117857,-0.161386
-0.214050,-0.294227
-0.339620,-0.467267
-0.482522,-0.663943
-0.134618,-0.185332
-0.116744,-0.160958
-0.301732,-0.416654
-0.374720,-0.517566
-0.249693,-0.345740
-0.344424,-0.477365
-0.135069,-0.187226
-0.463174,-0.642495
-0.475484,-0.660261
-0.137628,-0.191225
-0.100547,-0.139723
-0.520590,-0.723588
-0.366552,-0.509935
-0.423340,-0.590475
-0.015009,-0.020996
-0.002801,-0.003921
-0.109251,-0.152950
-0.575190,-0.806247
-0.227674,-0.319272
-0.343885,-0.482258
-0.136834,-0.192026
-0.106555,-0.149880
-0.486727,-0.687686
-0.449236,-0.634801
-0.195273,-0.276041
-0.532310,-0.756378
-0.025543,-0.036421
-0.517692,-0.739980
-0.110789,-0.158392
-0.297139,-0.426156
-0.286558,-0.411003
-0.342134,-0.491911
-0.282928,-0.409727
-0.302871,-0.439113
-0.006325,-0.009172
-0.201726,-0.292585
-0.503513,-0.732770
-0.428573,-0.624772
-0.248884,-0.363212
-0.422073,-0.616954
-0.332880,-0.488061
-0.009714,-0.014242
-0.562901,-0.825674
-0.127076,-0.186718
-0.102845,-0.152271
-0.510966,-0.757580
-0.179289,-0.266190
-0.200118,-0.298161
-0.508949,-0.758698
-0.475711,-0.709753
-0.438659,-0.654792
-0.015425,-0.023042
-0.090504,-0.135343
-0.486073,-0.731048
-0.265295,-0.399893
-0.324118,-0.489805
-0.375426,-0.568691
-0.284684,-0.431584
-0.442610,-0.671307
-0.405833,-0.615754
-0.179503,-0.272425
-0.365588,-0.555667
-0.016599,-0.025303
-0.544986,-0.831584
-0.129123,-0.197468
-0.294795,-0.451174
-0.282274,-0.432525
-0.262841,-0.404793
-0.381348,-0.588942
-0.396305,-0.614137
-0.214118,-0.332194
-0.452900,-0.702798
-0.477568,-0.742139
-0.300311,-0.466755
-0.143874,-0.223637
-0.150529,-0.234187
-0.049052,-0.076330
-0.246862,-0.384165
-0.083231,-0.129708
-0.275806,-0.431089
-0.305322,-0.477574
-0.054018,-0.084538
-0.082018,-0.128437
-0.344487,-0.541051
-0.401721,-0.633079
-0.015989,-0.025253
-0.218268,-0.345754
-0.275415,-0.437158
-0.426082,-0.678112
-0.179295,-0.286870
-0.296971,-0.476662
-0.010798,-0.017345
-0.251386,-0.405213
-0.514324,-0.830107
-0.233201,-0.376904
-0.131148,-0.211989
-0.075073,-0.121374
-0.489025,-0.797010
-0.144664,-0.235914
-0.175226,-0.286374
-0.110669,-0.181699
-0.063818,-0.105096
-0.440246,-0.726061
-0.069595,-0.114963
-0.364247,-0.603778
-0.437528,-0.725294
-0.164724,-0.274056
-0.124270,-0.206806
-0.087275,-0.145285
-0.374986,-0.626243
-0.190356,-0.318457
-0.434594,-0.729478
-0.268497,-0.450895
-0.066869,-0.112744
-0.310460,-0.524501
-0.490793,-0.829186
-0.069962,-0.118335
-0.507220,-0.858031
-0.451452,-0.764712
-0.021218,-0.036103
-0.296087,-0.503856
-0.128175,-0.218129
-0.360567,-0.613626
-0.477932,-0.813397
-0.476762,-0.813746
-0.399669,-0.683339
-0.171883,-0.295286
-0.184283,-0.317432
-0.464413,-0.800008
-0.088072,-0.151716
-0.306455,-0.530016
-0.015222,-0.026459
-0.271497,-0.472403
-0.415905,-0.723780
-0.174835,-0.305066
-0.434133,-0.759659
-0.276765,-0.484633
-0.424210,-0.743634
-0.470512,-0.826353
-0.412515,-0.724752
-0.301547,-0.530067
-0.421126,-0.745059
-0.223656,-0.397571
-0.104384,-0.185775
-0.403383,-0.718989
-0.297300,-0.529916
-0.475207,-0.847210
-0.487131,-0.868540
-0.058712,-0.104862
-0.210904,-0.377021
-0.294765,-0.529062
-0.412160,-0.742271
-0.232591,-0.419208
-0.015096,-0.027261
-0.326082,-0.589445
-0.078384,-0.142242
-0.257625,-0.467714
-0.219245,-0.398347
-0.138690,-0.251995
-0.309155,-0.562179
-0.402322,-0.734870
-0.135845,-0.248362
-0.148642,-0.271803
-0.245588,-0.449083
-0.116713,-0.213879
-0.423454,-0.778536
-0.316914,-0.583348
-0.182920,-0.336805
-0.088607,-0.163590
-0.335265,-0.620086
-0.429340,-0.794391
-0.212983,-0.394298
-0.019906,-0.036940
-0.044694,-0.083061
-0.151498,-0.284563
-0.444100,-0.835013
-0.140762,-0.264673
-0.242541,-0.456266
-0.364565,-0.686579
-0.158849,-0.300627
-0.295297,-0.559257
-0.014190,-0.026932
-0.182301,-0.346503
-0.345210,-0.656395
-0.464645,-0.884846
-0.047667,-0.090939
-0.390491,-0.748067
-0.425290,-0.815264
-0.111981,-0.215141
-0.408952,-0.792962
-0.023096,-0.044824
-0.296655,-0.576868
-0.012141,-0.023615
-0.152388,-0.297020
-0.199618,-0.389176
-0.065836,-0.128447
-0.296519,-0.578834
-0.313709,-0.613644
-0.354577,-0.696498
-0.195532,-0.384297
-0.158601,-0.312285
-0.195323,-0.386291
-0.409636,-0.810996
-0.365028,-0.723120
-0.184019,-0.364610
-0.096440,-0.191399
-0.051782,-0.102895
-0.328672,-0.653807
-0.187562,-0.373396
-0.364844,-0.726522
-0.434402,-0.866669
-0.242244,-0.483641
-0.347506,-0.699121
-0.342691,-0.689812
-0.154748,-0.312713
-0.279931,-0.566428
-0.322359,-0.652509
-0.171519,-0.347592
-0.233836,-0.474184
-0.280355,-0.568820
-0.149858,-0.304099
-0.160893,-0.327243
-0.169383,-0.345869
-0.328943,-0.673853
-0.095067,-0.194809
-0.110199,-0.225849
-0.078847,-0.161927
-0.180923,-0.372038
-0.225018,-0.462770
-0.126355,-0.259909
-0.347382,-0.717897
-0.094931,-0.196290
-0.157612,-0.326013
-0.235205,-0.489326
-0.083821,-0.174386
-0.249776,-0.521406
-0.124759,-0.260958
-0.240563,-0.503923
-0.055494,-0.116336
-0.405547,-0.850200
-0.039564,-0.083154
-0.284199,-0.598849
-0.211470,-0.445842
-0.226449,-0.479478
-0.423478,-0.899890
-0.216765,-0.460865
-0.088346,-0.187891
-0.143040,-0.304378
-0.396387,-0.844173
-0.061277,-0.130613
-0.285949,-0.612640
-0.167422,-0.359362
-0.320775,-0.690026
-0.099096,-0.213820
-0.349175,-0.755278
-0.046741,-0.101293
-0.250356,-0.543779
-0.202097,-0.439028
-0.290866,-0.633814
-0.180802,-0.394301
-0.246755,-0.538335
-0.108858,-0.237649
-0.410085,-0.897986
-0.394202,-0.864150
-0.160654,-0.352638
-0.151693,-0.333591
-0.256183,-0.563898
-0.405119,-0.896007
-0.082999,-0.183694
-0.258073,-0.571463
-0.022975,-0.050923
-0.390791,-0.867252
-0.250872,-0.557352
-0.200782,-0.446150
-0.302666,-0.673052
-0.213067,-0.473872
-0.281159,-0.625769
-0.116205,-0.258842
-0.325757,-0.727815
-0.268759,-0.601308
-0.203350,-0.455162
-0.192780,-0.431970
-0.005080,-0.011385
-0.046975,-0.105820
-0.335086,-0.758951
-0.356498,-0.808214
-0.241385,-0.547862
-0.013444,-0.030600
-0.344857,-0.786249
-0.297088,-0.677403
-0.070819,-0.161480
-0.190657,-0.434799
-0.346139,-0.789721
-0.321886,-0.736788
-0.215521,-0.495196
-0.287609,-0.662598
-0.276698,-0.639525
-0.158143,-0.365527
-0.168626,-0.390397
-0.253546,-0.589554
-0.101224,-0.235719
-0.129684,-0.302066
-0.117902,-0.274628
-0.364177,-0.849985
-0.283006,-0.661552
-0.110153,-0.259985
-0.129201,-0.305254
-0.124563,-0.294506
-0.011282,-0.026778
-0.211961,-0.504747
-0.087930,-0.209602
-0.222780,-0.531698
-0.102159,-0.245284
-0.188458,-0.452623
-0.379531,-0.911769
-0.181474,-0.436004
-0.349102,-0.840177
-0.194090,-0.467260
-0.200914,-0.483959
-0.219465,-0.530540
-0.224252,-0.542395
-0.280675,-0.682978
-0.286618,-0.699324
-0.262803,-0.642920
-0.015660,-0.038436
-0.176254,-0.434773
-0.313133,-0.772743
-0.166654,-0.411809
-0.112786,-0.278859
-0.107430,-0.265680
-0.262738,-0.650992
-0.146496,-0.363665
-0.322770,-0.803452
-0.030925,-0.076984
-0.305166,-0.761355
-0.092536,-0.231467
-0.074607,-0.187446
-0.211444,-0.532072
-0.357117,-0.898859
-0.001995,-0.005049
-0.076898,-0.194904
-0.209862,-0.531954
-0.068609,-0.174651
-0.185353,-0.473241
-0.195066,-0.500119
-0.223015,-0.573737
-0.314567,-0.809976
-0.210637,-0.542558
-0.086704,-0.227039
-0.043068,-0.113140
-0.215139,-0.569524
-0.348590,-0.923547
-0.056453,-0.149749
-0.234448,-0.622777
-0.109054,-0.290411
-0.175689,-0.468760
-0.227171,-0.608022
-0.116455,-0.312821
-0.103772,-0.278871
-0.054455,-0.146412
-0.060331,-0.162243
-0.094666,-0.255946
-0.047683,-0.129055
-0.295238,-0.803499
-0.281952,-0.767781
-0.212087,-0.578973
-0.244348,-0.668276
-0.248131,-0.679809
-0.161521,-0.442754
-0.056792,-0.156082
-0.022795,-0.062698
-0.262845,-0.723752
-0.027833,-0.076690
-0.316998,-0.874379
-0.026451,-0.073132
-0.294415,-0.815317
-0.329417,-0.912679
-0.031012,-0.085952
-0.153481,-0.425452
-0.267620,-0.742237
-0.227879,-0.632230
-0.080914,-0.225360
-0.070066,-0.195598
-0.323129,-0.909954
-0.315236,-0.889601
-0.206691,-0.583296
-0.046735,-0.132192
-0.106222,-0.302017
-0.043626,-0.124052
-0.024113,-0.069593
-0.116597,-0.336888
-0.170986,-0.494268
-0.055116,-0.160594
-0.202789,-0.591128
-0.243724,-0.711515
-0.092433,-0.270975
-0.034810,-0.102647
-0.310900,-0.918345
-0.268908,-0.797246
-0.107709,-0.320440
-0.260415,-0.776195
-0.145525,-0.434383
-0.098088,-0.293293
-0.263345,-0.790163
-0.305093,-0.916179
-0.149091,-0.447774
-0.255323,-0.769604
-0.080794,-0.244274
-0.074022,-0.223939
-0.244609,-0.741589
-0.218381,-0.663276
-0.309666,-0.942389
-0.171842,-0.524237
-0.294966,-0.908927
-0.238898,-0.738312
-0.031823,-0.098619
-0.269457,-0.837311
-0.051257,-0.159319
-0.133893,-0.416363
-0.067463,-0.211587
-0.088037,-0.276832
-0.081248,-0.255868
-0.271322,-0.858721
-0.009833,-0.031234
-0.290729,-0.924564
-0.220654,-0.703077
-0.243785,-0.778544
-0.221046,-0.707408
-0.004871,-0.015592
-0.110331,-0.353194
-0.009397,-0.030403
-0.176720,-0.573536
-0.127268,-0.413134
-0.059960,-0.195555
-0.114414,-0.373395
-0.003450,-0.011262
-0.126886,-0.414297
-0.138179,-0.451852
-0.271290,-0.887450
-0.032039,-0.104857
-0.045337,-0.148436
-0.164243,-0.539044
-0.042330,-0.139673
-0.114951,-0.380152
-0.169180,-0.560596
-0.159324,-0.528076
-0.191123,-0.633871
-0.014325,-0.047530
-0.053272,-0.177230
-0.047567,-0.158281
-0.032794,-0.109221
-0.007167,-0.024118
-0.205511,-0.695731
-0.205863,-0.701332
-0.082625,-0.281781
-0.068899,-0.234970
-0.029324,-0.100314
-0.230294,-0.795853
-0.240771,-0.839513
-0.238214,-0.830653
-0.181411,-0.633509
-0.014304,-0.049965
-0.097066,-0.339219
-0.199714,-0.704488
-0.091495,-0.323134
-0.184296,-0.652178
-0.225550,-0.807646
-0.161254,-0.579667
-0.106592,-0.383774
-0.119832,-0.431551
-0.026445,-0.095377
-0.235557,-0.849585
-0.177634,-0.642052
-0.244197,-0.884576
-0.119332,-0.432909
-0.222618,-0.812613
-0.080413,-0.293948
-0.234310,-0.858899
-0.261301,-0.959243
-0.143741,-0.528347
-0.115898,-0.426165
-0.071995,-0.265165
-0.139595,-0.514924
-0.152909,-0.564181
-0.111809,-0.412662
-0.159340,-0.589098
-0.089713,-0.332714
-0.018852,-0.069965
-0.159971,-0.593973
-0.028604,-0.106624
-0.100631,-0.376215
-0.253076,-0.947377
-0.176019,-0.660132
-0.116342,-0.436508
-0.233514,-0.881530
-0.162296,-0.612725
-0.230076,-0.876343
-0.241486,-0.921043
-0.216509,-0.827170
-0.140979,-0.538687
-0.145172,-0.556028
-0.118855,-0.455795
-0.028388,-0.108874
-0.082105,-0.316204
-0.051055,-0.197365
-0.213603,-0.830335
-0.239570,-0.931966
-0.091345,-0.355713
-0.033461,-0.130381
-0.228826,-0.892722
-0.122668,-0.479823
-0.205543,-0.804021
-0.069220,-0.271212
-0.093199,-0.367592
-0.174977,-0.692735
-0.089153,-0.357633
-0.004915,-0.019783
-0.237877,-0.958855
-0.160224,-0.647127
-0.185776,-0.751905
-0.056623,-0.229320
-0.214770,-0.873237
-0.164059,-0.667702
-0.075324,-0.306785
-0.000997,-0.004067
-0.106257,-0.435743
-0.190561,-0.786755
-0.199723,-0.831521
-0.131409,-0.549097
-0.194571,-0.823906
-0.123193,-0.524219
-0.216094,-0.922500
-0.041382,-0.176726
-0.117933,-0.506387
-0.085276,-0.368173
-0.136957,-0.591675
-0.100146,-0.433135
-0.017488,-0.075750
-0.132011,-0.573188
-0.102049,-0.443388
-0.042065,-0.183184
-0.020414,-0.089246
-0.047916,-0.210287
-0.218658,-0.961457
-0.061976,-0.272515
-0.016841,-0.074319
-0.207515,-0.922461
-0.203896,-0.908611
-0.103793,-0.462918
-0.071045,-0.317001
-0.046980,-0.210280
-0.169018,-0.757834
-0.055441,-0.248997
-0.075497,-0.339084
-0.137741,-0.619057
-0.132115,-0.601530
-0.027940,-0.127480
-0.129919,-0.593318
-0.132481,-0.606000
-0.208225,-0.958157
-0.097003,-0.446413
-0.065524,-0.303414
-0.046035,-0.213906
-0.083540,-0.399833
-0.069251,-0.333999
-0.124837,-0.603176
-0.149176,-0.721924
-0.197628,-0.970284
-0.044535,-0.218777
-0.036768,-0.182537
-0.084050,-0.419366
-0.035244,-0.177578
-0.131468,-0.666657
-0.183590,-0.938142
-0.175212,-0.896379
-0.030826,-0.157860
-0.040530,-0.207629
-0.074099,-0.381972
-0.134054,-0.691212
-0.150723,-0.779455
-0.027540,-0.143107
-0.051406,-0.267353
-0.062158,-0.325997
-0.016932,-0.088850
-0.145932,-0.767391
-0.136264,-0.717367
-0.106618,-0.563673
-0.034551,-0.183786
-0.039798,-0.211821
-0.182291,-0.970751
-0.030366,-0.161787
-0.094969,-0.506285
-0.002407,-0.012899
-0.145270,-0.778947
-0.164653,-0.883750
-0.180595,-0.971527
-0.094919,-0.513353
-0.059017,-0.320436
-0.056583,-0.312024
-0.095948,-0.538028
-0.067597,-0.379755
-0.114135,-0.642175
-0.173353,-0.976093
-0.162861,-0.919450
-0.005737,-0.032571
-0.048202,-0.273977
-0.101170,-0.577028
-0.090476,-0.528851
-0.141953,-0.846258
-0.084298,-0.503707
-0.013916,-0.083219
-0.064024,-0.387942
-0.026131,-0.159116
-0.073659,-0.449087
-0.099246,-0.608052
-0.130026,-0.808217
-0.088805,-0.556332
-0.118335,-0.741925
-0.084089,-0.531723
-0.064573,-0.412113
-0.010992,-0.070188
-0.101819,-0.652192
-0.052159,-0.334209
-0.092267,-0.606007
-0.077400,-0.508774
-0.071525,-0.476522
-0.049564,-0.332644
-0.125050,-0.850185
-0.103042,-0.701516
-0.040386,-0.276952
-0.021279,-0.146182
-0.050884,-0.350422
-0.096018,-0.661715
-0.050458,-0.350434
-0.122893,-0.853910
-0.137261,-0.957165
-0.040833,-0.285230
-0.071320,-0.499452
-0.063363,-0.450749
-0.055737,-0.396834
-0.026792,-0.191972
-0.083997,-0.603775
-0.101161,-0.728086
-0.018362,-0.132487
-0.108225,-0.781134
-0.052884,-0.383794
-0.075727,-0.552392
-0.041349,-0.303803
-0.003374,-0.024873
-0.065661,-0.484274
-0.074363,-0.563204
-0.000623,-0.004756
-0.079556,-0.612682
-0.021064,-0.162316
-0.057303,-0.441665
-0.055249,-0.428259
-0.026977,-0.209361
-0.081862,-0.642243
-0.032022,-0.254697
-0.020018,-0.159846
-0.103025,-0.823922
-0.112689,-0.902961
-0.089349,-0.720698
-0.036529,-0.296273
-0.095833,-0.793886
-0.005973,-0.049690
-0.044828,-0.373067
-0.114258,-0.955249
-0.050205,-0.427287
-0.045063,-0.386950
-0.013344,-0.117882
-0.040748,-0.360505
-0.078157,-0.704286
-0.075060,-0.680695
-0.008467,-0.077174
-0.030818,-0.281469
-0.064897,-0.597841
-0.022777,-0.210185
-0.065404,-0.603993
-0.044509,-0.416322
-0.053739,-0.503222
-0.005327,-0.050189
-0.061575,-0.582258
-0.037877,-0.361032
-0.054346,-0.518864
-0.008661,-0.083052
-0.081500,-0.790824
-0.044722,-0.435615
-0.026319,-0.264751
-0.065924,-0.673461
-0.054658,-0.559359
-0.058652,-0.605992
-0.087473,-0.913992
-0.014455,-0.151569
-0.014761,-0.156185
-0.003428,-0.036382
-0.042234,-0.451239
-0.085179,-0.923200
-0.058159,-0.633925
-0.013565,-0.148109
-0.011450,-0.125959
-0.027990,-0.309269
-0.064296,-0.721355
-0.032840,-0.369655
-0.028752,-0.328867
-0.008824,-0.102537
-0.073864,-0.873861
-0.053330,-0.636924
-0.046831,-0.571198
-0.055733,-0.683465
-0.000504,-0.006345
-0.057674,-0.746746
-0.055426,-0.720859
-0.073028,-0.954807
-0.014832,-0.195868
-0.046352,-0.617616
-0.031877,-0.425970
-0.059807,-0.804205
-0.026495,-0.356380
-0.038761,-0.526531
-0.048615,-0.662401
-0.023470,-0.321597
-0.050128,-0.687212
-0.036881,-0.510063
-0.059663,-0.841945
-0.043382,-0.612334
-0.063618,-0.902782
-0.051030,-0.740876
-0.059278,-0.881448
-0.045069,-0.682332
-0.051626,-0.799729
-0.023662,-0.368818
-0.022876,-0.357878
-0.054849,-0.881912
-0.005649,-0.091021
-0.034002,-0.558076
-0.044851,-0.736225
-0.057766,-0.954785
-0.027591,-0.456687
-0.039984,-0.669290
-0.009787,-0.166206
-0.014464,-0.247334
-0.047037,-0.820541
-0.031452,-0.553052
-0.001438,-0.025694
-0.018780,-0.338981
-0.027520,-0.496966
-0.004527,-0.082837
-0.016641,-0.306681
-0.018453,-0.340876
-0.044587,-0.827746
-0.023976,-0.447688
-0.020313,-0.391300
-0.012894,-0.249795
-0.002183,-0.044478
-0.007184,-0.146449
-0.013024,-0.277272
-0.043567,-0.933471
-0.010568,-0.226634
-0.004751,-0.102368
-0.010150,-0.220541
-0.014573,-0.316785
-0.025841,-0.567460
-0.025174,-0.553443
-0.018593,-0.411089
-0.011537,-0.260540
-0.028746,-0.653690
-0.019076,-0.442276
-0.004648,-0.110207
-0.010282,-0.244202
-0.021433,-0.514930
-0.023519,-0.588114
-0.016039,-0.403805
-0.013725,-0.346868
-0.033726,-0.852938
-0.012366,-0.316972
-0.024123,-0.685583
-0.026810,-0.767047
-0.027763,-0.801809
-0.006589,-0.201259
-0.030658,-0.952372
-0.003728,-0.120088
-0.018443,-0.596673
-0.028138,-0.927175
-0.013598,-0.461910
-0.017323,-0.594572
-0.019002,-0.688527
-0.007914,-0.300536
-0.007424,-0.282196
-0.011444,-0.447241
-0.005464,-0.236869
-0.015049,-0.677839
-0.011801,-0.548573
-0.001860,-0.090221
-0.012953,-0.634904
-0.010200,-0.504745
-0.015287,-0.827923
-0.007960,-0.449271
-0.013607,-0.822438
-0.001414,-0.086553
-0.003636,-0.229485
-0.011314,-0.715340
-0.010807,-0.694676
-0.008237,-0.545479
-0.008925,-0.622035
-0.002817,-0.197282
-0.009629,-0.724227
-0.008419,-0.692316
-0.006370,-0.557217
-0.000927,-0.091763
-0.004216,-0.456336
-0.001384,-0.175197
-0.000437,-0.062528
-0.005377,-0.850148
-0.005437,-0.887654
-0.000806,-0.149993
-0.000505,-0.094581
-0.002966,-0.649568
-0.001748,-0.536932
-0.001803,-0.999998
