0.000000,0.000000
-0.002726,0.999996
-0.003779,0.663578
-0.006976,0.634168
-0.013097,0.869114
-0.001121,0.059579
-0.001907,0.101311
-0.008913,0.467655
-0.012599,0.383324
-0.026554,0.781355
-0.019474,0.537382
-0.018597,0.452294
-0.004818,0.101696
-0.020514,0.395421
-0.029671,0.486317
-0.042319,0.621457
-0.066957,0.959900
-0.045127,0.610786
-0.054164,0.729655
-0.052525,0.689835
-0.079691,0.974213
-0.031542,0.382228
-0.031933,0.374961
-0.010002,0.116149
-0.064935,0.701957
-0.096739,0.988869
-0.016548,0.154581
-0.021792,0.192264
-0.112247,0.926435
-0.058469,0.473811
-0.068576,0.552802
-0.135742,0.989554
-0.053204,0.380749
-0.085649,0.607646
-0.144223,0.974296
-0.144883,0.978224
-0.036322,0.243588
-0.113455,0.739048
-0.073935,0.467992
-0.049742,0.305346
-0.139673,0.854202
-0.006848,0.041176
-0.007099,0.042053
-0.093286,0.550786
-0.118409,0.688028
-0.160443,0.919934
-0.035113,0.200843
-0.053404,0.286700
-0.151029,0.792119
-0.048065,0.249598
-0.110736,0.564466
-0.038745,0.193478
-0.128727,0.632864
-0.109438,0.522808
-0.066846,0.315738
-0.166069,0.767081
-0.048787,0.222784
-0.071057,0.320267
-0.132260,0.560645
-0.097421,0.409124
-0.111494,0.447797
-0.171088,0.677626
-0.187900,0.733070
-0.003689,0.014135
-0.124132,0.463145
-0.030452,0.110971
-0.011617,0.042056
-0.014083,0.050787
-0.127756,0.460458
-0.181993,0.628454
-0.195436,0.663553
-0.264012,0.889866
-0.276829,0.907406
-0.174359,0.562052
-0.073784,0.233642
-0.260681,0.824532
-0.102280,0.306201
-0.278326,0.822636
-0.006036,0.017733
-0.292000,0.857509
-0.139292,0.408710
-0.128191,0.372152
-0.006655,0.019268
-0.240873,0.692680
-0.188240,0.536937
-0.089658,0.255236
-0.226826,0.642817
-0.296743,0.835234
-0.290810,0.814627
-0.336528,0.913053
-0.309631,0.838514
-0.160367,0.433147
-0.158355,0.420564
-0.220669,0.582233
-0.038595,0.101476
-0.293816,0.772302
-0.075229,0.194979
-0.370191,0.924972
-0.280915,0.699061
-0.040441,0.100333
-0.041490,0.102824
-0.301405,0.738350
-0.303806,0.733401
-0.169143,0.399997
-0.261486,0.614657
-0.286147,0.651842
-0.024018,0.054697
-0.040261,0.089417
-0.399407,0.886926
-0.113954,0.245487
-0.226365,0.487558
-0.072160,0.154329
-0.024093,0.050963
-0.095443,0.200701
-0.313685,0.655754
-0.394957,0.792875
-0.079499,0.158151
-0.259364,0.514086
-0.414858,0.820981
-0.277536,0.546784
-0.144774,0.281574
-0.123114,0.238049
-0.369327,0.711314
-0.201776,0.385018
-0.085374,0.162347
-0.256925,0.483206
-0.271639,0.497175
-0.156376,0.285531
-0.264044,0.481963
-0.062939,0.114314
-0.226223,0.408982
-0.005490,0.009901
-0.216012,0.388876
-0.351126,0.623367
-0.114254,0.201580
-0.037545,0.066025
-0.487529,0.855084
-0.016856,0.029482
-0.038288,0.066812
-0.380293,0.663152
-0.492617,0.854280
-0.016827,0.029070
-0.074765,0.128663
-0.031366,0.053438
-0.266516,0.441847
-0.435291,0.719051
-0.437578,0.710048
-0.125342,0.200449
-0.302653,0.483747
-0.242111,0.385849
-0.417588,0.663950
-0.139749,0.222073
-0.431426,0.681917
-0.505154,0.797635
-0.342853,0.538506
-0.510865,0.799663
-0.208883,0.325130
-0.022932,0.035639
-0.307161,0.474611
-0.235519,0.363297
-0.124403,0.191347
-0.385499,0.592369
-0.475277,0.721050
-0.253955,0.384995
-0.180474,0.272789
-0.309935,0.468284
-0.144060,0.217293
-0.192973,0.287693
-0.309632,0.458571
-0.538296,0.796179
-0.131529,0.193612
-0.528260,0.775705
-0.469981,0.676437
-0.462370,0.664819
-0.131448,0.187950
-0.448742,0.641571
-0.300437,0.429113
-0.316777,0.450334
-0.371441,0.517360
-0.303898,0.420088
-0.521914,0.719736
-0.009831,0.013521
-0.009289,0.012623
-0.383936,0.510606
-0.027909,0.036904
-0.045271,0.059284
-0.419215,0.548520
-0.023799,0.031119
-0.560824,0.716359
-0.550821,0.698306
-0.068756,0.087151
-0.555967,0.702970
-0.197957,0.249646
-0.130222,0.164143
-0.215262,0.270840
-0.232233,0.291781
-0.529576,0.663792
-0.502244,0.624995
-0.136985,0.170353
-0.623607,0.775409
-0.114129,0.141476
-0.088932,0.108618
-0.260797,0.314585
-0.487774,0.582083
-0.606770,0.722900
-0.181872,0.215714
-0.165869,0.194261
-0.648562,0.758299
-0.195777,0.228403
-0.581791,0.678476
-0.294754,0.343421
-0.219803,0.255296
-0.654498,0.755879
-0.498293,0.570505
-0.052189,0.058775
-0.663328,0.744109
-0.205272,0.228299
-0.213467,0.236738
-0.044086,0.048746
-0.465708,0.512359
-0.326023,0.358188
-0.178541,0.195810
-0.184298,0.201725
-0.026855,0.029308
-0.638181,0.695974
-0.174756,0.190221
-0.312414,0.339433
-0.527573,0.571410
-0.135408,0.146322
-0.193013,0.208467
-0.108046,0.115789
-0.432357,0.463317
-0.599119,0.641215
-0.472097,0.504235
-0.406948,0.433802
-0.598711,0.637235
-0.560719,0.595842
-0.437182,0.461962
-0.209579,0.220093
-0.678378,0.712134
-0.400332,0.419804
-0.530778,0.554969
-0.147762,0.154382
-0.394799,0.412461
-0.479369,0.499648
-0.021215,0.022092
-0.614772,0.637504
-0.324921,0.334252
-0.260512,0.266972
-0.097061,0.099450
-0.461887,0.470143
-0.259978,0.264518
-0.532527,0.533212
-0.384238,0.381488
-0.075457,0.074556
-0.044117,0.043559
-0.250537,0.246625
-0.705133,0.687385
-0.621298,0.604695
-0.558761,0.542574
-0.006289,0.006094
-0.556835,0.537878
-0.671901,0.642599
-0.196859,0.188003
-0.321872,0.305991
-0.076952,0.073151
-0.604559,0.571617
-0.170981,0.161023
-0.518713,0.487374
-0.405261,0.378522
-0.575970,0.536770
-0.148373,0.136790
-0.009044,0.008291
-0.140390,0.127799
-0.085839,0.077980
-0.065370,0.059343
-0.334563,0.302748
-0.741747,0.668077
-0.525642,0.463605
-0.541751,0.477286
-0.253307,0.222327
-0.753762,0.655484
-0.175470,0.151210
-0.427033,0.364334
-0.551597,0.467416
-0.455910,0.386300
-0.361748,0.302328
-0.229214,0.190411
-0.541760,0.449753
-0.236352,0.196097
-0.459532,0.373032
-0.434157,0.350667
-0.097627,0.078729
-0.598117,0.466748
-0.375215,0.287017
-0.474739,0.363019
-0.080002,0.060686
-0.036929,0.027971
-0.522889,0.394474
-0.228072,0.168424
-0.510960,0.375637
-0.299228,0.217696
-0.230464,0.167666
-0.466820,0.338975
-0.614540,0.444037
-0.365195,0.263632
-0.052988,0.037929
-0.152654,0.108547
-0.153441,0.108571
-0.810049,0.573043
-0.435204,0.306309
-0.586687,0.411293
-0.170397,0.118340
-0.054372,0.037678
-0.078013,0.053209
-0.240435,0.163135
-0.569186,0.385149
-0.050612,0.033963
-0.079366,0.053256
-0.507046,0.338578
-0.184486,0.122651
-0.075802,0.049386
-0.022173,0.014408
-0.645606,0.415221
-0.423131,0.271432
-0.205237,0.128878
-0.814984,0.507878
-0.676512,0.417302
-0.700253,0.427073
-0.769865,0.465967
-0.430776,0.260013
-0.246245,0.148596
-0.264038,0.158523
-0.223604,0.131805
-0.464194,0.273480
-0.016537,0.009726
-0.737508,0.433584
-0.762591,0.446361
-0.638352,0.372234
-0.539105,0.314195
-0.654674,0.376808
-0.659363,0.375292
-0.379996,0.215495
-0.689971,0.390979
-0.871543,0.482325
-0.136926,0.075087
-0.476916,0.259419
-0.194224,0.105507
-0.765074,0.412198
-0.509905,0.272606
-0.579195,0.305792
-0.461355,0.242128
-0.317360,0.165843
-0.151522,0.079164
-0.867696,0.447420
-0.768218,0.395493
-0.373948,0.192195
-0.484155,0.246789
-0.206271,0.104947
-0.882329,0.441134
-0.225362,0.111436
-0.376327,0.185946
-0.876303,0.430997
-0.210659,0.103242
-0.202389,0.098809
-0.648718,0.315861
-0.447899,0.216342
-0.750341,0.358152
-0.569639,0.270314
-0.806817,0.380436
-0.782816,0.368594
-0.262027,0.122924
-0.643052,0.300550
-0.902593,0.419557
-0.274384,0.127120
-0.170332,0.078743
-0.365072,0.166371
-0.232173,0.104054
-0.772154,0.346057
-0.211604,0.094320
-0.118883,0.052395
-0.381707,0.167211
-0.165389,0.071937
-0.056077,0.023968
-0.307778,0.131510
-0.458494,0.192819
-0.844193,0.354683
-0.614493,0.256827
-0.639521,0.265885
-0.691558,0.287127
-0.135320,0.056170
-0.058454,0.023790
-0.003250,0.001304
-0.503205,0.201247
-0.553000,0.216737
-0.760986,0.297030
-0.045234,0.017623
-0.743421,0.289239
-0.349785,0.134810
-0.510437,0.196090
-0.109099,0.041817
-0.670368,0.256887
-0.327702,0.125391
-0.220124,0.083903
-0.475064,0.180336
-0.468134,0.177183
-0.814179,0.306015
-0.333430,0.124467
-0.586144,0.216487
-0.888408,0.327264
-0.459864,0.169340
-0.060515,0.022223
-0.863085,0.309426
-0.030104,0.010664
-0.002914,0.001006
-0.510173,0.174269
-0.135425,0.046140
-0.917836,0.312545
-0.862689,0.293528
-0.389066,0.131699
-0.209744,0.069981
-0.255817,0.084239
-0.184793,0.060585
-0.727047,0.229757
-0.785901,0.246642
-0.401229,0.124642
-0.105553,0.032718
-0.133925,0.041496
-0.210840,0.065177
-0.698600,0.213953
-0.574802,0.175949
-0.628382,0.191949
-0.950690,0.281985
-0.948679,0.276927
-0.157824,0.044781
-0.478315,0.135056
-0.670052,0.188961
-0.916994,0.249082
-0.072567,0.019618
-0.622624,0.168007
-0.225087,0.060477
-0.824152,0.216186
-0.473277,0.123075
-0.517547,0.133498
-0.883310,0.227614
-0.944658,0.239120
-0.845412,0.213304
-0.582214,0.145336
-0.021667,0.005384
-0.558153,0.138529
-0.315414,0.076392
-0.793602,0.191710
-0.965181,0.233006
-0.885500,0.207387
-0.535091,0.122244
-0.890140,0.200240
-0.651491,0.146471
-0.174632,0.037378
-0.797412,0.164389
-0.377712,0.077278
-0.796213,0.162345
-0.577316,0.115815
-0.367447,0.073094
-0.127268,0.024831
-0.082240,0.016007
-0.952620,0.182164
-0.390387,0.072619
-0.136602,0.024848
-0.898579,0.162782
-0.558644,0.095276
-0.688048,0.115383
-0.638943,0.101294
-0.625357,0.095629
-0.856581,0.126340
-0.075520,0.011056
-0.288013,0.040984
-0.387647,0.054816
-0.100713,0.014108
-0.794159,0.111170
-0.504586,0.068567
-0.380512,0.047932
-0.637875,0.079121
-0.060609,0.007417
-0.668937,0.081469
-0.928409,0.112115
-0.285175,0.034141
-0.510508,0.059518
-0.291834,0.030978
-0.451712,0.047527
-0.936630,0.091255
-0.957484,0.089893
-0.542666,0.045740
-0.015119,0.001223
-0.608807,0.045586
-0.414100,0.030588
-0.175510,0.011725
-0.261180,0.017219
-0.972721,0.062877
-0.764306,0.045955
-0.887032,0.052356
-0.565378,0.032497
-0.960210,0.054102
-0.361564,0.018496
-0.496425,0.024886
-0.512834,0.023905
-0.286766,0.009462
-0.039792,0.001277
-0.611245,0.019287
-0.639120,0.017838
-0.938155,0.025560
-0.928825,0.023929
-0.879523,0.022136
-0.534483,0.011493
-0.960670,0.018635
-0.381497,0.005056
-0.078087,0.000348
-0.124894,0.000416
-0.884238,0.000308
-0.541980,-0.000530
-0.713036,-0.002552
-0.686612,-0.004069
-0.934801,-0.009827
-0.417691,-0.004399
-0.840194,-0.010063
-0.826307,-0.010660
-0.986410,-0.016821
-0.854726,-0.015746
-0.324247,-0.008178
-0.321429,-0.011297
-0.310297,-0.011435
-0.915606,-0.035295
-0.166372,-0.007034
-0.284648,-0.012134
-0.235009,-0.010417
-0.093112,-0.004334
-0.801100,-0.037345
-0.064139,-0.003722
-0.690907,-0.040494
-0.163880,-0.009869
-0.472524,-0.032069
-0.058715,-0.003996
-0.682802,-0.046806
-0.753043,-0.054189
-0.035639,-0.002570
-0.303718,-0.022430
-0.357226,-0.027402
-0.387408,-0.031252
-0.331812,-0.027119
-0.633109,-0.053021
-0.236525,-0.020447
-0.124629,-0.010929
-0.992410,-0.088926
-0.253856,-0.024740
-0.390683,-0.040866
-0.361908,-0.037882
-0.137640,-0.014712
-0.637134,-0.070716
-0.431611,-0.048973
-0.887681,-0.106666
-0.436745,-0.054985
-0.794134,-0.104886
-0.807945,-0.109952
-0.954332,-0.134480
-0.066736,-0.009445
-0.901174,-0.127726
-0.603683,-0.090305
-0.781960,-0.123713
-0.013103,-0.002116
-0.275865,-0.045978
-0.923592,-0.161429
-0.630577,-0.113208
-0.192548,-0.034838
-0.548482,-0.099437
-0.570300,-0.103423
-0.673049,-0.123953
-0.341419,-0.063943
-0.915264,-0.171567
-0.713322,-0.135126
-0.489286,-0.094305
-0.771747,-0.155390
-0.346143,-0.070844
-0.264186,-0.055269
-0.420708,-0.090333
-0.817687,-0.178682
-0.289087,-0.063696
-0.218002,-0.049677
-0.074789,-0.017089
-0.662207,-0.152494
-0.342083,-0.080141
-0.579861,-0.136386
-0.779906,-0.194765
-0.869950,-0.223784
-0.830443,-0.217612
-0.575902,-0.151314
-0.561957,-0.147963
-0.750143,-0.219390
-0.400529,-0.120152
-0.229721,-0.069711
-0.917794,-0.280313
-0.364944,-0.111463
-0.581408,-0.181873
-0.356468,-0.114725
-0.260070,-0.084809
-0.405042,-0.133599
-0.835376,-0.277101
-0.214237,-0.071828
-0.426507,-0.145437
-0.011300,-0.003864
-0.656467,-0.226156
-0.600142,-0.207185
-0.307305,-0.106188
-0.229578,-0.080132
-0.130690,-0.045923
-0.205847,-0.073580
-0.063015,-0.022579
-0.614459,-0.222225
-0.643260,-0.238787
-0.512085,-0.193133
-0.598114,-0.227319
-0.888345,-0.346722
-0.775748,-0.307337
-0.117507,-0.046930
-0.647839,-0.261958
-0.627992,-0.262698
-0.533878,-0.225966
-0.273400,-0.116301
-0.223713,-0.095367
-0.676063,-0.292144
-0.484810,-0.215141
-0.150943,-0.067517
-0.335824,-0.150816
-0.348110,-0.156965
-0.287431,-0.130167
-0.308893,-0.141663
-0.491481,-0.225561
-0.122912,-0.056972
-0.625339,-0.296175
-0.416131,-0.199104
-0.389105,-0.187507
-0.080261,-0.038755
-0.315214,-0.153690
-0.575635,-0.281736
-0.831798,-0.411677
-0.408940,-0.204037
-0.869215,-0.446352
-0.392711,-0.201906
-0.226001,-0.116786
-0.798839,-0.419168
-0.381853,-0.201125
-0.460278,-0.243573
-0.652846,-0.345539
-0.564067,-0.307825
-0.200302,-0.109735
-0.261398,-0.145278
-0.287887,-0.160115
-0.158037,-0.088986
-0.266301,-0.150275
-0.151015,-0.085697
-0.577954,-0.331089
-0.203497,-0.116725
-0.538405,-0.310868
-0.744114,-0.441942
-0.464032,-0.278810
-0.566589,-0.342950
-0.238815,-0.145138
-0.802676,-0.492656
-0.518414,-0.322503
-0.135864,-0.084797
-0.670312,-0.419211
-0.606732,-0.382171
-0.290921,-0.184599
-0.308011,-0.195735
-0.508258,-0.323501
-0.403119,-0.257544
-0.739156,-0.476201
-0.141447,-0.091344
-0.196829,-0.127503
-0.701960,-0.454798
-0.375571,-0.244832
-0.027154,-0.017875
-0.312629,-0.205925
-0.719762,-0.478688
-0.750801,-0.500966
-0.769603,-0.514705
-0.809508,-0.546463
-0.509322,-0.344113
-0.258576,-0.174777
-0.711070,-0.487957
-0.079187,-0.054714
-0.699364,-0.483303
-0.751665,-0.522048
-0.614727,-0.427685
-0.184354,-0.129659
-0.258631,-0.182806
-0.728938,-0.516580
-0.440447,-0.312230
-0.444475,-0.315332
-0.697934,-0.495491
-0.717238,-0.510120
-0.578526,-0.412256
-0.501806,-0.357923
-0.264927,-0.189760
-0.696166,-0.503446
-0.707849,-0.512549
-0.568492,-0.412164
-0.588534,-0.440125
-0.401176,-0.304120
-0.372353,-0.282621
-0.261867,-0.201335
-0.162505,-0.125240
-0.306764,-0.236494
-0.061668,-0.048497
-0.293014,-0.235723
-0.655624,-0.528812
-0.358745,-0.290218
-0.123319,-0.100157
-0.340587,-0.277996
-0.367799,-0.301523
-0.503018,-0.413764
-0.401660,-0.330905
-0.494173,-0.408544
-0.493986,-0.408610
-0.646603,-0.537143
-0.091656,-0.078192
-0.755475,-0.645023
-0.135258,-0.118104
-0.003748,-0.003280
-0.224281,-0.197984
-0.090529,-0.080129
-0.587032,-0.523652
-0.524458,-0.468454
-0.722746,-0.648036
-0.352141,-0.316460
-0.196241,-0.176986
-0.464441,-0.419098
-0.181114,-0.166310
-0.724443,-0.673205
-0.063071,-0.058793
-0.697221,-0.650940
-0.266853,-0.249545
-0.232821,-0.221853
-0.459265,-0.437851
-0.010842,-0.010341
-0.631290,-0.602242
-0.713095,-0.683852
-0.044746,-0.042926
-0.597783,-0.583346
-0.215934,-0.212697
-0.197911,-0.195260
-0.241438,-0.239829
-0.650330,-0.647292
-0.082991,-0.083139
-0.302729,-0.304048
-0.352062,-0.363155
-0.434316,-0.448511
-0.469418,-0.487922
-0.123854,-0.129053
-0.661672,-0.698046
-0.341987,-0.360930
-0.075815,-0.080157
-0.365647,-0.389192
-0.003947,-0.004235
-0.405745,-0.438930
-0.436665,-0.476291
-0.528164,-0.578230
-0.079970,-0.088137
-0.158638,-0.176973
-0.203430,-0.227266
-0.082924,-0.093398
-0.509427,-0.580147
-0.433259,-0.493470
-0.498163,-0.569171
-0.107659,-0.123177
-0.452264,-0.522764
-0.397203,-0.460507
-0.376397,-0.437692
-0.064064,-0.074777
-0.334385,-0.391597
-0.477754,-0.560553
-0.089362,-0.105747
-0.057147,-0.067650
-0.526083,-0.623636
-0.147330,-0.174806
-0.387108,-0.467403
-0.176735,-0.214305
-0.575659,-0.699457
-0.191972,-0.234706
-0.593436,-0.732713
-0.365885,-0.453677
-0.509820,-0.639386
-0.057547,-0.072180
-0.403630,-0.509169
-0.315763,-0.399232
-0.033146,-0.042038
-0.083764,-0.107837
-0.148306,-0.192390
-0.099124,-0.129956
-0.219430,-0.290952
-0.158832,-0.212142
-0.456884,-0.614002
-0.112988,-0.152158
-0.405530,-0.548730
-0.347202,-0.470665
-0.357563,-0.489547
-0.549213,-0.762987
-0.454593,-0.640005
-0.519978,-0.732828
-0.028410,-0.040101
-0.251357,-0.355706
-0.436624,-0.625645
-0.025140,-0.037690
-0.136894,-0.206629
-0.114141,-0.172452
-0.478548,-0.725980
-0.179825,-0.273101
-0.184376,-0.282719
-0.346489,-0.534665
-0.345620,-0.546870
-0.474713,-0.759229
-0.269827,-0.432959
-0.396120,-0.652223
-0.247344,-0.410939
-0.091525,-0.152406
-0.468258,-0.790452
-0.058733,-0.100884
-0.474617,-0.821362
-0.358617,-0.620728
-0.246370,-0.427389
-0.447743,-0.779175
-0.042104,-0.073287
-0.054310,-0.097484
-0.319598,-0.575445
-0.455635,-0.823019
-0.084230,-0.152994
-0.039594,-0.072469
-0.120437,-0.221989
-0.000942,-0.001738
-0.104330,-0.194109
-0.074648,-0.140048
-0.387791,-0.730363
-0.093457,-0.176485
-0.209168,-0.397824
-0.458129,-0.879701
-0.224687,-0.432898
-0.095104,-0.184603
-0.384741,-0.750029
-0.420041,-0.822365
-0.059782,-0.117589
-0.164529,-0.323700
-0.110842,-0.218119
-0.405825,-0.810524
-0.390120,-0.780067
-0.042836,-0.086705
-0.433977,-0.885109
-0.114678,-0.235993
-0.130411,-0.271194
-0.214820,-0.449566
-0.278705,-0.588856
-0.213636,-0.463499
-0.195300,-0.425177
-0.174289,-0.380883
-0.314739,-0.690407
-0.064369,-0.141581
-0.049024,-0.108343
-0.020332,-0.045004
-0.200856,-0.447348
-0.115513,-0.258286
-0.169315,-0.383108
-0.019316,-0.043931
-0.277278,-0.633198
-0.353553,-0.809718
-0.196160,-0.450025
-0.181817,-0.418574
-0.131667,-0.304001
-0.069478,-0.160554
-0.212684,-0.492518
-0.354283,-0.821747
-0.013430,-0.031845
-0.226905,-0.541970
-0.152221,-0.375153
-0.322948,-0.801635
-0.237305,-0.590120
-0.326159,-0.834972
-0.273458,-0.714924
-0.245549,-0.650555
-0.019596,-0.052005
-0.178348,-0.477867
-0.196028,-0.528900
-0.254823,-0.695152
-0.034010,-0.092913
-0.079821,-0.219779
-0.312513,-0.861275
-0.284306,-0.792599
-0.015450,-0.043229
-0.232581,-0.671708
-0.087703,-0.254317
-0.160327,-0.468226
-0.003052,-0.008935
-0.064555,-0.191500
-0.092707,-0.283720
-0.146314,-0.451199
-0.082189,-0.253803
-0.007475,-0.023235
-0.268425,-0.846477
-0.132802,-0.420181
-0.214595,-0.679218
-0.221657,-0.702647
-0.042797,-0.136871
-0.174929,-0.568011
-0.198319,-0.650994
-0.151612,-0.506438
-0.182372,-0.616802
-0.021218,-0.072182
-0.269797,-0.938572
-0.113349,-0.394850
-0.250422,-0.876549
-0.157786,-0.554084
-0.041834,-0.148086
-0.063349,-0.227596
-0.172708,-0.624679
-0.154251,-0.558641
-0.173824,-0.653526
-0.004384,-0.016603
-0.084842,-0.322108
-0.064865,-0.250722
-0.040902,-0.158961
-0.139021,-0.548920
-0.141209,-0.597838
-0.041649,-0.176542
-0.002213,-0.009510
-0.055855,-0.240920
-0.186339,-0.811753
-0.109946,-0.489355
-0.021473,-0.097205
-0.076318,-0.346257
-0.064903,-0.302211
-0.051661,-0.242575
-0.019585,-0.092570
-0.035183,-0.172264
-0.150260,-0.736189
-0.003052,-0.015037
-0.117800,-0.587768
-0.027122,-0.136757
-0.179709,-0.906197
-0.023073,-0.123146
-0.093431,-0.503987
-0.174029,-0.946376
-0.021217,-0.117700
-0.044818,-0.253898
-0.001034,-0.005867
-0.078355,-0.444823
-0.109776,-0.623515
-0.113691,-0.688417
-0.137578,-0.842807
-0.025920,-0.161445
-0.039243,-0.249940
-0.124722,-0.886239
-0.087154,-0.629325
-0.047097,-0.340647
-0.125741,-0.916059
-0.005324,-0.039758
-0.017412,-0.131041
-0.105687,-0.801044
-0.088389,-0.686593
-0.090371,-0.716556
-0.006356,-0.051472
-0.004547,-0.037818
-0.076643,-0.660481
-0.070539,-0.639746
-0.051458,-0.473931
-0.033550,-0.309242
-0.011596,-0.110421
-0.080646,-0.782954
-0.083803,-0.825408
-0.043991,-0.446112
-0.009922,-0.104769
-0.073063,-0.783987
-0.056975,-0.614980
-0.043292,-0.485239
-0.026806,-0.303183
-0.075276,-0.970955
-0.027915,-0.408340
-0.048435,-0.933504
-0.035346,-0.717367
-0.021958,-0.470960
-0.008621,-0.196119
-0.029732,-0.730484
-0.005635,-0.156374
-0.014969,-0.420529
-0.004294,-0.221574
-0.005347,-0.316454
-0.013580,-0.806053
-0.003749,-0.307633
-0.007435,-0.649544
-0.007117,-0.713044
-0.002057,-0.343625
-0.002699,-0.648373
-0.000391,-0.095182
-0.000465,-0.143851
-0.000855,-1.000000
