0.000000,0.000000
-0.006398,0.999980
-0.006002,0.839686
-0.007529,0.809263
-0.007351,0.673606
-0.008943,0.622865
-0.006232,0.327765
-0.018588,0.939347
-0.009076,0.420494
-0.001589,0.069313
-0.024361,0.938896
-0.019606,0.705351
-0.032220,0.981529
-0.030829,0.904722
-0.038416,0.855467
-0.000524,0.011498
-0.020361,0.343266
-0.024686,0.365440
-0.025765,0.306541
-0.084130,0.881818
-0.011017,0.109729
-0.088224,0.832684
-0.037606,0.344333
-0.045145,0.397355
-0.093984,0.807404
-0.048761,0.378916
-0.032510,0.249037
-0.074780,0.548757
-0.053673,0.389268
-0.111495,0.788070
-0.106080,0.739986
-0.127430,0.887198
-0.063591,0.438763
-0.127451,0.876403
-0.080477,0.552565
-0.109413,0.726677
-0.001234,0.008154
-0.135051,0.839628
-0.073114,0.441815
-0.117012,0.704813
-0.106613,0.627989
-0.174454,0.975283
-0.067767,0.363255
-0.011093,0.058540
-0.008562,0.045113
-0.150558,0.738775
-0.052096,0.254820
-0.085913,0.414675
-0.166441,0.784512
-0.106191,0.498394
-0.180957,0.845425
-0.186856,0.864637
-0.001575,0.007282
-0.082176,0.365211
-0.033408,0.142754
-0.048861,0.208478
-0.164613,0.681662
-0.151988,0.602670
-0.093640,0.366098
-0.048175,0.185988
-0.171076,0.660071
-0.190016,0.725944
-0.032403,0.123415
-0.139528,0.530879
-0.073228,0.278230
-0.136119,0.510550
-0.022122,0.081271
-0.073806,0.267721
-0.166280,0.602293
-0.231032,0.828631
-0.197223,0.695968
-0.068543,0.240134
-0.160751,0.548784
-0.059921,0.198409
-0.091858,0.302348
-0.055222,0.180217
-0.102889,0.327023
-0.263458,0.828961
-0.040962,0.126493
-0.057794,0.172820
-0.186203,0.553454
-0.117186,0.345721
-0.032583,0.093909
-0.173601,0.492642
-0.240057,0.677052
-0.190064,0.534497
-0.089504,0.249602
-0.070319,0.195351
-0.037077,0.101368
-0.209941,0.569996
-0.326015,0.879056
-0.008284,0.022252
-0.049741,0.133548
-0.211220,0.566610
-0.349851,0.926360
-0.285055,0.748387
-0.365787,0.900250
-0.040789,0.099716
-0.358296,0.839397
-0.043210,0.101077
-0.212734,0.495185
-0.000114,0.000263
-0.081743,0.187866
-0.082985,0.190290
-0.351509,0.791818
-0.159879,0.358548
-0.217130,0.482239
-0.243189,0.525257
-0.077832,0.167814
-0.065778,0.140754
-0.349627,0.747040
-0.012943,0.027084
-0.185728,0.380774
-0.111157,0.225814
-0.388760,0.777065
-0.265833,0.526681
-0.284679,0.558236
-0.037849,0.074110
-0.299852,0.573792
-0.101306,0.192179
-0.141379,0.266318
-0.129701,0.243827
-0.072562,0.135140
-0.203139,0.378158
-0.030117,0.055894
-0.251919,0.463609
-0.244804,0.446123
-0.142090,0.257968
-0.282691,0.509998
-0.156449,0.280777
-0.311357,0.556977
-0.292322,0.519107
-0.092839,0.164124
-0.470074,0.821528
-0.297737,0.514288
-0.370557,0.629153
-0.331161,0.560195
-0.031629,0.052397
-0.275740,0.456351
-0.295797,0.487037
-0.260402,0.426995
-0.214189,0.343515
-0.418366,0.665084
-0.338156,0.526607
-0.534122,0.824783
-0.518158,0.790808
-0.536312,0.814688
-0.082535,0.125236
-0.539855,0.815863
-0.213263,0.319894
-0.547449,0.818145
-0.309094,0.455982
-0.095137,0.137663
-0.233466,0.335825
-0.554314,0.780347
-0.065570,0.091358
-0.496991,0.681611
-0.329147,0.448850
-0.426079,0.580367
-0.443544,0.597397
-0.552557,0.741500
-0.165852,0.220941
-0.266630,0.352878
-0.241834,0.317591
-0.322504,0.415995
-0.432028,0.555838
-0.224405,0.285439
-0.149753,0.189106
-0.171330,0.215790
-0.423216,0.519001
-0.198106,0.241980
-0.122357,0.148084
-0.021346,0.025689
-0.583827,0.702092
-0.423571,0.509370
-0.118930,0.142565
-0.477513,0.571184
-0.177778,0.210651
-0.354364,0.418917
-0.306116,0.358982
-0.296235,0.342259
-0.003012,0.003396
-0.573496,0.637029
-0.663107,0.726094
-0.501162,0.543884
-0.244336,0.264408
-0.534042,0.574462
-0.007361,0.007905
-0.135967,0.145552
-0.395824,0.423021
-0.137190,0.146569
-0.343596,0.365780
-0.135258,0.143810
-0.298802,0.312394
-0.501131,0.519140
-0.452229,0.458983
-0.081686,0.077911
-0.692087,0.657841
-0.526304,0.496371
-0.202757,0.191101
-0.253464,0.237549
-0.440237,0.411559
-0.444078,0.411531
-0.440261,0.391991
-0.740225,0.651875
-0.182848,0.160823
-0.268292,0.234613
-0.135199,0.117573
-0.410326,0.355252
-0.127614,0.109718
-0.186843,0.160383
-0.158227,0.135502
-0.164150,0.138970
-0.745785,0.626957
-0.593114,0.497785
-0.108276,0.090748
-0.460127,0.380078
-0.356684,0.294463
-0.168549,0.138746
-0.434002,0.354390
-0.547843,0.446115
-0.571034,0.464430
-0.261499,0.211037
-0.597727,0.482371
-0.266457,0.213957
-0.777488,0.612416
-0.363641,0.285633
-0.198546,0.155881
-0.181190,0.142131
-0.304929,0.236697
-0.633456,0.489368
-0.687965,0.524355
-0.022965,0.017473
-0.376099,0.285590
-0.555767,0.421181
-0.624768,0.472852
-0.674015,0.507040
-0.800430,0.589744
-0.373652,0.273779
-0.511698,0.372221
-0.725793,0.523611
-0.185542,0.132538
-0.524923,0.372694
-0.008066,0.005685
-0.565129,0.387008
-0.327164,0.220438
-0.692916,0.461536
-0.339280,0.224471
-0.487365,0.321954
-0.726162,0.476266
-0.057121,0.037040
-0.439441,0.281960
-0.572708,0.366228
-0.046686,0.029696
-0.259517,0.164703
-0.040647,0.025767
-0.378909,0.238587
-0.542596,0.340307
-0.164500,0.100689
-0.344067,0.208289
-0.282737,0.170360
-0.020404,0.012096
-0.645290,0.376240
-0.775926,0.451574
-0.325255,0.187543
-0.322889,0.186168
-0.654016,0.366423
-0.804186,0.446002
-0.813718,0.451188
-0.010565,0.005854
-0.295991,0.159328
-0.782004,0.420712
-0.536986,0.288177
-0.560387,0.297394
-0.840271,0.439055
-0.417846,0.218188
-0.126812,0.065648
-0.393870,0.203698
-0.006194,0.003194
-0.229224,0.115068
-0.201589,0.101177
-0.403045,0.195006
-0.648350,0.312446
-0.821512,0.382939
-0.668911,0.304832
-0.830866,0.377833
-0.664068,0.299622
-0.402591,0.179299
-0.565598,0.251701
-0.284202,0.125823
-0.556405,0.242988
-0.461990,0.196325
-0.464241,0.196749
-0.080811,0.033995
-0.735704,0.307899
-0.323649,0.131951
-0.700290,0.283107
-0.152948,0.061267
-0.013770,0.005448
-0.738622,0.291886
-0.589754,0.232593
-0.625977,0.243254
-0.216420,0.082458
-0.679237,0.255941
-0.912488,0.341464
-0.794756,0.297245
-0.068448,0.025475
-0.501318,0.182691
-0.744781,0.268525
-0.076604,0.027595
-0.336822,0.120892
-0.306911,0.105798
-0.887437,0.304081
-0.325918,0.111495
-0.511464,0.173037
-0.813397,0.271061
-0.586580,0.193849
-0.281176,0.092705
-0.470948,0.154881
-0.193846,0.063260
-0.601055,0.193468
-0.857141,0.274352
-0.896341,0.285673
-0.299904,0.092876
-0.720641,0.221118
-0.092877,0.028435
-0.693535,0.208279
-0.659536,0.191619
-0.020433,0.005932
-0.760600,0.219561
-0.862840,0.247256
-0.203771,0.058365
-0.351101,0.096803
-0.291108,0.079409
-0.231656,0.063149
-0.301928,0.080943
-0.272866,0.072339
-0.559639,0.145021
-0.220733,0.056922
-0.787731,0.197084
-0.066753,0.016622
-0.137941,0.032871
-0.035025,0.008280
-0.934831,0.215665
-0.511484,0.117483
-0.205285,0.045094
-0.625133,0.136889
-0.634474,0.136137
-0.825074,0.176959
-0.152547,0.032208
-0.220007,0.046247
-0.045238,0.009459
-0.635591,0.131417
-0.410964,0.082948
-0.239496,0.048241
-0.803627,0.159122
-0.237923,0.047029
-0.704271,0.133603
-0.037683,0.006986
-0.709530,0.131107
-0.721728,0.132827
-0.183830,0.033089
-0.262911,0.047266
-0.124248,0.020928
-0.526484,0.081848
-0.647810,0.096311
-0.248578,0.036608
-0.273731,0.038772
-0.344297,0.048251
-0.302237,0.042135
-0.229179,0.030101
-0.623546,0.080470
-0.957051,0.123452
-0.279203,0.035109
-0.696931,0.086015
-0.034160,0.003955
-0.072861,0.008420
-0.632837,0.072291
-0.399514,0.042439
-0.737804,0.077668
-0.723268,0.072313
-0.617980,0.059328
-0.096285,0.009192
-0.082556,0.007306
-0.818404,0.071031
-0.459031,0.039672
-0.240027,0.017983
-0.722227,0.051684
-0.307885,0.021643
-0.953053,0.064017
-0.080686,0.005031
-0.238435,0.014449
-0.728315,0.042228
-0.239063,0.013763
-0.040260,0.002274
-0.796450,0.044026
-0.875602,0.048018
-0.683049,0.033954
-0.466404,0.021277
-0.097302,0.004359
-0.713172,0.027854
-0.252202,0.008096
-0.452573,0.010167
-0.153161,0.002772
-0.917692,0.012557
-0.089305,0.000773
-0.953242,0.005903
-0.459216,-0.006382
-0.263815,-0.006681
-0.792544,-0.026703
-0.678796,-0.024262
-0.596276,-0.022646
-0.817520,-0.036191
-0.055639,-0.002527
-0.748598,-0.035413
-0.419545,-0.024130
-0.534828,-0.032110
-0.431116,-0.028597
-0.179945,-0.012415
-0.125456,-0.008724
-0.429309,-0.030607
-0.236867,-0.017094
-0.841848,-0.061353
-0.704790,-0.057272
-0.261542,-0.022479
-0.836372,-0.082819
-0.308602,-0.031732
-0.961330,-0.103162
-0.413906,-0.047251
-0.183625,-0.021001
-0.797566,-0.092935
-0.389383,-0.049108
-0.711426,-0.099085
-0.495087,-0.071523
-0.276116,-0.040123
-0.568033,-0.085409
-0.041688,-0.006453
-0.395241,-0.062971
-0.393931,-0.063594
-0.609311,-0.099534
-0.445141,-0.073531
-0.663379,-0.111877
-0.747889,-0.129862
-0.559442,-0.098057
-0.305027,-0.054644
-0.935655,-0.168009
-0.064645,-0.011718
-0.263899,-0.048922
-0.558681,-0.108064
-0.786648,-0.154003
-0.189025,-0.037770
-0.581666,-0.118654
-0.115045,-0.024291
-0.281969,-0.060089
-0.407006,-0.087198
-0.404676,-0.088646
-0.429895,-0.096620
-0.147160,-0.033239
-0.942632,-0.213950
-0.398434,-0.090802
-0.792560,-0.182839
-0.484473,-0.115342
-0.036334,-0.008782
-0.543818,-0.136704
-0.663671,-0.169691
-0.737232,-0.190448
-0.724935,-0.192339
-0.463307,-0.123546
-0.499845,-0.138437
-0.286666,-0.080363
-0.310050,-0.087013
-0.281746,-0.079168
-0.527478,-0.151261
-0.690141,-0.198552
-0.549649,-0.160468
-0.706398,-0.214175
-0.683462,-0.207532
-0.387637,-0.118058
-0.602312,-0.183618
-0.918528,-0.282602
-0.903239,-0.283254
-0.460556,-0.144747
-0.928730,-0.295071
-0.743279,-0.241745
-0.737628,-0.240775
-0.923556,-0.306458
-0.726107,-0.242301
-0.769284,-0.264605
-0.080509,-0.028665
-0.433561,-0.158313
-0.778096,-0.290123
-0.827937,-0.309849
-0.287195,-0.110692
-0.638396,-0.249039
-0.376566,-0.153278
-0.744043,-0.311245
-0.797010,-0.339687
-0.052116,-0.022319
-0.748452,-0.321736
-0.889667,-0.383119
-0.271098,-0.117493
-0.815963,-0.358561
-0.321667,-0.142390
-0.270994,-0.120979
-0.077497,-0.034646
-0.863209,-0.388305
-0.181403,-0.082242
-0.394236,-0.178799
-0.571936,-0.263834
-0.641984,-0.296791
-0.185134,-0.086350
-0.132766,-0.062257
-0.274302,-0.129511
-0.643149,-0.306764
-0.103285,-0.049297
-0.859848,-0.411874
-0.034505,-0.016560
-0.766766,-0.372704
-0.008753,-0.004268
-0.805504,-0.397420
-0.013339,-0.006588
-0.316700,-0.158685
-0.771620,-0.397872
-0.477950,-0.248634
-0.201792,-0.106457
-0.019093,-0.010079
-0.789425,-0.418431
-0.762101,-0.406901
-0.827858,-0.442112
-0.030406,-0.016345
-0.815118,-0.438783
-0.561251,-0.304715
-0.169794,-0.093079
-0.400785,-0.221618
-0.513144,-0.283751
-0.084555,-0.047943
-0.773106,-0.439532
-0.630908,-0.361618
-0.842982,-0.484065
-0.509318,-0.292981
-0.291636,-0.169422
-0.594667,-0.350602
-0.773855,-0.458972
-0.468761,-0.279240
-0.291360,-0.183012
-0.545800,-0.343801
-0.281355,-0.178731
-0.298046,-0.190039
-0.485445,-0.312039
-0.448043,-0.288694
-0.395135,-0.257221
-0.250893,-0.164166
-0.661979,-0.435205
-0.650040,-0.428471
-0.561556,-0.371421
-0.098184,-0.065038
-0.092571,-0.061886
-0.819842,-0.558269
-0.402775,-0.275378
-0.072098,-0.050278
-0.255069,-0.178777
-0.103607,-0.072643
-0.184442,-0.130140
-0.649755,-0.465468
-0.589822,-0.424407
-0.061833,-0.044771
-0.310912,-0.235342
-0.450011,-0.345883
-0.250171,-0.193359
-0.262422,-0.209120
-0.054505,-0.043605
-0.217273,-0.175937
-0.497545,-0.402979
-0.063961,-0.051862
-0.080305,-0.065270
-0.036764,-0.030105
-0.174782,-0.146239
-0.571859,-0.483383
-0.543387,-0.462066
-0.728188,-0.623784
-0.009463,-0.008179
-0.368593,-0.318795
-0.000517,-0.000451
-0.497316,-0.435038
-0.086885,-0.076388
-0.147915,-0.130770
-0.712400,-0.631539
-0.438291,-0.391319
-0.398247,-0.356376
-0.064936,-0.059417
-0.199282,-0.186018
-0.450607,-0.428991
-0.332613,-0.320023
-0.353095,-0.340514
-0.169930,-0.164273
-0.327517,-0.320854
-0.024654,-0.024330
-0.240588,-0.238572
-0.176675,-0.178800
-0.396818,-0.403392
-0.415254,-0.428518
-0.310273,-0.321442
-0.604327,-0.629845
-0.453634,-0.473425
-0.524350,-0.549100
-0.253532,-0.268004
-0.463697,-0.507032
-0.504176,-0.554470
-0.511433,-0.567734
-0.093534,-0.104732
-0.433022,-0.487439
-0.481498,-0.542782
-0.388598,-0.440446
-0.461767,-0.531276
-0.652298,-0.753421
-0.598572,-0.697623
-0.348199,-0.406882
-0.455658,-0.534263
-0.540647,-0.635842
-0.492234,-0.582173
-0.598534,-0.718349
-0.595937,-0.727864
-0.081573,-0.099740
-0.052022,-0.063811
-0.374196,-0.462888
-0.108179,-0.135960
-0.039691,-0.051971
-0.207254,-0.272490
-0.128348,-0.169052
-0.299725,-0.396392
-0.406910,-0.547815
-0.216156,-0.292876
-0.589572,-0.799478
-0.417769,-0.568977
-0.259669,-0.354703
-0.146471,-0.200462
-0.011625,-0.015967
-0.387868,-0.535061
-0.448500,-0.627676
-0.156370,-0.219383
-0.564995,-0.800904
-0.512466,-0.728589
-0.532106,-0.757771
-0.041879,-0.060496
-0.421503,-0.614409
-0.450567,-0.661464
-0.123837,-0.185494
-0.002322,-0.003487
-0.225025,-0.345127
-0.240953,-0.370505
-0.246008,-0.383133
-0.103421,-0.161850
-0.086723,-0.137434
-0.387867,-0.619925
-0.000245,-0.000396
-0.192296,-0.315558
-0.507269,-0.839675
-0.420032,-0.697669
-0.232917,-0.387189
-0.211550,-0.354040
-0.323927,-0.550481
-0.456484,-0.793146
-0.347824,-0.604618
-0.396796,-0.692660
-0.174265,-0.306308
-0.255727,-0.459738
-0.107847,-0.194482
-0.189505,-0.348451
-0.472453,-0.869483
-0.023075,-0.042636
-0.020763,-0.038951
-0.231984,-0.441185
-0.052201,-0.099690
-0.152024,-0.294061
-0.103259,-0.202070
-0.027705,-0.054663
-0.248612,-0.493003
-0.079100,-0.158963
-0.090586,-0.186752
-0.346080,-0.724918
-0.118189,-0.248082
-0.203183,-0.429844
-0.322562,-0.684912
-0.221958,-0.475483
-0.176587,-0.379917
-0.264136,-0.578920
-0.049920,-0.110240
-0.353318,-0.792126
-0.087606,-0.197392
-0.048994,-0.111051
-0.028726,-0.066140
-0.070357,-0.163027
-0.150426,-0.352781
-0.352126,-0.832875
-0.103492,-0.246352
-0.030603,-0.073640
-0.033169,-0.080239
-0.049598,-0.121381
-0.268651,-0.660997
-0.171327,-0.423791
-0.242530,-0.601862
-0.330768,-0.835001
-0.343146,-0.869407
-0.258510,-0.663679
-0.030651,-0.079143
-0.224555,-0.582845
-0.110484,-0.292348
-0.041373,-0.110460
-0.088558,-0.237648
-0.155663,-0.432912
-0.008375,-0.023332
-0.174932,-0.489340
-0.329024,-0.920927
-0.314311,-0.891697
-0.038689,-0.109960
-0.162795,-0.505162
-0.131196,-0.407534
-0.288783,-0.917249
-0.263562,-0.844711
-0.154367,-0.505951
-0.033995,-0.113172
-0.269141,-0.909749
-0.165917,-0.569617
-0.186873,-0.646498
-0.260151,-0.901689
-0.057452,-0.204841
-0.106801,-0.389099
-0.004991,-0.018343
-0.249728,-0.937065
-0.012535,-0.047870
-0.198514,-0.765027
-0.152308,-0.602624
-0.100702,-0.402343
-0.155181,-0.628021
-0.125674,-0.518053
-0.208244,-0.867003
-0.160200,-0.669801
-0.130384,-0.557892
-0.138295,-0.595455
-0.108300,-0.477453
-0.011962,-0.054719
-0.184715,-0.858455
-0.000616,-0.002890
-0.148384,-0.697032
-0.185652,-0.934129
-0.130282,-0.682673
-0.070768,-0.373919
-0.001374,-0.007267
-0.036577,-0.194133
-0.151546,-0.811162
-0.049647,-0.271292
-0.020332,-0.113501
-0.129592,-0.748667
-0.076500,-0.476269
-0.082536,-0.541274
-0.135216,-0.924258
-0.051383,-0.354422
-0.016217,-0.113877
-0.003106,-0.021894
-0.024050,-0.170572
-0.054540,-0.388208
-0.113356,-0.815282
-0.014540,-0.106494
-0.064850,-0.484273
-0.094095,-0.721784
-0.086232,-0.662143
-0.093493,-0.724483
-0.057864,-0.469047
-0.077820,-0.655369
-0.085751,-0.723745
-0.012432,-0.110424
-0.053669,-0.486323
-0.024682,-0.226831
-0.009027,-0.083043
-0.041805,-0.407845
-0.081258,-0.796518
-0.065662,-0.647527
-0.083368,-0.839028
-0.052706,-0.545003
-0.026238,-0.277393
-0.006841,-0.075028
-0.083261,-0.929994
-0.010554,-0.120003
-0.070480,-0.866076
-0.004764,-0.058918
-0.003365,-0.060445
-0.000469,-0.008571
-0.010087,-0.198978
-0.013467,-0.309380
-0.032586,-0.758355
-0.000867,-0.021371
-0.004916,-0.123012
-0.034322,-0.929100
-0.032679,-0.905740
-0.003036,-0.088237
-0.005069,-0.174390
-0.011125,-0.712624
-0.001659,-0.229872
-0.001226,-0.482741
-0.000823,-1.000000
