0.000000,0.000000
-0.001281,0.999999
-0.001061,0.769390
-0.000407,0.250136
-0.000703,0.333325
-0.002505,0.643902
-0.002924,0.709728
-0.003890,0.752030
-0.003425,0.612025
-0.005447,0.831256
-0.003686,0.538978
-0.004296,0.567573
-0.002482,0.275889
-0.009988,0.877178
-0.007364,0.626314
-0.013140,0.970994
-0.007368,0.499250
-0.003385,0.222416
-0.011341,0.735239
-0.001684,0.108029
-0.000259,0.016580
-0.001465,0.062758
-0.019554,0.821686
-0.003663,0.151502
-0.021338,0.822649
-0.007916,0.299003
-0.002637,0.088931
-0.018529,0.620180
-0.025167,0.805478
-0.008316,0.264121
-0.020493,0.580278
-0.006523,0.179904
-0.020880,0.525102
-0.039641,0.975792
-0.010143,0.248054
-0.038795,0.925610
-0.040650,0.959356
-0.023679,0.546901
-0.024907,0.552285
-0.022658,0.484520
-0.018142,0.387402
-0.019598,0.392554
-0.048845,0.952189
-0.050612,0.915046
-0.030765,0.549250
-0.038108,0.675643
-0.056853,0.984497
-0.012071,0.206652
-0.029061,0.490789
-0.029001,0.485691
-0.014346,0.224002
-0.043837,0.680077
-0.063883,0.984428
-0.042706,0.641492
-0.038233,0.573818
-0.065469,0.980351
-0.001338,0.019822
-0.022994,0.338580
-0.045272,0.651482
-0.028132,0.400788
-0.024603,0.335080
-0.034082,0.456695
-0.030133,0.390981
-0.027611,0.354677
-0.035559,0.454984
-0.019860,0.251416
-0.008026,0.098209
-0.081741,0.995661
-0.045311,0.538945
-0.082616,0.973013
-0.068512,0.787672
-0.026941,0.304628
-0.013618,0.151108
-0.022794,0.252526
-0.061000,0.671179
-0.050396,0.544600
-0.041068,0.443503
-0.016212,0.175015
-0.086323,0.914218
-0.052910,0.557123
-0.066405,0.696149
-0.035517,0.370019
-0.025842,0.263546
-0.093106,0.935678
-0.004096,0.040988
-0.099117,0.989587
-0.060888,0.603160
-0.056673,0.555000
-0.060363,0.588190
-0.085184,0.825402
-0.077605,0.735048
-0.071642,0.678449
-0.005514,0.051780
-0.016529,0.151959
-0.058256,0.525167
-0.051634,0.464090
-0.109852,0.971781
-0.037662,0.333065
-0.002766,0.023794
-0.020276,0.171833
-0.045048,0.380915
-0.069187,0.576728
-0.115826,0.961667
-0.045910,0.379652
-0.114354,0.943782
-0.091396,0.742143
-0.015859,0.126249
-0.115553,0.912342
-0.100643,0.786253
-0.124389,0.967913
-0.096510,0.747244
-0.010611,0.081844
-0.092824,0.714277
-0.092432,0.707057
-0.122068,0.928518
-0.000663,0.005018
-0.021250,0.158183
-0.117158,0.869781
-0.034741,0.255083
-0.025116,0.183217
-0.022002,0.160381
-0.003665,0.026702
-0.101253,0.723749
-0.105262,0.750554
-0.124826,0.881821
-0.051287,0.360216
-0.112549,0.789619
-0.032083,0.223842
-0.040909,0.283236
-0.009608,0.066393
-0.139415,0.959676
-0.034428,0.236864
-0.119145,0.796118
-0.090753,0.597943
-0.071190,0.461955
-0.098257,0.633663
-0.019951,0.128647
-0.026718,0.172195
-0.018955,0.121872
-0.003813,0.024515
-0.074328,0.476487
-0.085326,0.543758
-0.136830,0.871790
-0.084947,0.539632
-0.073109,0.463961
-0.021368,0.134993
-0.115496,0.721892
-0.054943,0.340007
-0.089696,0.553401
-0.015387,0.094585
-0.116448,0.704894
-0.157105,0.949228
-0.010558,0.063627
-0.057075,0.343261
-0.021127,0.126685
-0.118546,0.707695
-0.020891,0.123096
-0.113887,0.669684
-0.165245,0.952577
-0.122708,0.705285
-0.069848,0.401172
-0.050033,0.285882
-0.151886,0.862874
-0.136289,0.771316
-0.091768,0.516940
-0.015459,0.086352
-0.052779,0.291299
-0.143744,0.791277
-0.163514,0.893453
-0.010986,0.059777
-0.094490,0.513604
-0.045841,0.248213
-0.140983,0.759727
-0.063753,0.343345
-0.130122,0.699315
-0.126913,0.676602
-0.177873,0.933994
-0.149903,0.774207
-0.052273,0.266964
-0.030716,0.156276
-0.163160,0.828986
-0.133898,0.671061
-0.158861,0.794899
-0.048548,0.242201
-0.176434,0.879967
-0.133473,0.664411
-0.001433,0.007107
-0.144605,0.710004
-0.051402,0.252294
-0.151737,0.738201
-0.017118,0.082824
-0.077270,0.372086
-0.008910,0.042585
-0.052946,0.252567
-0.163202,0.775030
-0.126594,0.600928
-0.181463,0.858450
-0.088416,0.417812
-0.111550,0.526426
-0.142729,0.667327
-0.097396,0.455298
-0.120211,0.555111
-0.030074,0.138798
-0.128783,0.591468
-0.018151,0.083111
-0.143601,0.649576
-0.055866,0.250597
-0.114711,0.513962
-0.073254,0.327208
-0.041093,0.183539
-0.111183,0.494753
-0.089869,0.399081
-0.042086,0.186349
-0.124355,0.550057
-0.204434,0.903262
-0.210382,0.926471
-0.198916,0.869104
-0.042451,0.185380
-0.197467,0.861899
-0.072668,0.315977
-0.000693,0.003007
-0.145643,0.630875
-0.125221,0.541382
-0.069433,0.299845
-0.220155,0.948381
-0.157650,0.676358
-0.119906,0.513368
-0.144678,0.603062
-0.044067,0.183153
-0.089607,0.367517
-0.104622,0.428351
-0.215769,0.878586
-0.065736,0.267481
-0.150228,0.611149
-0.083384,0.334564
-0.104110,0.413822
-0.050986,0.202523
-0.094287,0.373885
-0.137354,0.544365
-0.040642,0.159737
-0.017695,0.069318
-0.171598,0.672080
-0.161677,0.629623
-0.037725,0.145792
-0.142928,0.543005
-0.165491,0.628721
-0.257118,0.958835
-0.022844,0.084877
-0.086948,0.319993
-0.121715,0.447625
-0.050387,0.184540
-0.142270,0.520530
-0.011434,0.041768
-0.204128,0.741338
-0.164177,0.595672
-0.090444,0.327884
-0.086735,0.308947
-0.012365,0.043932
-0.005448,0.019305
-0.059886,0.212150
-0.182980,0.646958
-0.091960,0.324143
-0.135901,0.478214
-0.077491,0.271532
-0.176160,0.616999
-0.015660,0.054805
-0.031599,0.110501
-0.150823,0.526559
-0.155118,0.541447
-0.009769,0.034041
-0.138490,0.482335
-0.140235,0.488278
-0.216756,0.750607
-0.029109,0.100771
-0.190520,0.658864
-0.192565,0.664846
-0.027275,0.093981
-0.117949,0.405916
-0.132924,0.457341
-0.210805,0.723932
-0.198669,0.681754
-0.078868,0.269935
-0.239615,0.816150
-0.117509,0.399062
-0.061542,0.208673
-0.191850,0.649320
-0.073969,0.249287
-0.014549,0.048830
-0.134413,0.449761
-0.137864,0.460650
-0.256576,0.856263
-0.230527,0.768964
-0.285605,0.949624
-0.171862,0.568889
-0.289115,0.956252
-0.219941,0.726124
-0.123187,0.403123
-0.220692,0.722064
-0.265112,0.863295
-0.088937,0.285941
-0.002512,0.008001
-0.171091,0.543261
-0.243388,0.771624
-0.254226,0.802524
-0.110994,0.349365
-0.144655,0.453531
-0.137633,0.429498
-0.049612,0.154281
-0.069399,0.215721
-0.268930,0.832722
-0.172499,0.532549
-0.002895,0.008937
-0.283678,0.873793
-0.212925,0.648216
-0.268172,0.812153
-0.062772,0.189596
-0.100814,0.302435
-0.209813,0.626589
-0.124308,0.370228
-0.165652,0.490893
-0.157991,0.463719
-0.269368,0.790206
-0.141049,0.412038
-0.046635,0.136198
-0.213474,0.622314
-0.164322,0.477522
-0.054879,0.158691
-0.166907,0.481666
-0.294611,0.848687
-0.245269,0.705470
-0.091274,0.261412
-0.267435,0.764625
-0.047894,0.136241
-0.305175,0.867592
-0.216643,0.612597
-0.007136,0.020113
-0.202015,0.569360
-0.169761,0.476246
-0.209960,0.587741
-0.083766,0.234182
-0.202706,0.562440
-0.223303,0.619252
-0.133030,0.368386
-0.266125,0.735822
-0.279968,0.773764
-0.103268,0.283938
-0.251034,0.690077
-0.168100,0.461941
-0.103387,0.283442
-0.233538,0.638511
-0.230468,0.627761
-0.201996,0.548672
-0.227971,0.615752
-0.251041,0.678054
-0.091819,0.247877
-0.071368,0.192394
-0.158516,0.425231
-0.310429,0.831772
-0.073810,0.196718
-0.223953,0.596313
-0.074538,0.197265
-0.201402,0.531834
-0.053815,0.141884
-0.331796,0.873348
-0.253021,0.665584
-0.228835,0.597082
-0.103554,0.269519
-0.319238,0.828510
-0.294416,0.761300
-0.072417,0.186973
-0.124926,0.320323
-0.226421,0.580126
-0.184190,0.471391
-0.265885,0.677501
-0.298651,0.755998
-0.166997,0.421648
-0.322639,0.810352
-0.339036,0.850036
-0.177187,0.443778
-0.095300,0.238403
-0.085374,0.213562
-0.253873,0.630977
-0.199163,0.494084
-0.212580,0.526811
-0.190404,0.469961
-0.036259,0.088654
-0.002457,0.005971
-0.247553,0.600605
-0.018203,0.044142
-0.287568,0.696407
-0.187321,0.453523
-0.319834,0.773772
-0.350835,0.848171
-0.343887,0.827687
-0.260930,0.625411
-0.287178,0.685608
-0.278502,0.664068
-0.098052,0.233378
-0.157461,0.374373
-0.333337,0.792041
-0.327856,0.777504
-0.253598,0.600467
-0.076246,0.179311
-0.373745,0.875669
-0.368474,0.863000
-0.021097,0.049169
-0.382867,0.886757
-0.131229,0.303867
-0.235950,0.545746
-0.367180,0.849214
-0.172650,0.399042
-0.313277,0.721143
-0.000192,0.000442
-0.338271,0.772538
-0.104342,0.237824
-0.255768,0.581645
-0.242552,0.551379
-0.239276,0.543768
-0.218115,0.491997
-0.331750,0.746374
-0.402763,0.904060
-0.149717,0.336026
-0.158043,0.351574
-0.007812,0.017327
-0.207813,0.459361
-0.363441,0.795758
-0.102283,0.223559
-0.251476,0.547335
-0.120358,0.261913
-0.099019,0.214963
-0.075397,0.163350
-0.205028,0.443794
-0.351035,0.757139
-0.300055,0.646706
-0.393848,0.845688
-0.189035,0.405897
-0.210750,0.450607
-0.177216,0.378722
-0.416140,0.887137
-0.010849,0.023081
-0.256198,0.542322
-0.100342,0.212404
-0.391965,0.829627
-0.388817,0.820808
-0.185764,0.392123
-0.380398,0.801736
-0.057868,0.121880
-0.070341,0.148114
-0.416971,0.874693
-0.192567,0.401931
-0.325730,0.679583
-0.031443,0.065264
-0.022550,0.046775
-0.240987,0.498270
-0.052671,0.108817
-0.257316,0.531531
-0.028631,0.059053
-0.353428,0.724573
-0.351697,0.720319
-0.175998,0.360425
-0.267558,0.543043
-0.221248,0.448352
-0.367598,0.738735
-0.067593,0.135721
-0.094889,0.190281
-0.114480,0.229322
-0.093196,0.186294
-0.385728,0.769286
-0.073810,0.147132
-0.256942,0.511036
-0.374659,0.744021
-0.026921,0.053410
-0.283789,0.561520
-0.091026,0.180062
-0.176450,0.348141
-0.085857,0.168739
-0.432123,0.846412
-0.105554,0.206578
-0.079486,0.154811
-0.445736,0.860223
-0.105281,0.203129
-0.360575,0.695679
-0.199098,0.383511
-0.290780,0.556692
-0.034487,0.066006
-0.018296,0.034950
-0.423873,0.809498
-0.033803,0.064271
-0.051609,0.097812
-0.252150,0.477236
-0.107745,0.203793
-0.348885,0.657837
-0.079742,0.149647
-0.314846,0.587962
-0.439458,0.820025
-0.103386,0.190340
-0.406570,0.747054
-0.121213,0.222685
-0.417121,0.766032
-0.368894,0.672730
-0.242237,0.440111
-0.322338,0.583682
-0.111913,0.202535
-0.264752,0.478384
-0.201446,0.362691
-0.122330,0.220227
-0.438290,0.787581
-0.454820,0.814549
-0.231577,0.414507
-0.137743,0.246347
-0.426965,0.760939
-0.299617,0.532291
-0.315147,0.555984
-0.210312,0.369378
-0.220881,0.385941
-0.167229,0.292014
-0.099440,0.173322
-0.244279,0.424973
-0.165237,0.286281
-0.213668,0.366615
-0.493931,0.846648
-0.401999,0.687824
-0.193722,0.331240
-0.477335,0.816165
-0.258093,0.440739
-0.191056,0.325881
-0.489809,0.830942
-0.405897,0.684122
-0.258279,0.435263
-0.337782,0.564966
-0.285208,0.476662
-0.299106,0.499798
-0.431132,0.715203
-0.426494,0.705718
-0.218660,0.361556
-0.285812,0.470656
-0.205406,0.337113
-0.471130,0.773118
-0.379409,0.621352
-0.122867,0.201067
-0.148033,0.241928
-0.230799,0.376348
-0.432345,0.704561
-0.399041,0.646663
-0.342570,0.554832
-0.440114,0.710327
-0.296983,0.477700
-0.025299,0.040624
-0.277359,0.444958
-0.218086,0.349630
-0.133618,0.214048
-0.028662,0.045811
-0.328531,0.524053
-0.518605,0.819105
-0.411896,0.649763
-0.159351,0.251352
-0.336116,0.529850
-0.117915,0.185698
-0.437371,0.686860
-0.094132,0.147712
-0.055317,0.086657
-0.189642,0.296901
-0.203580,0.317739
-0.436485,0.680678
-0.232263,0.361311
-0.339760,0.527959
-0.148998,0.231303
-0.032743,0.050792
-0.062453,0.096784
-0.210432,0.326034
-0.199579,0.308806
-0.148151,0.228762
-0.012653,0.019514
-0.040377,0.062206
-0.211420,0.325595
-0.159190,0.245095
-0.395761,0.608815
-0.049104,0.075451
-0.525437,0.786102
-0.481490,0.711400
-0.073111,0.107297
-0.338678,0.496888
-0.128914,0.189013
-0.398264,0.583568
-0.266846,0.390779
-0.095309,0.139483
-0.209666,0.306570
-0.536644,0.784345
-0.083688,0.122018
-0.347471,0.505309
-0.100311,0.145857
-0.564730,0.816717
-0.396026,0.572053
-0.391888,0.565676
-0.409164,0.590583
-0.309911,0.446912
-0.527273,0.758053
-0.518250,0.744387
-0.106593,0.152864
-0.495773,0.710484
-0.042298,0.060173
-0.416386,0.590999
-0.043806,0.062085
-0.189252,0.267661
-0.285362,0.403372
-0.256389,0.361906
-0.436956,0.613920
-0.571438,0.799486
-0.218045,0.304317
-0.260406,0.363172
-0.390670,0.544204
-0.565333,0.786325
-0.269670,0.374337
-0.475356,0.659171
-0.544382,0.754213
-0.432303,0.598690
-0.394861,0.546741
-0.075666,0.104412
-0.166082,0.228643
-0.514064,0.706678
-0.371517,0.510547
-0.097089,0.132960
-0.324707,0.444315
-0.203416,0.277082
-0.136327,0.185000
-0.375695,0.509805
-0.078453,0.106181
-0.001925,0.002599
-0.168510,0.226365
-0.237855,0.319396
-0.280264,0.375867
-0.042788,0.057361
-0.285441,0.382607
-0.422798,0.562025
-0.208615,0.276377
-0.410532,0.542006
-0.563825,0.743147
-0.371184,0.488770
-0.474364,0.624318
-0.214627,0.281919
-0.173018,0.226956
-0.042996,0.056383
-0.326948,0.428374
-0.250288,0.327796
-0.604585,0.791466
-0.043278,0.056546
-0.558005,0.728150
-0.389453,0.507439
-0.183244,0.238524
-0.478353,0.621952
-0.561013,0.728676
-0.213384,0.276948
-0.280776,0.363711
-0.326409,0.422345
-0.178770,0.230542
-0.254730,0.327351
-0.180052,0.230594
-0.530971,0.677362
-0.177398,0.225543
-0.054580,0.069238
-0.159445,0.201635
-0.251946,0.318122
-0.617936,0.778300
-0.529051,0.663831
-0.607765,0.761710
-0.198863,0.248956
-0.474470,0.593873
-0.207264,0.258694
-0.599066,0.747602
-0.237772,0.295878
-0.329954,0.410277
-0.397685,0.491405
-0.594347,0.733172
-0.116097,0.143110
-0.474943,0.584820
-0.551752,0.676700
-0.421925,0.516925
-0.528277,0.646670
-0.118469,0.144825
-0.385996,0.471592
-0.140210,0.171060
-0.567558,0.690529
-0.579615,0.703280
-0.047887,0.058081
-0.220895,0.267561
-0.477187,0.577350
-0.174422,0.210053
-0.474338,0.569846
-0.032796,0.039284
-0.214691,0.256300
-0.493132,0.586582
-0.442523,0.525919
-0.600910,0.712264
-0.263599,0.311768
-0.551548,0.649476
-0.031866,0.037332
-0.503428,0.588680
-0.272184,0.317397
-0.633409,0.737598
-0.484328,0.563615
-0.283519,0.329548
-0.471609,0.546305
-0.424414,0.489320
-0.497501,0.573395
-0.318269,0.366724
-0.073730,0.084954
-0.609980,0.702173
-0.198494,0.227232
-0.008919,0.010183
-0.588623,0.670648
-0.054524,0.062028
-0.212306,0.241000
-0.636322,0.720311
-0.549854,0.621513
-0.233024,0.261042
-0.112182,0.125120
-0.665513,0.740984
-0.585160,0.646868
-0.266951,0.295030
-0.236274,0.260270
-0.399740,0.439567
-0.275391,0.302772
-0.506597,0.555806
-0.357507,0.391996
-0.116415,0.127492
-0.447115,0.488957
-0.319022,0.348336
-0.509166,0.554043
-0.349135,0.379895
-0.497788,0.540210
-0.115545,0.124790
-0.073629,0.079513
-0.135144,0.145799
-0.229792,0.247678
-0.103737,0.111614
-0.667473,0.716671
-0.599752,0.642687
-0.232520,0.248951
-0.434694,0.465399
-0.094910,0.101364
-0.318949,0.340515
-0.006978,0.007445
-0.416163,0.441370
-0.583768,0.618898
-0.045003,0.047691
-0.485833,0.513868
-0.659941,0.696892
-0.524558,0.552616
-0.459940,0.484086
-0.235242,0.247081
-0.225473,0.236144
-0.563826,0.589864
-0.018886,0.019693
-0.323592,0.337092
-0.085150,0.088591
-0.082394,0.085535
-0.019853,0.020576
-0.550525,0.568996
-0.183345,0.189013
-0.556843,0.572773
-0.461338,0.472568
-0.642360,0.657200
-0.238769,0.244113
-0.526451,0.538132
-0.619417,0.631194
-0.471034,0.479588
-0.425996,0.433628
-0.628865,0.639959
-0.430397,0.437768
-0.476546,0.483923
-0.310816,0.315583
-0.382529,0.387377
-0.156404,0.158320
-0.422467,0.426308
-0.264471,0.266580
-0.590919,0.594467
-0.048586,0.048867
-0.521297,0.524051
-0.666172,0.667021
-0.452764,0.451475
-0.306672,0.305589
-0.158676,0.157993
-0.078706,0.078356
-0.422067,0.419086
-0.556222,0.549225
-0.232012,0.228880
-0.391788,0.384782
-0.504130,0.494400
-0.135785,0.132957
-0.276477,0.270324
-0.510972,0.499082
-0.225551,0.218952
-0.062653,0.060803
-0.104785,0.101662
-0.205284,0.198533
-0.509952,0.491941
-0.216832,0.208755
-0.077418,0.074468
-0.363551,0.349451
-0.467394,0.448928
-0.565140,0.542470
-0.388360,0.372367
-0.676443,0.647909
-0.244238,0.233865
-0.418194,0.399872
-0.215311,0.205569
-0.591767,0.563860
-0.378703,0.360199
-0.639485,0.606909
-0.075302,0.071449
-0.312902,0.296586
-0.137373,0.130208
-0.287430,0.271050
-0.269762,0.254092
-0.234204,0.219936
-0.620040,0.581525
-0.120597,0.112473
-0.649985,0.606190
-0.234563,0.218135
-0.241157,0.224255
-0.704819,0.652204
-0.159870,0.147183
-0.700371,0.644242
-0.184138,0.169080
-0.053739,0.049110
-0.070132,0.063873
-0.563284,0.511978
-0.212986,0.193323
-0.178640,0.162109
-0.593847,0.537974
-0.471908,0.426889
-0.450648,0.407024
-0.416825,0.374794
-0.074446,0.066887
-0.354691,0.317917
-0.124549,0.111284
-0.438272,0.390482
-0.571986,0.509528
-0.322101,0.286734
-0.529682,0.470572
-0.424692,0.375366
-0.493547,0.435520
-0.625924,0.549485
-0.668024,0.585932
-0.181231,0.158745
-0.137628,0.120433
-0.564004,0.493496
-0.406724,0.354725
-0.651135,0.567553
-0.080819,0.070385
-0.706245,0.610950
-0.221708,0.191582
-0.153490,0.132530
-0.545661,0.471022
-0.003126,0.002692
-0.613234,0.524588
-0.381445,0.325826
-0.278881,0.237540
-0.748109,0.635982
-0.553324,0.468979
-0.708507,0.598525
-0.512586,0.432190
-0.662264,0.556194
-0.608254,0.507231
-0.133714,0.111394
-0.189276,0.157394
-0.719216,0.597887
-0.608607,0.505369
-0.207052,0.171482
-0.554836,0.459313
-0.417851,0.345779
-0.342342,0.282814
-0.196740,0.162187
-0.505981,0.416764
-0.258965,0.213285
-0.360422,0.296515
-0.660685,0.539458
-0.378393,0.308892
-0.719432,0.586597
-0.105135,0.085327
-0.083699,0.067434
-0.526098,0.423559
-0.276941,0.222487
-0.502857,0.403526
-0.317427,0.254249
-0.057798,0.046176
-0.315913,0.251512
-0.039390,0.031291
-0.088193,0.070007
-0.287581,0.226947
-0.207686,0.162854
-0.695268,0.545014
-0.650636,0.509658
-0.517576,0.404560
-0.140730,0.109649
-0.720633,0.561344
-0.108643,0.084624
-0.161906,0.125054
-0.340871,0.262175
-0.094961,0.073010
-0.742709,0.567122
-0.329124,0.250868
-0.664557,0.506118
-0.203839,0.155110
-0.047790,0.036336
-0.370091,0.281244
-0.537974,0.408580
-0.216050,0.164084
-0.314607,0.238240
-0.555542,0.419743
-0.319019,0.240636
-0.617980,0.465572
-0.594987,0.448147
-0.477499,0.358757
-0.619941,0.465718
-0.359204,0.269684
-0.464007,0.347896
-0.594934,0.444863
-0.799301,0.597557
-0.534493,0.399222
-0.577757,0.430218
-0.332717,0.247247
-0.787548,0.583089
-0.088826,0.065358
-0.421352,0.309645
-0.772522,0.564745
-0.724088,0.528598
-0.240292,0.175291
-0.184447,0.134506
-0.207355,0.151070
-0.104719,0.076292
-0.042200,0.030709
-0.650036,0.470779
-0.315775,0.225955
-0.337482,0.241389
-0.334301,0.239087
-0.225564,0.161066
-0.346756,0.246233
-0.680867,0.479123
-0.207065,0.145623
-0.294268,0.206667
-0.398895,0.280081
-0.065132,0.045641
-0.370684,0.259501
-0.644427,0.449515
-0.714654,0.496796
-0.739481,0.513668
-0.604285,0.418454
-0.494703,0.338049
-0.456935,0.312087
-0.473339,0.323273
-0.061987,0.042244
-0.127557,0.086690
-0.122020,0.082562
-0.716060,0.484424
-0.797282,0.538561
-0.793609,0.535755
-0.757916,0.510820
-0.564951,0.380328
-0.145464,0.097808
-0.829309,0.557407
-0.737768,0.495634
-0.120905,0.080949
-0.648576,0.431491
-0.060669,0.040274
-0.456222,0.302794
-0.577460,0.382972
-0.783971,0.519871
-0.494355,0.327808
-0.634715,0.419385
-0.461944,0.304132
-0.538231,0.353071
-0.484960,0.317205
-0.793323,0.518033
-0.400339,0.259226
-0.458035,0.296490
-0.007095,0.004581
-0.251912,0.162052
-0.537193,0.345194
-0.764948,0.490429
-0.759895,0.486018
-0.670324,0.428430
-0.401431,0.256550
-0.371496,0.236871
-0.701811,0.444652
-0.074507,0.047109
-0.656126,0.413405
-0.041380,0.026066
-0.468151,0.292737
-0.787361,0.492129
-0.818836,0.508564
-0.173898,0.107905
-0.490431,0.304210
-0.723562,0.448058
-0.274204,0.169787
-0.106011,0.065473
-0.430729,0.265790
-0.593409,0.365613
-0.154988,0.095067
-0.428541,0.262509
-0.835534,0.510082
-0.256670,0.156115
-0.771669,0.467442
-0.639733,0.386874
-0.096229,0.058032
-0.231278,0.139299
-0.678123,0.407810
-0.073028,0.043884
-0.667790,0.401217
-0.584716,0.350695
-0.389141,0.233172
-0.614622,0.368247
-0.150610,0.090207
-0.626605,0.373912
-0.494082,0.294691
-0.409879,0.243543
-0.523097,0.310419
-0.575049,0.338769
-0.194764,0.114713
-0.662640,0.389684
-0.041188,0.024138
-0.170949,0.099904
-0.656542,0.383647
-0.586862,0.342905
-0.810598,0.473534
-0.823446,0.480233
-0.461891,0.268809
-0.034532,0.020094
-0.820074,0.477042
-0.228703,0.131636
-0.616082,0.354583
-0.158257,0.090596
-0.672829,0.383967
-0.322703,0.183417
-0.336747,0.191353
-0.686019,0.387211
-0.848346,0.475609
-0.040011,0.022404
-0.373631,0.209061
-0.701986,0.391975
-0.121269,0.067713
-0.089268,0.049699
-0.591955,0.328888
-0.499706,0.276840
-0.695952,0.382971
-0.351904,0.193628
-0.116998,0.064336
-0.172744,0.094830
-0.807690,0.442945
-0.482500,0.264324
-0.793169,0.434416
-0.064409,0.035258
-0.028171,0.015336
-0.461147,0.251007
-0.347918,0.189248
-0.640314,0.347651
-0.457207,0.248229
-0.509846,0.275552
-0.424568,0.229392
-0.265830,0.143378
-0.774792,0.415552
-0.436336,0.233750
-0.154360,0.082494
-0.567886,0.303115
-0.496911,0.264741
-0.752656,0.400211
-0.392464,0.208335
-0.682748,0.361573
-0.767501,0.405411
-0.539797,0.283322
-0.267484,0.140259
-0.178032,0.093021
-0.623613,0.323636
-0.313039,0.160631
-0.513593,0.263267
-0.631479,0.323493
-0.888081,0.453455
-0.625047,0.318767
-0.443804,0.226093
-0.277915,0.141540
-0.353583,0.179937
-0.217937,0.110822
-0.678476,0.344838
-0.021443,0.010883
-0.624643,0.316431
-0.314868,0.159251
-0.528302,0.266993
-0.359652,0.181694
-0.737238,0.371374
-0.206214,0.103876
-0.277744,0.139104
-0.826542,0.413311
-0.548015,0.273567
-0.074267,0.037034
-0.708225,0.351696
-0.469089,0.232767
-0.836738,0.415056
-0.476885,0.236442
-0.240063,0.117785
-0.142758,0.069721
-0.339858,0.165683
-0.489525,0.238574
-0.278696,0.135573
-0.799145,0.386144
-0.634349,0.305263
-0.142472,0.068259
-0.755633,0.361814
-0.416915,0.199596
-0.461980,0.220871
-0.459199,0.217845
-0.390392,0.184722
-0.730295,0.344629
-0.599645,0.282103
-0.309590,0.144263
-0.215162,0.099813
-0.624402,0.289594
-0.578645,0.268268
-0.809804,0.374437
-0.463637,0.214207
-0.278499,0.128336
-0.355141,0.163593
-0.081121,0.037317
-0.705823,0.322218
-0.875163,0.399491
-0.643312,0.292167
-0.451894,0.203837
-0.196343,0.088334
-0.601162,0.269457
-0.855750,0.383280
-0.360832,0.160860
-0.232528,0.103209
-0.513918,0.227867
-0.547160,0.242007
-0.702213,0.307829
-0.285972,0.125259
-0.693176,0.302130
-0.850484,0.370276
-0.676848,0.294185
-0.327998,0.142520
-0.302378,0.131124
-0.445961,0.192577
-0.124533,0.053654
-0.122918,0.052847
-0.593026,0.254144
-0.912532,0.385041
-0.623185,0.261523
-0.828791,0.347395
-0.744178,0.311334
-0.400682,0.167358
-0.580339,0.241932
-0.588728,0.245156
-0.034802,0.014462
-0.061844,0.025689
-0.247279,0.102644
-0.359511,0.148756
-0.240963,0.099702
-0.764977,0.315023
-0.642835,0.264524
-0.757774,0.310610
-0.049375,0.020216
-0.353548,0.143990
-0.329821,0.134294
-0.560148,0.227718
-0.235548,0.095701
-0.860277,0.349163
-0.377873,0.153075
-0.394158,0.159490
-0.455513,0.183314
-0.736457,0.294131
-0.562566,0.222793
-0.734045,0.289616
-0.453309,0.177584
-0.088304,0.034472
-0.899784,0.350915
-0.283607,0.108995
-0.849835,0.324942
-0.689208,0.260056
-0.652309,0.245859
-0.196824,0.074149
-0.193506,0.072599
-0.732907,0.274086
-0.064560,0.023982
-0.701446,0.260299
-0.592865,0.219910
-0.336483,0.124679
-0.776053,0.285803
-0.304447,0.111747
-0.598713,0.218480
-0.732595,0.266961
-0.352168,0.128080
-0.611707,0.221411
-0.417404,0.149792
-0.112973,0.040330
-0.197022,0.070235
-0.808539,0.286098
-0.693944,0.245262
-0.174953,0.061620
-0.915193,0.322286
-0.333807,0.117484
-0.899384,0.315755
-0.464836,0.162617
-0.176783,0.061438
-0.322968,0.111382
-0.550804,0.189577
-0.890051,0.305987
-0.004806,0.001646
-0.527748,0.177258
-0.061950,0.020744
-0.907673,0.302291
-0.409344,0.136298
-0.302463,0.100612
-0.016219,0.005385
-0.539563,0.178582
-0.647332,0.213857
-0.397997,0.130507
-0.881614,0.288932
-0.783329,0.256181
-0.525088,0.171063
-0.790862,0.256054
-0.196253,0.063338
-0.193163,0.062151
-0.291407,0.093584
-0.895955,0.286802
-0.714698,0.228369
-0.056800,0.018077
-0.937754,0.297867
-0.077510,0.024488
-0.905962,0.284429
-0.433335,0.134846
-0.654834,0.203573
-0.432078,0.133235
-0.593813,0.182559
-0.880624,0.270333
-0.697653,0.213571
-0.040257,0.012313
-0.622309,0.190280
-0.453166,0.137822
-0.467180,0.142082
-0.512715,0.155748
-0.772227,0.233770
-0.145984,0.044187
-0.466499,0.140789
-0.707073,0.213154
-0.366612,0.110016
-0.872178,0.260502
-0.871224,0.259923
-0.582513,0.173718
-0.604405,0.180197
-0.648467,0.192955
-0.254725,0.075149
-0.634344,0.184748
-0.031529,0.009170
-0.546047,0.156855
-0.339607,0.097554
-0.422510,0.121246
-0.048045,0.013776
-0.099694,0.028315
-0.495426,0.140584
-0.730439,0.206224
-0.725214,0.204399
-0.236116,0.066516
-0.406604,0.113828
-0.751358,0.210041
-0.676085,0.188126
-0.192484,0.053357
-0.609896,0.167592
-0.386173,0.105078
-0.384526,0.103921
-0.058569,0.015779
-0.172771,0.046445
-0.768194,0.205887
-0.873801,0.231471
-0.395818,0.104616
-0.842434,0.222405
-0.443632,0.115088
-0.076647,0.019469
-0.489879,0.124352
-0.525132,0.131804
-0.556539,0.139008
-0.754279,0.188108
-0.434476,0.107166
-0.458357,0.112518
-0.149253,0.036553
-0.609346,0.147870
-0.835236,0.201832
-0.069957,0.016814
-0.615515,0.147903
-0.620367,0.148644
-0.628387,0.150313
-0.460280,0.109743
-0.724301,0.172037
-0.281516,0.066565
-0.361482,0.084927
-0.769248,0.180653
-0.273328,0.063864
-0.518028,0.120106
-0.492443,0.112850
-0.339686,0.077440
-0.058953,0.013419
-0.204922,0.046234
-0.882378,0.198452
-0.263520,0.059090
-0.661145,0.148174
-0.406902,0.090966
-0.335144,0.074695
-0.633122,0.140917
-0.939477,0.207503
-0.562996,0.122474
-0.762959,0.165105
-0.400998,0.086232
-0.500021,0.106034
-0.008148,0.001726
-0.975701,0.206537
-0.524443,0.110961
-0.373865,0.079010
-0.011992,0.002528
-0.118201,0.024581
-0.435407,0.090351
-0.951343,0.196794
-0.498685,0.102683
-0.898136,0.184625
-0.502791,0.103106
-0.738528,0.151393
-0.516927,0.105606
-0.969239,0.197666
-0.074837,0.015227
-0.362909,0.073486
-0.309130,0.062403
-0.761989,0.153592
-0.406946,0.081893
-0.803667,0.158924
-0.081409,0.016025
-0.229121,0.044523
-0.962634,0.186261
-0.084715,0.016204
-0.560689,0.107111
-0.099346,0.018909
-0.221066,0.042027
-0.402175,0.076146
-0.130129,0.024029
-0.228395,0.042150
-0.379716,0.069397
-0.386104,0.070310
-0.373504,0.067823
-0.323204,0.058679
-0.411279,0.074658
-0.515873,0.093602
-0.128929,0.023099
-0.547285,0.097549
-0.729450,0.129307
-0.272433,0.047874
-0.281791,0.049481
-0.116890,0.020239
-0.156198,0.026798
-0.860586,0.147177
-0.519780,0.088501
-0.293530,0.049650
-0.627825,0.105141
-0.344098,0.057611
-0.514533,0.085549
-0.613500,0.101488
-0.274404,0.044992
-0.669633,0.109725
-0.924960,0.150400
-0.212872,0.034467
-0.986350,0.156424
-0.861876,0.136152
-0.791635,0.122592
-0.102083,0.015774
-0.377177,0.058163
-0.876289,0.133777
-0.562698,0.085009
-0.327640,0.049450
-0.309561,0.046248
-0.676247,0.099982
-0.381037,0.056244
-0.432731,0.063281
-0.494870,0.072136
-0.090209,0.013124
-0.582403,0.084543
-0.502781,0.072814
-0.031938,0.004621
-0.320130,0.046244
-0.428356,0.060884
-0.090954,0.012874
-0.656986,0.092178
-0.069022,0.009672
-0.302244,0.041964
-0.757928,0.104985
-0.966252,0.132814
-0.640209,0.087917
-0.722892,0.099228
-0.051980,0.007135
-0.622947,0.084892
-0.127768,0.017296
-0.582632,0.076352
-0.590311,0.076578
-0.237190,0.030538
-0.388741,0.049985
-0.856133,0.108886
-0.826714,0.103773
-0.203563,0.025046
-0.093995,0.011513
-0.899492,0.109499
-0.745778,0.090169
-0.350271,0.041261
-0.577167,0.067949
-0.138449,0.016226
-0.982896,0.114385
-0.542847,0.062464
-0.438822,0.050097
-0.971301,0.110478
-0.765308,0.086408
-0.707250,0.079767
-0.703742,0.078967
-0.246063,0.027568
-0.169769,0.018930
-0.643952,0.067891
-0.302167,0.031841
-0.094948,0.009866
-0.012859,0.001336
-0.502214,0.051748
-0.316286,0.032564
-0.281670,0.027951
-0.417170,0.040471
-0.508020,0.047362
-0.725800,0.067252
-0.256842,0.023757
-0.416832,0.037819
-0.311599,0.028260
-0.136566,0.012260
-0.163658,0.014599
-0.644584,0.056119
-0.259840,0.022165
-0.077557,0.006561
-0.338491,0.028237
-0.865148,0.071574
-0.823619,0.068013
-0.117665,0.009582
-0.907128,0.073864
-0.483719,0.038394
-0.493633,0.038054
-0.106771,0.008098
-0.246295,0.017964
-0.254835,0.018495
-0.974650,0.070571
-0.959376,0.067573
-0.666038,0.046788
-0.576545,0.039229
-0.235938,0.015596
-0.768345,0.050306
-0.052937,0.003419
-0.102037,0.006332
-0.659938,0.040048
-0.434453,0.025534
-0.525555,0.030428
-0.939490,0.051404
-0.359506,0.019270
-0.766535,0.041038
-0.380015,0.020254
-0.638566,0.033610
-0.591138,0.030976
-0.291878,0.015030
-0.620482,0.031354
-0.312804,0.015195
-0.996992,0.048102
-0.169531,0.007847
-0.245582,0.011212
-0.471282,0.021379
-0.443951,0.019170
-0.615752,0.026550
-0.104117,0.004290
-0.082982,0.003342
-0.224099,0.008565
-0.255105,0.009507
-0.195586,0.007156
-0.580692,0.021232
-0.831440,0.030093
-0.218785,0.007770
-0.448928,0.015934
-0.073938,0.002314
-0.088283,0.002720
-0.100424,0.002862
-0.053481,0.001432
-0.975099,0.025809
-0.795045,0.020610
-0.129056,0.003242
-0.081753,0.001974
-0.068731,0.001583
-0.905685,0.020612
-0.792676,0.017416
-0.316511,0.006665
-0.522818,0.010297
-0.400706,0.007875
-0.565925,0.011076
-0.462766,0.008730
-0.902805,0.015365
-0.662987,0.010841
-0.829382,0.013387
-0.131745,0.001910
-0.255519,0.003303
-0.569398,0.007169
-0.335452,0.003366
-0.344061,0.002746
-0.165072,0.000991
-0.918005,0.005219
-0.368709,0.001954
-0.184148,0.000899
-0.812399,0.003044
-0.722065,0.001025
-0.453364,0.000610
-0.628979,0.000821
-0.098532,0.000002
-0.836042,-0.000167
-0.129700,-0.000038
-0.469548,-0.000176
-0.109358,-0.000061
-0.678863,-0.000923
-0.459109,-0.001241
-0.180095,-0.000522
-0.014260,-0.000045
-0.297734,-0.001277
-0.669463,-0.003548
-0.051655,-0.000292
-0.795087,-0.004726
-0.082731,-0.000647
-0.970988,-0.007894
-0.376461,-0.003273
-0.163182,-0.001432
-0.761644,-0.006973
-0.117117,-0.001215
-0.540038,-0.006229
-0.718739,-0.010088
-0.454799,-0.006588
-0.327579,-0.004905
-0.788302,-0.013923
-0.905035,-0.016727
-0.633523,-0.012100
-0.602620,-0.011818
-0.482124,-0.009516
-0.849974,-0.017013
-0.165349,-0.003360
-0.870958,-0.019034
-0.163324,-0.003601
-0.790811,-0.017537
-0.450347,-0.010083
-0.116711,-0.002733
-0.200282,-0.004918
-0.564537,-0.014166
-0.467735,-0.012690
-0.173317,-0.004768
-0.257166,-0.007258
-0.529234,-0.015053
-0.979542,-0.028071
-0.892988,-0.025768
-0.018929,-0.000558
-0.907113,-0.031468
-0.188419,-0.006914
-0.514408,-0.019508
-0.940024,-0.036854
-0.513876,-0.020621
-0.515093,-0.021873
-0.300760,-0.012796
-0.923153,-0.039449
-0.681706,-0.029198
-0.030548,-0.001427
-0.647477,-0.030501
-0.644783,-0.030613
-0.431796,-0.021008
-0.181788,-0.009000
-0.459366,-0.022961
-0.762604,-0.039964
-0.969467,-0.050913
-0.395193,-0.021471
-0.258527,-0.014127
-0.544190,-0.029914
-0.617574,-0.034812
-0.821064,-0.047175
-0.769564,-0.044280
-0.055811,-0.003278
-0.107936,-0.006405
-0.892369,-0.054765
-0.046677,-0.003044
-0.347999,-0.023814
-0.715135,-0.050156
-0.689501,-0.048516
-0.958039,-0.068489
-0.534126,-0.038464
-0.777758,-0.058675
-0.157444,-0.011988
-0.083733,-0.006682
-0.080303,-0.006414
-0.029447,-0.002357
-0.694801,-0.056501
-0.332171,-0.028363
-0.296090,-0.025432
-0.512871,-0.044662
-0.698291,-0.061910
-0.309568,-0.027672
-0.395200,-0.036152
-0.782530,-0.072769
-0.977633,-0.090939
-0.333063,-0.030993
-0.099262,-0.009243
-0.411064,-0.039009
-0.036374,-0.003537
-0.534582,-0.052343
-0.772148,-0.076427
-0.499823,-0.049948
-0.228231,-0.022984
-0.952055,-0.096052
-0.381991,-0.038568
-0.343188,-0.034942
-0.424900,-0.043969
-0.729555,-0.075602
-0.424713,-0.044183
-0.107352,-0.011216
-0.137169,-0.014376
-0.688976,-0.073256
-0.628662,-0.066892
-0.011214,-0.001194
-0.051100,-0.005633
-0.372215,-0.041103
-0.833808,-0.092141
-0.848124,-0.094305
-0.666996,-0.075045
-0.418702,-0.047129
-0.177368,-0.020025
-0.540495,-0.063991
-0.140304,-0.016903
-0.363720,-0.043934
-0.330153,-0.040049
-0.302373,-0.037006
-0.880729,-0.109055
-0.715324,-0.088600
-0.863917,-0.108460
-0.362174,-0.046565
-0.560537,-0.073122
-0.794446,-0.103808
-0.624067,-0.081724
-0.516588,-0.068489
-0.855443,-0.113557
-0.164780,-0.022043
-0.740342,-0.099109
-0.666984,-0.089377
-0.405919,-0.055331
-0.429668,-0.058776
-0.077269,-0.010670
-0.113961,-0.015903
-0.559831,-0.079645
-0.164615,-0.023455
-0.895756,-0.129087
-0.006281,-0.000907
-0.436869,-0.063113
-0.846293,-0.122357
-0.120243,-0.018004
-0.108226,-0.016224
-0.806387,-0.121240
-0.198416,-0.030640
-0.366824,-0.056980
-0.459549,-0.071440
-0.062524,-0.009750
-0.017311,-0.002702
-0.144185,-0.022533
-0.102436,-0.016107
-0.115390,-0.018175
-0.821633,-0.131652
-0.981841,-0.158305
-0.950001,-0.153595
-0.899754,-0.145544
-0.355740,-0.057931
-0.588434,-0.095933
-0.790332,-0.129247
-0.695996,-0.113848
-0.025884,-0.004240
-0.432403,-0.070932
-0.535213,-0.088701
-0.121860,-0.020224
-0.798633,-0.133153
-0.653609,-0.109299
-0.857485,-0.145072
-0.948971,-0.160960
-0.096649,-0.016409
-0.401276,-0.068380
-0.650507,-0.111166
-0.428484,-0.073761
-0.902125,-0.156337
-0.886075,-0.153592
-0.634075,-0.110750
-0.397058,-0.069493
-0.663974,-0.116236
-0.258834,-0.045355
-0.929390,-0.163911
-0.019344,-0.003551
-0.344120,-0.063630
-0.708995,-0.131113
-0.198825,-0.036869
-0.077638,-0.014401
-0.900989,-0.167223
-0.417838,-0.077702
-0.158234,-0.029434
-0.570465,-0.106230
-0.525005,-0.098722
-0.704354,-0.132751
-0.973373,-0.183875
-0.147108,-0.027829
-0.121451,-0.022998
-0.327149,-0.062050
-0.616231,-0.116900
-0.362461,-0.069401
-0.084769,-0.016302
-0.402772,-0.077473
-0.299736,-0.057948
-0.871479,-0.169488
-0.349463,-0.068023
-0.981044,-0.192216
-0.964771,-0.190181
-0.732367,-0.144927
-0.377415,-0.074988
-0.886608,-0.179029
-0.541284,-0.110657
-0.413532,-0.085214
-0.116484,-0.024052
-0.057524,-0.011906
-0.340749,-0.071304
-0.857690,-0.181687
-0.877340,-0.187702
-0.488006,-0.104748
-0.533801,-0.114623
-0.059565,-0.012942
-0.879284,-0.191208
-0.937997,-0.205371
-0.817242,-0.180298
-0.424909,-0.094628
-0.559258,-0.125574
-0.417352,-0.093773
-0.678821,-0.153446
-0.154948,-0.035171
-0.745542,-0.169315
-0.614031,-0.139778
-0.947799,-0.216964
-0.520712,-0.119748
-0.236962,-0.054506
-0.911804,-0.211787
-0.927654,-0.215675
-0.768400,-0.178912
-0.560072,-0.130735
-0.575186,-0.134930
-0.183871,-0.043388
-0.001650,-0.000390
-0.350790,-0.083472
-0.408330,-0.097399
-0.773515,-0.185953
-0.318108,-0.076576
-0.251691,-0.060612
-0.633524,-0.152620
-0.158679,-0.038310
-0.189888,-0.045896
-0.255113,-0.061665
-0.132423,-0.032460
-0.348498,-0.085707
-0.138687,-0.034427
-0.605972,-0.150538
-0.831122,-0.206571
-0.021878,-0.005470
-0.224915,-0.056312
-0.056095,-0.014131
-0.326711,-0.082734
-0.061923,-0.015736
-0.029338,-0.007468
-0.556009,-0.141557
-0.751455,-0.194661
-0.009514,-0.002469
-0.152513,-0.039689
-0.413754,-0.107876
-0.893449,-0.233063
-0.647673,-0.170541
-0.400314,-0.105504
-0.402737,-0.106863
-0.758563,-0.202581
-0.316807,-0.086805
-0.300916,-0.082676
-0.251348,-0.069158
-0.290945,-0.080179
-0.647281,-0.179230
-0.007739,-0.002146
-0.570666,-0.158389
-0.653155,-0.181465
-0.859424,-0.239840
-0.602471,-0.169536
-0.525701,-0.148213
-0.489547,-0.138281
-0.598554,-0.169566
-0.939561,-0.266488
-0.858116,-0.243429
-0.875077,-0.248865
-0.899991,-0.256090
-0.354711,-0.100980
-0.842419,-0.240457
-0.909788,-0.260372
-0.529958,-0.152772
-0.797873,-0.230374
-0.695027,-0.203077
-0.338669,-0.098995
-0.743785,-0.217529
-0.700083,-0.204804
-0.316884,-0.092723
-0.486753,-0.142565
-0.249375,-0.073333
-0.580591,-0.170915
-0.850746,-0.250501
-0.573505,-0.169667
-0.807636,-0.240257
-0.368758,-0.109706
-0.935777,-0.281695
-0.175492,-0.053273
-0.742079,-0.225647
-0.640605,-0.195265
-0.107663,-0.032832
-0.306893,-0.093883
-0.202304,-0.062249
-0.779119,-0.240139
-0.569763,-0.177339
-0.672985,-0.209853
-0.892889,-0.278612
-0.670421,-0.210933
-0.262476,-0.082821
-0.261897,-0.082840
-0.200558,-0.063936
-0.424326,-0.135385
-0.902318,-0.288130
-0.762881,-0.245737
-0.271393,-0.087604
-0.885519,-0.286784
-0.314403,-0.102226
-0.221975,-0.072551
-0.594372,-0.194501
-0.929619,-0.306536
-0.661796,-0.218786
-0.011043,-0.003655
-0.168175,-0.055670
-0.024972,-0.008271
-0.674108,-0.223998
-0.898087,-0.298893
-0.747062,-0.250312
-0.379057,-0.127484
-0.117128,-0.039563
-0.116950,-0.039691
-0.217391,-0.074409
-0.384625,-0.132190
-0.062145,-0.021564
-0.134936,-0.047005
-0.848241,-0.296962
-0.314112,-0.110207
-0.161890,-0.057168
-0.733767,-0.259471
-0.532999,-0.191442
-0.377456,-0.135775
-0.136231,-0.049034
-0.262614,-0.094525
-0.546614,-0.197665
-0.225954,-0.081975
-0.487462,-0.178041
-0.926974,-0.339065
-0.686326,-0.251074
-0.546562,-0.201067
-0.569746,-0.209677
-0.472225,-0.174069
-0.312941,-0.115378
-0.715502,-0.268144
-0.380314,-0.142570
-0.105085,-0.039587
-0.369371,-0.141006
-0.644565,-0.248918
-0.209373,-0.081538
-0.477060,-0.185790
-0.889671,-0.348022
-0.635817,-0.248809
-0.900550,-0.353104
-0.371180,-0.145615
-0.230903,-0.090852
-0.370003,-0.146244
-0.563419,-0.223657
-0.525174,-0.209759
-0.840389,-0.337696
-0.847826,-0.342758
-0.235866,-0.095464
-0.178180,-0.072371
-0.721157,-0.293118
-0.717580,-0.292900
-0.636541,-0.260238
-0.794271,-0.325883
-0.303940,-0.125078
-0.222353,-0.091697
-0.674365,-0.282299
-0.035432,-0.014922
-0.212143,-0.089561
-0.696025,-0.295147
-0.802031,-0.340220
-0.430394,-0.183888
-0.640342,-0.273940
-0.010211,-0.004369
-0.756759,-0.324271
-0.100310,-0.043111
-0.473931,-0.203844
-0.574642,-0.247444
-0.116632,-0.050279
-0.691113,-0.298759
-0.567511,-0.246106
-0.016926,-0.007370
-0.198618,-0.086511
-0.222333,-0.097277
-0.784932,-0.343458
-0.881193,-0.385966
-0.744493,-0.327340
-0.754673,-0.334068
-0.895541,-0.397032
-0.466689,-0.207110
-0.342294,-0.152787
-0.426095,-0.190414
-0.592263,-0.265295
-0.595847,-0.267010
-0.177244,-0.079675
-0.740615,-0.332980
-0.172735,-0.077774
-0.889778,-0.401344
-0.660788,-0.298150
-0.645472,-0.291256
-0.261345,-0.118039
-0.083363,-0.037702
-0.883689,-0.400805
-0.652760,-0.296390
-0.195734,-0.089101
-0.355590,-0.162859
-0.861849,-0.396227
-0.686875,-0.318169
-0.169092,-0.078476
-0.179304,-0.083709
-0.454960,-0.212628
-0.218485,-0.102702
-0.631938,-0.298071
-0.264159,-0.125044
-0.211923,-0.100627
-0.896171,-0.426971
-0.625080,-0.300110
-0.074395,-0.035846
-0.127611,-0.061535
-0.664862,-0.321647
-0.613263,-0.297118
-0.756748,-0.366740
-0.429621,-0.208838
-0.485117,-0.236013
-0.794346,-0.387631
-0.572562,-0.281058
-0.297830,-0.146343
-0.045883,-0.022558
-0.612507,-0.301420
-0.476837,-0.234740
-0.118936,-0.058587
-0.610292,-0.301592
-0.632007,-0.313184
-0.187379,-0.093000
-0.383984,-0.191668
-0.132742,-0.066313
-0.618132,-0.309214
-0.641520,-0.321210
-0.788925,-0.395321
-0.723066,-0.363241
-0.613515,-0.310340
-0.715608,-0.363375
-0.759619,-0.385773
-0.661227,-0.336034
-0.474381,-0.242839
-0.557423,-0.285862
-0.082768,-0.042599
-0.069334,-0.035701
-0.113525,-0.058463
-0.439369,-0.229420
-0.269554,-0.140798
-0.014146,-0.007414
-0.325349,-0.170526
-0.267766,-0.140952
-0.232618,-0.122707
-0.028627,-0.015139
-0.143635,-0.075970
-0.772378,-0.411123
-0.225991,-0.120523
-0.372935,-0.199668
-0.191952,-0.103135
-0.119586,-0.064362
-0.755873,-0.408835
-0.869703,-0.472038
-0.627555,-0.340992
-0.490423,-0.268207
-0.753111,-0.411891
-0.151314,-0.082833
-0.117478,-0.064311
-0.714662,-0.391587
-0.745226,-0.408963
-0.295657,-0.162253
-0.687774,-0.377442
-0.366383,-0.201142
-0.022187,-0.012183
-0.681570,-0.374851
-0.441099,-0.242877
-0.402340,-0.221641
-0.507999,-0.280659
-0.432116,-0.238967
-0.815920,-0.451394
-0.793560,-0.440130
-0.528590,-0.293473
-0.549024,-0.305193
-0.322662,-0.179737
-0.825728,-0.460301
-0.727982,-0.407223
-0.517307,-0.290611
-0.778480,-0.439031
-0.821422,-0.463860
-0.425365,-0.240897
-0.138053,-0.078297
-0.778635,-0.442409
-0.573734,-0.326373
-0.492484,-0.281363
-0.173344,-0.100051
-0.459289,-0.265152
-0.069899,-0.040535
-0.366401,-0.213389
-0.124822,-0.072916
-0.507903,-0.297606
-0.771975,-0.453208
-0.230611,-0.135614
-0.837854,-0.493181
-0.159821,-0.094171
-0.497327,-0.293654
-0.328439,-0.194047
-0.361691,-0.214080
-0.458732,-0.271816
-0.432651,-0.259022
-0.563978,-0.337737
-0.422452,-0.253066
-0.707517,-0.424007
-0.635426,-0.380919
-0.658033,-0.394491
-0.466718,-0.280991
-0.739416,-0.445420
-0.579109,-0.349028
-0.557885,-0.337346
-0.679281,-0.411244
-0.667214,-0.405367
-0.330594,-0.201052
-0.525175,-0.319714
-0.448998,-0.273565
-0.220208,-0.134192
-0.152171,-0.092766
-0.526935,-0.321852
-0.394821,-0.241183
-0.557566,-0.340729
-0.710825,-0.434864
-0.724555,-0.445609
-0.533897,-0.328583
-0.642344,-0.396479
-0.363314,-0.224492
-0.739326,-0.458406
-0.251990,-0.157716
-0.175729,-0.110226
-0.626611,-0.396136
-0.029532,-0.018677
-0.715819,-0.454917
-0.078721,-0.050050
-0.786099,-0.499817
-0.089835,-0.057237
-0.418916,-0.267357
-0.165449,-0.106149
-0.595702,-0.382571
-0.121786,-0.078249
-0.639262,-0.410742
-0.085178,-0.054735
-0.701343,-0.454082
-0.038982,-0.025257
-0.391919,-0.253946
-0.723131,-0.468908
-0.397174,-0.258567
-0.506809,-0.330152
-0.278132,-0.181404
-0.470419,-0.306917
-0.615448,-0.401767
-0.588824,-0.386651
-0.393676,-0.258639
-0.548435,-0.361219
-0.292690,-0.192876
-0.648075,-0.427912
-0.147612,-0.097662
-0.617052,-0.408650
-0.639884,-0.426392
-0.749972,-0.500612
-0.758743,-0.509613
-0.569147,-0.382968
-0.826842,-0.561977
-0.282126,-0.191915
-0.476909,-0.325726
-0.346156,-0.236610
-0.739197,-0.510132
-0.237055,-0.163871
-0.813164,-0.563027
-0.159043,-0.110402
-0.561878,-0.391571
-0.044579,-0.031076
-0.459428,-0.321613
-0.271322,-0.190141
-0.268935,-0.189013
-0.013714,-0.009678
-0.408945,-0.290920
-0.357099,-0.254107
-0.372784,-0.266090
-0.121094,-0.086578
-0.284752,-0.203645
-0.054990,-0.039367
-0.584970,-0.418978
-0.158011,-0.113434
-0.594914,-0.428237
-0.195320,-0.140841
-0.042830,-0.030952
-0.093669,-0.068090
-0.651791,-0.476577
-0.547859,-0.401072
-0.214706,-0.157966
-0.116240,-0.085539
-0.478197,-0.352122
-0.227062,-0.167603
-0.517249,-0.382406
-0.613647,-0.455362
-0.787740,-0.587107
-0.658520,-0.491232
-0.033049,-0.024656
-0.270451,-0.201791
-0.404711,-0.302727
-0.590114,-0.441510
-0.581180,-0.434892
-0.224028,-0.167767
-0.285162,-0.213765
-0.439123,-0.329541
-0.495541,-0.371961
-0.307018,-0.231538
-0.067786,-0.051160
-0.515579,-0.390480
-0.007249,-0.005506
-0.369167,-0.280620
-0.117923,-0.090197
-0.223462,-0.171272
-0.693452,-0.531840
-0.148834,-0.114187
-0.066703,-0.051187
-0.781827,-0.602481
-0.488349,-0.377315
-0.542615,-0.419491
-0.542878,-0.420155
-0.516041,-0.399592
-0.566565,-0.438796
-0.371524,-0.287829
-0.754596,-0.585385
-0.496792,-0.385755
-0.418081,-0.326025
-0.262976,-0.206401
-0.559614,-0.440290
-0.778072,-0.612868
-0.263978,-0.208834
-0.374769,-0.297210
-0.649129,-0.514864
-0.333865,-0.265120
-0.770434,-0.615149
-0.143706,-0.114809
-0.045340,-0.036234
-0.611853,-0.489078
-0.690442,-0.556014
-0.198667,-0.160468
-0.547123,-0.441996
-0.052188,-0.042489
-0.151894,-0.123813
-0.204561,-0.168847
-0.014249,-0.011804
-0.613175,-0.508295
-0.143674,-0.119154
-0.755787,-0.626956
-0.101700,-0.084520
-0.583878,-0.489144
-0.204452,-0.171587
-0.216750,-0.182228
-0.522591,-0.442693
-0.320973,-0.272224
-0.661387,-0.561718
-0.515655,-0.439461
-0.732581,-0.625391
-0.193370,-0.165295
-0.561841,-0.480493
-0.425222,-0.364041
-0.282364,-0.241871
-0.519201,-0.446193
-0.078121,-0.067138
-0.642451,-0.556102
-0.523791,-0.453499
-0.332117,-0.287570
-0.150894,-0.130785
-0.049312,-0.042828
-0.656961,-0.570593
-0.101900,-0.088522
-0.462862,-0.402099
-0.668206,-0.581207
-0.444680,-0.386901
-0.516221,-0.449616
-0.539234,-0.470049
-0.097463,-0.085004
-0.377867,-0.329800
-0.366939,-0.320676
-0.498768,-0.436285
-0.660856,-0.578509
-0.105942,-0.092813
-0.152546,-0.133774
-0.674692,-0.591849
-0.216402,-0.190083
-0.290495,-0.255914
-0.516999,-0.458086
-0.275331,-0.245012
-0.560278,-0.499401
-0.476396,-0.425456
-0.291215,-0.260385
-0.061870,-0.055650
-0.251051,-0.225834
-0.181897,-0.163892
-0.009543,-0.008605
-0.602671,-0.544263
-0.151091,-0.136713
-0.479551,-0.435919
-0.524511,-0.477197
-0.628574,-0.572162
-0.245920,-0.224137
-0.104941,-0.095963
-0.289061,-0.265893
-0.103530,-0.095253
-0.641547,-0.590789
-0.066665,-0.061498
-0.034604,-0.031944
-0.033747,-0.031155
-0.216455,-0.199842
-0.211064,-0.195240
-0.091021,-0.084311
-0.460543,-0.427439
-0.604906,-0.562589
-0.094441,-0.087953
-0.524963,-0.489209
-0.035980,-0.033673
-0.209872,-0.196567
-0.300204,-0.281546
-0.006032,-0.005658
-0.080899,-0.076106
-0.255510,-0.240488
-0.020437,-0.019337
-0.352971,-0.335294
-0.612526,-0.582131
-0.404772,-0.386447
-0.396626,-0.381133
-0.050588,-0.048645
-0.407091,-0.391997
-0.253366,-0.244015
-0.673781,-0.649107
-0.407066,-0.392210
-0.392604,-0.378985
-0.333478,-0.322171
-0.284658,-0.275726
-0.362513,-0.351542
-0.457827,-0.445180
-0.144514,-0.140650
-0.064104,-0.062457
-0.588526,-0.573585
-0.585043,-0.570702
-0.623058,-0.608727
-0.664033,-0.649338
-0.046912,-0.046095
-0.607041,-0.596836
-0.020752,-0.020587
-0.247072,-0.245783
-0.643838,-0.640958
-0.525870,-0.523758
-0.011346,-0.011350
-0.260487,-0.260951
-0.041004,-0.041297
-0.161505,-0.163123
-0.639133,-0.646553
-0.660513,-0.669084
-0.326695,-0.331595
-0.066074,-0.067156
-0.098160,-0.099826
-0.548222,-0.558392
-0.324949,-0.332532
-0.122947,-0.126017
-0.505897,-0.519271
-0.215161,-0.221076
-0.618242,-0.636815
-0.547595,-0.564872
-0.575349,-0.595501
-0.282731,-0.292662
-0.214316,-0.222075
-0.553340,-0.573782
-0.675869,-0.701743
-0.538071,-0.558749
-0.585144,-0.608651
-0.402658,-0.419297
-0.009728,-0.010164
-0.092092,-0.096649
-0.535014,-0.561672
-0.494431,-0.521665
-0.368158,-0.389346
-0.297567,-0.315073
-0.551930,-0.585532
-0.472544,-0.502766
-0.283842,-0.302573
-0.387984,-0.413860
-0.509096,-0.543223
-0.683359,-0.729889
-0.169789,-0.181362
-0.268349,-0.287128
-0.369293,-0.396173
-0.354372,-0.380167
-0.013808,-0.014891
-0.430703,-0.465304
-0.345962,-0.375638
-0.204578,-0.222667
-0.217638,-0.237799
-0.442514,-0.484760
-0.382116,-0.419991
-0.373827,-0.411298
-0.375439,-0.413381
-0.451386,-0.498273
-0.008995,-0.009930
-0.110000,-0.121796
-0.211530,-0.234340
-0.630021,-0.698629
-0.374639,-0.416338
-0.446777,-0.496968
-0.297154,-0.330589
-0.563429,-0.629121
-0.526045,-0.588374
-0.368435,-0.413105
-0.639316,-0.719747
-0.496677,-0.559576
-0.003825,-0.004310
-0.627639,-0.709721
-0.644128,-0.729503
-0.009929,-0.011279
-0.343228,-0.390044
-0.218915,-0.249099
-0.269716,-0.307291
-0.555414,-0.632816
-0.223403,-0.255171
-0.089684,-0.102546
-0.203583,-0.232931
-0.040657,-0.046650
-0.143453,-0.165997
-0.072478,-0.084797
-0.305500,-0.357864
-0.024997,-0.029341
-0.012989,-0.015254
-0.566320,-0.665486
-0.450126,-0.529872
-0.381060,-0.449161
-0.612905,-0.724913
-0.313310,-0.374177
-0.150050,-0.179483
-0.425651,-0.509428
-0.504264,-0.604914
-0.507952,-0.609568
-0.150113,-0.180144
-0.418796,-0.504204
-0.319565,-0.389405
-0.551260,-0.675817
-0.294977,-0.362280
-0.538973,-0.662846
-0.129138,-0.158992
-0.146307,-0.180314
-0.205669,-0.253628
-0.614023,-0.761752
-0.527935,-0.655026
-0.371467,-0.463559
-0.255288,-0.320001
-0.302475,-0.379223
-0.372557,-0.467852
-0.489939,-0.616994
-0.341906,-0.431263
-0.219345,-0.277020
-0.004895,-0.006185
-0.433604,-0.551621
-0.419654,-0.534426
-0.462469,-0.589396
-0.086704,-0.110778
-0.601267,-0.769309
-0.556423,-0.713774
-0.581568,-0.746360
-0.127414,-0.163929
-0.514161,-0.662725
-0.289043,-0.373641
-0.265695,-0.343799
-0.484597,-0.628159
-0.566955,-0.735122
-0.286759,-0.372035
-0.266716,-0.346483
-0.096743,-0.125760
-0.266184,-0.346376
-0.058798,-0.076808
-0.350464,-0.459968
-0.296571,-0.391092
-0.362373,-0.477974
-0.595822,-0.787656
-0.247702,-0.327970
-0.389072,-0.515908
-0.536830,-0.711931
-0.244404,-0.325703
-0.378920,-0.505170
-0.228790,-0.305238
-0.570032,-0.761868
-0.412069,-0.551726
-0.026164,-0.035160
-0.042394,-0.057052
-0.093811,-0.126561
-0.370006,-0.500621
-0.421578,-0.572975
-0.208143,-0.283168
-0.306048,-0.416442
-0.146217,-0.199827
-0.006855,-0.009379
-0.494063,-0.677607
-0.068263,-0.093694
-0.463732,-0.637414
-0.586843,-0.807612
-0.579038,-0.799041
-0.357495,-0.495632
-0.378471,-0.524903
-0.479468,-0.666068
-0.444213,-0.618624
-0.134408,-0.187190
-0.356544,-0.496592
-0.470199,-0.660874
-0.523642,-0.736813
-0.523151,-0.737535
-0.164459,-0.232196
-0.555110,-0.784032
-0.483976,-0.684033
-0.485184,-0.686805
-0.242358,-0.343456
-0.079025,-0.112302
-0.190432,-0.270699
-0.219359,-0.312084
-0.216499,-0.308105
-0.455002,-0.657194
-0.152286,-0.220537
-0.403087,-0.592425
-0.473608,-0.696402
-0.397914,-0.585168
-0.025178,-0.037039
-0.430386,-0.637360
-0.533285,-0.791638
-0.469838,-0.699649
-0.066528,-0.100057
-0.401185,-0.604143
-0.173484,-0.261312
-0.024876,-0.037520
-0.474265,-0.717189
-0.255597,-0.387098
-0.290803,-0.443061
-0.045483,-0.069309
-0.320616,-0.489283
-0.386954,-0.592853
-0.284799,-0.437084
-0.280740,-0.431006
-0.172321,-0.264835
-0.279129,-0.429891
-0.435318,-0.670633
-0.060528,-0.093334
-0.262755,-0.405558
-0.360137,-0.559729
-0.114204,-0.177563
-0.443034,-0.690751
-0.147909,-0.231306
-0.410414,-0.642707
-0.021099,-0.033123
-0.274330,-0.431882
-0.229635,-0.361639
-0.165484,-0.260751
-0.403659,-0.636045
-0.478189,-0.753883
-0.076747,-0.121014
-0.186171,-0.294365
-0.519375,-0.822500
-0.402579,-0.638523
-0.159737,-0.253480
-0.450131,-0.714522
-0.160242,-0.254612
-0.382568,-0.609823
-0.093038,-0.148486
-0.503629,-0.803820
-0.301096,-0.481628
-0.077268,-0.123676
-0.279441,-0.449170
-0.486157,-0.785786
-0.511627,-0.828093
-0.428536,-0.696813
-0.258725,-0.422136
-0.253283,-0.414672
-0.162125,-0.266370
-0.462825,-0.761240
-0.250974,-0.414108
-0.168601,-0.278469
-0.109607,-0.181399
-0.433222,-0.718306
-0.342335,-0.569671
-0.125088,-0.208168
-0.144273,-0.240284
-0.196388,-0.327089
-0.451850,-0.753136
-0.301578,-0.506497
-0.168654,-0.283374
-0.370681,-0.625480
-0.123565,-0.208705
-0.253543,-0.430258
-0.096732,-0.165494
-0.279296,-0.477954
-0.500404,-0.859195
-0.237250,-0.408335
-0.129620,-0.223218
-0.385720,-0.664536
-0.392987,-0.678314
-0.211779,-0.365780
-0.094541,-0.163511
-0.080691,-0.140084
-0.390010,-0.678345
-0.012468,-0.021710
-0.441544,-0.772813
-0.199165,-0.349346
-0.187278,-0.328495
-0.160699,-0.282122
-0.372349,-0.654425
-0.466576,-0.823817
-0.491305,-0.869659
-0.414153,-0.736516
-0.217710,-0.387913
-0.345894,-0.622141
-0.051220,-0.092266
-0.421323,-0.759692
-0.451604,-0.814418
-0.106971,-0.194080
-0.032435,-0.058855
-0.111088,-0.201919
-0.436258,-0.794725
-0.387150,-0.705621
-0.176638,-0.323108
-0.065769,-0.120972
-0.446856,-0.824841
-0.305180,-0.566719
-0.123548,-0.229752
-0.208213,-0.388638
-0.440190,-0.822634
-0.092672,-0.174054
-0.256873,-0.483146
-0.001820,-0.003430
-0.015531,-0.029290
-0.361033,-0.683082
-0.231083,-0.437323
-0.386723,-0.732785
-0.263629,-0.501802
-0.242693,-0.462834
-0.149971,-0.286616
-0.292967,-0.561545
-0.075785,-0.145353
-0.420213,-0.806687
-0.124233,-0.239434
-0.035937,-0.069965
-0.366871,-0.715888
-0.009039,-0.017640
-0.158270,-0.310200
-0.038814,-0.076602
-0.196706,-0.391027
-0.163093,-0.324431
-0.196431,-0.393169
-0.407612,-0.817840
-0.421866,-0.847021
-0.038409,-0.077120
-0.155894,-0.314901
-0.295941,-0.598457
-0.060932,-0.123932
-0.258193,-0.526266
-0.220732,-0.450238
-0.106770,-0.217839
-0.069622,-0.142336
-0.270428,-0.555926
-0.006331,-0.013015
-0.393095,-0.817311
-0.392424,-0.817636
-0.390929,-0.814540
-0.423612,-0.885185
-0.350750,-0.735556
-0.312751,-0.656292
-0.124315,-0.261990
-0.085600,-0.180553
-0.308767,-0.651335
-0.347486,-0.736277
-0.294293,-0.625213
-0.357034,-0.760268
-0.271362,-0.581749
-0.195900,-0.421785
-0.039154,-0.084348
-0.268161,-0.578280
-0.036856,-0.079660
-0.107398,-0.232309
-0.067826,-0.147262
-0.268548,-0.589490
-0.316518,-0.699598
-0.366460,-0.812751
-0.384128,-0.852765
-0.073278,-0.163021
-0.060880,-0.135503
-0.210349,-0.468357
-0.110478,-0.246301
-0.155828,-0.348787
-0.302768,-0.678868
-0.287897,-0.648191
-0.269548,-0.607872
-0.388332,-0.877633
-0.143637,-0.324652
-0.060621,-0.137644
-0.343917,-0.781132
-0.256751,-0.584338
-0.065848,-0.150016
-0.278431,-0.640036
-0.312818,-0.719099
-0.006295,-0.014623
-0.131578,-0.305853
-0.013982,-0.032507
-0.265221,-0.619149
-0.356665,-0.835150
-0.266305,-0.623724
-0.232502,-0.544816
-0.391117,-0.918295
-0.012022,-0.028288
-0.180676,-0.425987
-0.140306,-0.330950
-0.092176,-0.217615
-0.106663,-0.251975
-0.364253,-0.863122
-0.285146,-0.679068
-0.355956,-0.850517
-0.208287,-0.499162
-0.154714,-0.370825
-0.098295,-0.235905
-0.049912,-0.120128
-0.160733,-0.387117
-0.354424,-0.854248
-0.270563,-0.656456
-0.240128,-0.585263
-0.134135,-0.329403
-0.202135,-0.496509
-0.276191,-0.678921
-0.131066,-0.324913
-0.330523,-0.819764
-0.219588,-0.547948
-0.291244,-0.726918
-0.193615,-0.486147
-0.323479,-0.812695
-0.364176,-0.917833
-0.206341,-0.520168
-0.352262,-0.892491
-0.355075,-0.903806
-0.191085,-0.486641
-0.132789,-0.340117
-0.132247,-0.338750
-0.238677,-0.611900
-0.222038,-0.571137
-0.129785,-0.333893
-0.106348,-0.274177
-0.266377,-0.692884
-0.299322,-0.779574
-0.245450,-0.640451
-0.130935,-0.344445
-0.063290,-0.168518
-0.100716,-0.268487
-0.159187,-0.424519
-0.198115,-0.529232
-0.273346,-0.733136
-0.108061,-0.292314
-0.130323,-0.353702
-0.295478,-0.803654
-0.250625,-0.685455
-0.042858,-0.117229
-0.038867,-0.107655
-0.259834,-0.724483
-0.204938,-0.573460
-0.124783,-0.349865
-0.050524,-0.141743
-0.104314,-0.293094
-0.134393,-0.379320
-0.292947,-0.829967
-0.002794,-0.007964
-0.162609,-0.464528
-0.312690,-0.894685
-0.284002,-0.812813
-0.234791,-0.672587
-0.165451,-0.482356
-0.213839,-0.632700
-0.241906,-0.721466
-0.208737,-0.627001
-0.151085,-0.453912
-0.129047,-0.387781
-0.031102,-0.093551
-0.043384,-0.132303
-0.045807,-0.139730
-0.267969,-0.827558
-0.052577,-0.163367
-0.263357,-0.819132
-0.087127,-0.273616
-0.284751,-0.895587
-0.158777,-0.502410
-0.102889,-0.326552
-0.257163,-0.817115
-0.048959,-0.157664
-0.055234,-0.180153
-0.046818,-0.152897
-0.168964,-0.554702
-0.212758,-0.698710
-0.222960,-0.736661
-0.275767,-0.911452
-0.007415,-0.024543
-0.101330,-0.336057
-0.229415,-0.772105
-0.131026,-0.442032
-0.025521,-0.086274
-0.144955,-0.490147
-0.216465,-0.734391
-0.248819,-0.860655
-0.194745,-0.681063
-0.092987,-0.325384
-0.138773,-0.486302
-0.211754,-0.743236
-0.045468,-0.159720
-0.035355,-0.124670
-0.027074,-0.095835
-0.117782,-0.417490
-0.146608,-0.521113
-0.219009,-0.780886
-0.042727,-0.154620
-0.032685,-0.119313
-0.251346,-0.918210
-0.140351,-0.516722
-0.091726,-0.338360
-0.226424,-0.840517
-0.165618,-0.620760
-0.054933,-0.206200
-0.182699,-0.686532
-0.049289,-0.186534
-0.138181,-0.526227
-0.198485,-0.763958
-0.148087,-0.570933
-0.231656,-0.893530
-0.234887,-0.906563
-0.025587,-0.100491
-0.238264,-0.942626
-0.081724,-0.329743
-0.123806,-0.500620
-0.236247,-0.956182
-0.074489,-0.302101
-0.137913,-0.561829
-0.189499,-0.772539
-0.204992,-0.836837
-0.183115,-0.750708
-0.020177,-0.082737
-0.020696,-0.084874
-0.064936,-0.266593
-0.111338,-0.457693
-0.202538,-0.836139
-0.221625,-0.920644
-0.200394,-0.835002
-0.036976,-0.154385
-0.130790,-0.554192
-0.071184,-0.302117
-0.047139,-0.200267
-0.142579,-0.607081
-0.112226,-0.478908
-0.201111,-0.861985
-0.131888,-0.565657
-0.225105,-0.970270
-0.019348,-0.084239
-0.135231,-0.592863
-0.209677,-0.919674
-0.149815,-0.657205
-0.063246,-0.277807
-0.098868,-0.435007
-0.212436,-0.944822
-0.131207,-0.585931
-0.188799,-0.847790
-0.184295,-0.828795
-0.026686,-0.121304
-0.182124,-0.835679
-0.130067,-0.597510
-0.039914,-0.183438
-0.009001,-0.041728
-0.172440,-0.799453
-0.187985,-0.871917
-0.004385,-0.020494
-0.185745,-0.872550
-0.000893,-0.004259
-0.156919,-0.749259
-0.110147,-0.528043
-0.037292,-0.179969
-0.104131,-0.505792
-0.141511,-0.687506
-0.134224,-0.652979
-0.046779,-0.227756
-0.196980,-0.959369
-0.042210,-0.208259
-0.029148,-0.143817
-0.189718,-0.950636
-0.113878,-0.571343
-0.175887,-0.884400
-0.149925,-0.757354
-0.007476,-0.038015
-0.046814,-0.242638
-0.061228,-0.319833
-0.130294,-0.684415
-0.000019,-0.000101
-0.129673,-0.687730
-0.167138,-0.889325
-0.097702,-0.524402
-0.174225,-0.944495
-0.021443,-0.116865
-0.040961,-0.223285
-0.154595,-0.846054
-0.151084,-0.828825
-0.033837,-0.186160
-0.119549,-0.659004
-0.045058,-0.248646
-0.107407,-0.595219
-0.060204,-0.334430
-0.073265,-0.409469
-0.007592,-0.042705
-0.139461,-0.790326
-0.095231,-0.541090
-0.114003,-0.651679
-0.013450,-0.076979
-0.128471,-0.749886
-0.014867,-0.087325
-0.096392,-0.568647
-0.091507,-0.540181
-0.152957,-0.924085
-0.124183,-0.758741
-0.130864,-0.804820
-0.057084,-0.351319
-0.048544,-0.301385
-0.060967,-0.380160
-0.051152,-0.325413
-0.043722,-0.278951
-0.084559,-0.540604
-0.092230,-0.591343
-0.048850,-0.314249
-0.057863,-0.373483
-0.083541,-0.544330
-0.032702,-0.213183
-0.007904,-0.051699
-0.068924,-0.455787
-0.059784,-0.398509
-0.010570,-0.070547
-0.021655,-0.147638
-0.044702,-0.308892
-0.046721,-0.325480
-0.007614,-0.053369
-0.025325,-0.180225
-0.034996,-0.249894
-0.128259,-0.928748
-0.093133,-0.674818
-0.067800,-0.493878
-0.116764,-0.850689
-0.034425,-0.258305
-0.113870,-0.864377
-0.038503,-0.295161
-0.125951,-0.967701
-0.093732,-0.729555
-0.030890,-0.240963
-0.063739,-0.500251
-0.032051,-0.253228
-0.102889,-0.816994
-0.003637,-0.028911
-0.033802,-0.272626
-0.120438,-0.972884
-0.033318,-0.273665
-0.073769,-0.607938
-0.015394,-0.127628
-0.075156,-0.637937
-0.111765,-0.967154
-0.098988,-0.858466
-0.022039,-0.194234
-0.031403,-0.279179
-0.027165,-0.247568
-0.038925,-0.354797
-0.055439,-0.506008
-0.103858,-0.950211
-0.031212,-0.304827
-0.021652,-0.212335
-0.054537,-0.535510
-0.062649,-0.615231
-0.061683,-0.620493
-0.078419,-0.803074
-0.013649,-0.140197
-0.073609,-0.757712
-0.032374,-0.333994
-0.049452,-0.518370
-0.092243,-0.986034
-0.044842,-0.482172
-0.013580,-0.146178
-0.035360,-0.382761
-0.048327,-0.523336
-0.000828,-0.009167
-0.079805,-0.889799
-0.065602,-0.749650
-0.042138,-0.488706
-0.010638,-0.124731
-0.022809,-0.267726
-0.082864,-0.978360
-0.071937,-0.858102
-0.079242,-0.952471
-0.066900,-0.820372
-0.080098,-0.986210
-0.049647,-0.663456
-0.026117,-0.351295
-0.066904,-0.945226
-0.010571,-0.150378
-0.051698,-0.746778
-0.036020,-0.522392
-0.033930,-0.494448
-0.054528,-0.807968
-0.019618,-0.292457
-0.009646,-0.144764
-0.049811,-0.777655
-0.032576,-0.516514
-0.003676,-0.059864
-0.038380,-0.648962
-0.017424,-0.294883
-0.018163,-0.316476
-0.021653,-0.378962
-0.048058,-0.877564
-0.032857,-0.602617
-0.018889,-0.349059
-0.045226,-0.848295
-0.008193,-0.153923
-0.027506,-0.534983
-0.020127,-0.396891
-0.032669,-0.685713
-0.043250,-0.910531
-0.034016,-0.725561
-0.041725,-0.901959
-0.029222,-0.664866
-0.033188,-0.761621
-0.011127,-0.270097
-0.014934,-0.364869
-0.014640,-0.359584
-0.034266,-0.946897
-0.011544,-0.328805
-0.011452,-0.330606
-0.027120,-0.786855
-0.023823,-0.732337
-0.020456,-0.629502
-0.013382,-0.448675
-0.010577,-0.365853
-0.004251,-0.147543
-0.011184,-0.394810
-0.016714,-0.593079
-0.016078,-0.573208
-0.015405,-0.553323
-0.008217,-0.307839
-0.013473,-0.535277
-0.018277,-0.742025
-0.022096,-0.908229
-0.003470,-0.155096
-0.002763,-0.125678
-0.005906,-0.292457
-0.014980,-0.754596
-0.005053,-0.256056
-0.017332,-0.899071
-0.005084,-0.271833
-0.011656,-0.630808
-0.001832,-0.103195
-0.003308,-0.211144
-0.002759,-0.192458
-0.005591,-0.472517
-0.007354,-0.625473
-0.009613,-0.840343
-0.008236,-0.889416
-0.002574,-0.284732
-0.007595,-0.865246
-0.005630,-0.653793
-0.006409,-0.794211
-0.004682,-0.737553
-0.002341,-0.391929
-0.000085,-0.014999
-0.000569,-0.845936
-0.000312,-1.000000
