0.000000,0.000000
-0.001590,0.999999
-0.000767,0.374109
-0.001647,0.534589
-0.002478,0.714280
-0.003447,0.970805
-0.002600,0.695028
-0.003589,0.920482
-0.001865,0.461316
-0.002389,0.561082
-0.005072,0.919831
-0.004195,0.626811
-0.000962,0.131259
-0.002795,0.376102
-0.003295,0.391157
-0.004453,0.508384
-0.001627,0.184861
-0.006701,0.747501
-0.006603,0.712397
-0.006993,0.693518
-0.005276,0.509713
-0.008743,0.843985
-0.007185,0.657700
-0.010871,0.847004
-0.008212,0.593628
-0.012023,0.859325
-0.014265,0.881775
-0.007375,0.450978
-0.011665,0.705941
-0.006742,0.399455
-0.000519,0.030621
-0.013539,0.715067
-0.013139,0.691424
-0.011559,0.577384
-0.017122,0.849305
-0.007952,0.379025
-0.014386,0.617954
-0.003763,0.152635
-0.011596,0.447001
-0.010690,0.410485
-0.004139,0.157310
-0.007204,0.263771
-0.001258,0.045145
-0.018169,0.645599
-0.008983,0.312615
-0.025923,0.865041
-0.021638,0.686299
-0.019624,0.614745
-0.005730,0.172933
-0.017065,0.506365
-0.005695,0.162146
-0.013672,0.388332
-0.021733,0.609101
-0.008308,0.230355
-0.001938,0.053330
-0.020234,0.551872
-0.029806,0.806075
-0.007918,0.211689
-0.028391,0.749364
-0.024616,0.645320
-0.000582,0.014997
-0.025340,0.613357
-0.005275,0.127130
-0.000307,0.007319
-0.031094,0.730415
-0.001720,0.039132
-0.007618,0.170546
-0.042082,0.892116
-0.002216,0.046493
-0.004956,0.102909
-0.028326,0.582763
-0.039796,0.807060
-0.020101,0.402942
-0.024950,0.477678
-0.028870,0.549550
-0.017327,0.325621
-0.040111,0.734632
-0.022784,0.416757
-0.031417,0.558540
-0.033309,0.591810
-0.029549,0.524593
-0.044723,0.793900
-0.007395,0.130003
-0.008619,0.151281
-0.004918,0.085960
-0.012267,0.213962
-0.045661,0.794632
-0.000111,0.001928
-0.044741,0.770494
-0.046204,0.793633
-0.004681,0.079764
-0.056819,0.946807
-0.058583,0.975513
-0.033863,0.558183
-0.002532,0.041138
-0.011632,0.186340
-0.034211,0.547296
-0.028248,0.449829
-0.005227,0.081638
-0.017510,0.273375
-0.029167,0.442966
-0.047838,0.711873
-0.005320,0.077920
-0.002689,0.039180
-0.032571,0.472160
-0.032789,0.472540
-0.007725,0.110704
-0.044929,0.639862
-0.052412,0.742489
-0.022172,0.310748
-0.032128,0.449713
-0.055757,0.780255
-0.070852,0.984973
-0.054928,0.763391
-0.052431,0.719103
-0.035642,0.487549
-0.062113,0.829585
-0.066620,0.883002
-0.050706,0.667175
-0.053447,0.700319
-0.065910,0.863457
-0.033061,0.430551
-0.068081,0.871107
-0.028978,0.370635
-0.018677,0.236744
-0.006651,0.082874
-0.051022,0.633108
-0.019708,0.243501
-0.013929,0.171876
-0.061621,0.759293
-0.032877,0.403298
-0.066085,0.807713
-0.046454,0.561320
-0.054140,0.652927
-0.068505,0.824196
-0.064520,0.770758
-0.002155,0.025302
-0.014113,0.165291
-0.050697,0.593425
-0.069130,0.803417
-0.000089,0.001031
-0.067183,0.767041
-0.024730,0.280967
-0.035176,0.399044
-0.049357,0.552550
-0.069525,0.771091
-0.076279,0.842795
-0.045296,0.497988
-0.019699,0.215100
-0.012761,0.138390
-0.071920,0.766260
-0.068392,0.727800
-0.039551,0.419990
-0.092674,0.983027
-0.015431,0.162024
-0.078093,0.816804
-0.000355,0.003709
-0.051746,0.534805
-0.019025,0.195570
-0.039212,0.402840
-0.020993,0.215010
-0.085385,0.873901
-0.042822,0.431424
-0.053017,0.533090
-0.004878,0.048847
-0.042512,0.425165
-0.055401,0.550496
-0.083597,0.823005
-0.019817,0.194979
-0.101901,0.989265
-0.034902,0.336007
-0.098071,0.942583
-0.071197,0.684125
-0.005093,0.047988
-0.027978,0.263042
-0.091302,0.851867
-0.054553,0.508616
-0.071043,0.649151
-0.097376,0.889660
-0.065418,0.593787
-0.027240,0.247178
-0.084318,0.763541
-0.045580,0.410379
-0.089148,0.801126
-0.002988,0.026697
-0.057827,0.515800
-0.083314,0.739432
-0.070098,0.617558
-0.111502,0.975356
-0.100319,0.873179
-0.057702,0.500744
-0.101442,0.865159
-0.100365,0.855189
-0.067284,0.572266
-0.071245,0.605190
-0.055583,0.472003
-0.030924,0.261443
-0.116728,0.983963
-0.043273,0.360896
-0.093599,0.778694
-0.076223,0.633818
-0.032812,0.272510
-0.117077,0.966439
-0.006251,0.051436
-0.048120,0.395632
-0.086971,0.714172
-0.094317,0.774275
-0.079431,0.649153
-0.113609,0.925252
-0.110772,0.902094
-0.011122,0.090485
-0.089067,0.724476
-0.079198,0.643744
-0.011963,0.096977
-0.105673,0.855308
-0.097679,0.781540
-0.042268,0.337449
-0.028271,0.223214
-0.110524,0.857266
-0.007128,0.055281
-0.052235,0.402636
-0.060025,0.457905
-0.073572,0.558568
-0.084308,0.638790
-0.058341,0.441346
-0.041458,0.313051
-0.030108,0.226730
-0.003716,0.027658
-0.108845,0.804493
-0.106654,0.785499
-0.024816,0.181011
-0.131998,0.959882
-0.066188,0.481028
-0.086342,0.625624
-0.058510,0.422889
-0.128230,0.926426
-0.008517,0.061512
-0.113827,0.819110
-0.049047,0.350438
-0.116948,0.828046
-0.014576,0.102583
-0.117081,0.822989
-0.102807,0.722264
-0.053499,0.373480
-0.036640,0.253854
-0.126535,0.873186
-0.107249,0.738100
-0.009340,0.063658
-0.002334,0.015832
-0.093501,0.632418
-0.107387,0.720541
-0.101352,0.671188
-0.104433,0.688898
-0.018789,0.123822
-0.039758,0.260672
-0.060334,0.395351
-0.004455,0.028992
-0.105812,0.688184
-0.020040,0.129423
-0.107965,0.692722
-0.037188,0.238159
-0.058291,0.372219
-0.130025,0.823345
-0.156269,0.983728
-0.135432,0.845144
-0.073134,0.455576
-0.133473,0.830852
-0.005267,0.032760
-0.062534,0.388673
-0.083976,0.519818
-0.011600,0.071297
-0.109517,0.671035
-0.047160,0.286897
-0.113348,0.689005
-0.028413,0.172436
-0.108941,0.659352
-0.140315,0.847829
-0.002830,0.017046
-0.087857,0.527271
-0.014989,0.089849
-0.124887,0.747460
-0.010846,0.064633
-0.092685,0.550966
-0.064645,0.382208
-0.075235,0.443293
-0.094364,0.545658
-0.056032,0.323419
-0.068234,0.393480
-0.096304,0.553382
-0.094366,0.541538
-0.085996,0.492478
-0.164610,0.935222
-0.123075,0.697729
-0.122110,0.691988
-0.033670,0.190511
-0.108105,0.606836
-0.050333,0.282442
-0.035716,0.200324
-0.142663,0.795895
-0.137148,0.752451
-0.158974,0.871533
-0.071868,0.392392
-0.143508,0.779560
-0.019266,0.104467
-0.020029,0.108423
-0.028261,0.152625
-0.091204,0.489505
-0.116106,0.621896
-0.129632,0.692455
-0.058835,0.312810
-0.003420,0.018183
-0.180261,0.955106
-0.141254,0.743729
-0.008168,0.042939
-0.130630,0.685076
-0.072467,0.379004
-0.122710,0.640810
-0.108489,0.563008
-0.131713,0.681553
-0.080237,0.414650
-0.165974,0.857396
-0.179018,0.924495
-0.102995,0.531465
-0.149088,0.768849
-0.047455,0.241016
-0.109839,0.552357
-0.105097,0.528264
-0.181026,0.904565
-0.116671,0.582248
-0.143673,0.716901
-0.006661,0.033223
-0.075999,0.376802
-0.079333,0.389282
-0.195710,0.959933
-0.181732,0.888541
-0.175665,0.857464
-0.000158,0.000770
-0.147346,0.716100
-0.067650,0.327747
-0.116404,0.559689
-0.022515,0.108158
-0.068769,0.330260
-0.144604,0.693810
-0.114430,0.546555
-0.169165,0.803305
-0.074831,0.355319
-0.121234,0.575498
-0.038900,0.184093
-0.067312,0.317585
-0.178812,0.839400
-0.135170,0.630438
-0.185699,0.863693
-0.046560,0.216298
-0.060342,0.280280
-0.186303,0.865247
-0.115758,0.531825
-0.165607,0.760504
-0.143294,0.656203
-0.121322,0.555376
-0.050251,0.229841
-0.102934,0.468956
-0.169818,0.770340
-0.024089,0.109170
-0.199328,0.903213
-0.079500,0.358773
-0.155537,0.699072
-0.182463,0.818764
-0.085832,0.379460
-0.014388,0.063242
-0.042350,0.185678
-0.014787,0.064807
-0.156046,0.683572
-0.117009,0.510544
-0.094225,0.409879
-0.103195,0.447515
-0.045812,0.198564
-0.014733,0.063812
-0.169906,0.735105
-0.069813,0.301709
-0.004014,0.017336
-0.181279,0.776201
-0.022157,0.094652
-0.170322,0.724568
-0.183291,0.778987
-0.107526,0.456916
-0.015363,0.065027
-0.127917,0.540273
-0.220798,0.928546
-0.094905,0.399112
-0.109227,0.458739
-0.173395,0.728173
-0.037206,0.155964
-0.174193,0.729528
-0.162845,0.674030
-0.160431,0.659489
-0.021399,0.087426
-0.114304,0.466243
-0.087282,0.355627
-0.197463,0.804228
-0.074524,0.302700
-0.079124,0.320582
-0.209728,0.848683
-0.128644,0.519408
-0.174693,0.704622
-0.175853,0.707641
-0.050671,0.203896
-0.085586,0.344288
-0.073305,0.293331
-0.240706,0.960974
-0.178608,0.712102
-0.106474,0.423188
-0.114997,0.456441
-0.128309,0.509232
-0.193030,0.763719
-0.008567,0.033856
-0.150198,0.587180
-0.062640,0.244530
-0.239748,0.935110
-0.122948,0.477312
-0.226660,0.876974
-0.132076,0.510758
-0.061068,0.235977
-0.135381,0.522997
-0.144750,0.557069
-0.106611,0.409459
-0.123320,0.470486
-0.165784,0.630914
-0.232698,0.884608
-0.158487,0.601959
-0.051732,0.196347
-0.186705,0.705538
-0.011528,0.043524
-0.241737,0.912008
-0.058285,0.219516
-0.115544,0.434320
-0.138163,0.516956
-0.132906,0.496241
-0.058461,0.217807
-0.173843,0.646039
-0.203164,0.749988
-0.154936,0.569242
-0.025262,0.092663
-0.003013,0.010992
-0.226157,0.824448
-0.051305,0.186654
-0.252162,0.916167
-0.033030,0.119137
-0.015615,0.056169
-0.016011,0.057574
-0.047522,0.170218
-0.212104,0.759330
-0.060759,0.217314
-0.256987,0.918999
-0.047926,0.171296
-0.174674,0.622980
-0.129867,0.462986
-0.238514,0.842180
-0.038408,0.135237
-0.275613,0.959416
-0.030499,0.106090
-0.223115,0.774788
-0.141822,0.490875
-0.211997,0.732813
-0.213300,0.736270
-0.090975,0.312709
-0.232560,0.796224
-0.105506,0.360737
-0.235377,0.803373
-0.198176,0.675487
-0.090333,0.306759
-0.118428,0.401496
-0.278159,0.942233
-0.226509,0.765441
-0.108611,0.364390
-0.227325,0.762525
-0.228697,0.763427
-0.203536,0.679314
-0.245767,0.819914
-0.001274,0.004227
-0.189212,0.627145
-0.087742,0.289296
-0.116674,0.383587
-0.241067,0.792492
-0.003814,0.012430
-0.016438,0.053498
-0.175790,0.570371
-0.264853,0.857039
-0.250869,0.811621
-0.067093,0.216618
-0.091977,0.295531
-0.283262,0.907974
-0.256564,0.822170
-0.080042,0.256430
-0.220420,0.705870
-0.002278,0.007278
-0.028474,0.090402
-0.294285,0.934118
-0.182787,0.579962
-0.226638,0.710873
-0.137950,0.431574
-0.058700,0.182370
-0.058005,0.179872
-0.175422,0.540940
-0.161484,0.495681
-0.056935,0.173692
-0.301840,0.918757
-0.038706,0.117588
-0.232683,0.705582
-0.049598,0.149828
-0.202063,0.608392
-0.119145,0.357960
-0.103285,0.310272
-0.158028,0.474220
-0.082213,0.245902
-0.102910,0.306567
-0.304310,0.906176
-0.005707,0.016927
-0.297888,0.882235
-0.145678,0.431323
-0.161091,0.476018
-0.168719,0.496142
-0.105754,0.310235
-0.234558,0.688003
-0.134946,0.395384
-0.235142,0.688289
-0.239951,0.701986
-0.216229,0.631788
-0.102088,0.298222
-0.111697,0.325065
-0.192594,0.560221
-0.275596,0.801300
-0.149374,0.434191
-0.188322,0.546094
-0.069254,0.200608
-0.213056,0.615863
-0.157743,0.454621
-0.009168,0.026264
-0.201207,0.575399
-0.229949,0.657405
-0.310906,0.888121
-0.275152,0.785523
-0.143690,0.409575
-0.323812,0.920761
-0.268239,0.761732
-0.215775,0.612533
-0.314700,0.892889
-0.165050,0.467291
-0.151537,0.428169
-0.165420,0.466452
-0.068574,0.193337
-0.293726,0.827948
-0.262425,0.738759
-0.106468,0.299358
-0.149451,0.419973
-0.331177,0.929728
-0.157557,0.441266
-0.166074,0.464948
-0.186534,0.521212
-0.030096,0.083796
-0.275819,0.767829
-0.121362,0.337439
-0.075741,0.210281
-0.016530,0.045875
-0.148029,0.408295
-0.329213,0.907372
-0.070889,0.194962
-0.204038,0.560928
-0.310658,0.852511
-0.158221,0.434075
-0.227061,0.621807
-0.031354,0.085406
-0.191926,0.522687
-0.282136,0.766178
-0.177707,0.479979
-0.025201,0.068048
-0.093730,0.251326
-0.112066,0.297138
-0.011206,0.029684
-0.237699,0.629362
-0.071599,0.189246
-0.063373,0.165895
-0.315117,0.823536
-0.119566,0.312199
-0.214833,0.560218
-0.178737,0.465674
-0.211254,0.549169
-0.220680,0.572131
-0.054364,0.140659
-0.162307,0.419835
-0.212209,0.548220
-0.361457,0.927519
-0.092174,0.236430
-0.130465,0.334648
-0.077163,0.197142
-0.250339,0.638445
-0.013837,0.035081
-0.320145,0.810942
-0.145317,0.368002
-0.040760,0.102987
-0.079263,0.199714
-0.184250,0.464155
-0.182415,0.458751
-0.222243,0.557977
-0.199942,0.500187
-0.287601,0.718336
-0.261192,0.651870
-0.147574,0.366514
-0.196647,0.487424
-0.333676,0.826732
-0.322023,0.795551
-0.080511,0.198336
-0.172274,0.422789
-0.070275,0.172445
-0.252732,0.619710
-0.081697,0.200292
-0.235663,0.575241
-0.185558,0.451899
-0.262552,0.639039
-0.295415,0.718953
-0.055768,0.135548
-0.002836,0.006882
-0.288915,0.700819
-0.183399,0.443495
-0.268122,0.643219
-0.225667,0.540654
-0.015658,0.037484
-0.161123,0.385340
-0.376695,0.900080
-0.200287,0.477999
-0.076794,0.180916
-0.074635,0.175108
-0.358422,0.837428
-0.386892,0.901414
-0.166879,0.388726
-0.096458,0.223119
-0.292021,0.675140
-0.103148,0.238338
-0.286299,0.659446
-0.358371,0.823100
-0.181632,0.416962
-0.109755,0.251592
-0.061645,0.141270
-0.292629,0.669602
-0.241456,0.551774
-0.063246,0.144466
-0.294430,0.672140
-0.360585,0.822003
-0.123711,0.281047
-0.117541,0.266929
-0.402762,0.912560
-0.041464,0.093779
-0.232833,0.525339
-0.195214,0.440038
-0.357859,0.805178
-0.032371,0.072768
-0.223020,0.496787
-0.186811,0.415334
-0.268379,0.596227
-0.264666,0.587747
-0.325792,0.720659
-0.284569,0.627028
-0.056007,0.123387
-0.373658,0.818428
-0.231102,0.505894
-0.396755,0.867370
-0.318685,0.696680
-0.170623,0.372553
-0.186117,0.402999
-0.268894,0.582121
-0.121683,0.263410
-0.166939,0.360349
-0.159330,0.343095
-0.196507,0.423065
-0.011569,0.024901
-0.223287,0.480098
-0.287205,0.616724
-0.144157,0.309123
-0.330605,0.708708
-0.246424,0.528152
-0.209330,0.447951
-0.096783,0.207000
-0.052636,0.112393
-0.135153,0.288180
-0.418042,0.890786
-0.084100,0.178961
-0.363380,0.772702
-0.417231,0.883671
-0.424602,0.899280
-0.044998,0.095206
-0.315406,0.665426
-0.243431,0.512568
-0.385263,0.808180
-0.379278,0.794939
-0.005406,0.011325
-0.282554,0.591853
-0.255700,0.534958
-0.358342,0.747754
-0.340612,0.710162
-0.303370,0.629408
-0.251061,0.520645
-0.244391,0.505543
-0.385249,0.794446
-0.321806,0.662860
-0.127511,0.262647
-0.271617,0.559448
-0.421097,0.866279
-0.097038,0.199236
-0.423507,0.869101
-0.034427,0.070636
-0.294975,0.604052
-0.213007,0.436187
-0.275324,0.562895
-0.268552,0.547573
-0.170997,0.347955
-0.026344,0.053515
-0.139488,0.282633
-0.021583,0.043668
-0.120747,0.243998
-0.037452,0.075628
-0.394257,0.788910
-0.261760,0.523322
-0.032305,0.064572
-0.084782,0.169389
-0.314779,0.628053
-0.228669,0.455618
-0.435466,0.866477
-0.271905,0.538853
-0.172885,0.341911
-0.312996,0.617985
-0.269737,0.531771
-0.117419,0.231273
-0.001823,0.003591
-0.149140,0.293232
-0.089696,0.175982
-0.360886,0.707047
-0.047657,0.093303
-0.189346,0.369906
-0.292470,0.570235
-0.091660,0.178196
-0.175236,0.340530
-0.097338,0.188728
-0.356402,0.689509
-0.389236,0.751901
-0.301069,0.581406
-0.305939,0.589805
-0.179926,0.346763
-0.178887,0.344052
-0.199861,0.383924
-0.425650,0.813754
-0.026753,0.051035
-0.091416,0.174065
-0.002630,0.004991
-0.463591,0.877362
-0.389912,0.736524
-0.233536,0.440693
-0.004059,0.007659
-0.180613,0.340135
-0.454277,0.853790
-0.315536,0.592978
-0.267611,0.501423
-0.418761,0.784077
-0.449655,0.841299
-0.332569,0.620842
-0.342267,0.637831
-0.169698,0.315765
-0.204471,0.380442
-0.339568,0.631736
-0.257071,0.477828
-0.412911,0.765336
-0.090731,0.168092
-0.290845,0.535923
-0.108202,0.199088
-0.036268,0.066543
-0.080623,0.147314
-0.283360,0.517621
-0.298559,0.545333
-0.439019,0.800097
-0.280134,0.509478
-0.302485,0.549966
-0.311751,0.565061
-0.254324,0.459697
-0.350112,0.632558
-0.464595,0.838940
-0.446712,0.806392
-0.210926,0.380675
-0.432064,0.779309
-0.037809,0.068146
-0.313258,0.563675
-0.358039,0.643626
-0.012024,0.021513
-0.076121,0.136181
-0.112440,0.199491
-0.251407,0.445764
-0.167549,0.296614
-0.379040,0.669955
-0.224708,0.396213
-0.389654,0.682033
-0.051594,0.090245
-0.393931,0.688427
-0.276542,0.483028
-0.258467,0.451108
-0.403549,0.702671
-0.118909,0.206410
-0.393976,0.683775
-0.194445,0.337151
-0.262908,0.455172
-0.384928,0.665952
-0.385858,0.666062
-0.308283,0.531951
-0.293711,0.506630
-0.237783,0.409976
-0.098497,0.169642
-0.011999,0.020661
-0.393765,0.677424
-0.078624,0.135210
-0.148687,0.254929
-0.089408,0.153265
-0.267265,0.457512
-0.282106,0.480789
-0.077760,0.132368
-0.194221,0.329903
-0.487761,0.827106
-0.253248,0.427840
-0.286577,0.481966
-0.426417,0.714564
-0.204080,0.341943
-0.354754,0.593022
-0.349737,0.584093
-0.402623,0.667447
-0.144931,0.239832
-0.130556,0.215159
-0.042229,0.069401
-0.380918,0.625061
-0.184254,0.302156
-0.104009,0.170409
-0.131658,0.215611
-0.250354,0.409969
-0.231419,0.378787
-0.390812,0.636792
-0.409471,0.664498
-0.227651,0.369238
-0.045215,0.073291
-0.183115,0.296765
-0.451167,0.729639
-0.349614,0.565036
-0.498621,0.805382
-0.032772,0.052742
-0.174523,0.280696
-0.271039,0.435280
-0.419959,0.674393
-0.505763,0.811980
-0.251850,0.403686
-0.363760,0.582854
-0.048729,0.077797
-0.048310,0.077000
-0.076972,0.122681
-0.116812,0.185341
-0.035564,0.056312
-0.476489,0.753972
-0.302764,0.478388
-0.062548,0.098766
-0.000631,0.000993
-0.297513,0.468209
-0.514324,0.807991
-0.262072,0.411069
-0.088772,0.138935
-0.116943,0.182390
-0.165283,0.257417
-0.535669,0.833893
-0.147246,0.229217
-0.148596,0.231186
-0.492551,0.765726
-0.209197,0.325046
-0.376950,0.584711
-0.501493,0.776549
-0.282414,0.435059
-0.289178,0.444831
-0.039442,0.060593
-0.455654,0.699891
-0.264832,0.406705
-0.055357,0.084954
-0.443212,0.676943
-0.433122,0.659549
-0.233921,0.356195
-0.312585,0.475573
-0.470039,0.712735
-0.376535,0.568460
-0.431068,0.650627
-0.348352,0.525591
-0.474594,0.715973
-0.542116,0.814158
-0.498898,0.747024
-0.528327,0.790282
-0.390490,0.583548
-0.182229,0.272188
-0.256458,0.383009
-0.548521,0.818281
-0.463681,0.691160
-0.374528,0.555854
-0.291831,0.432868
-0.182157,0.270143
-0.128885,0.190890
-0.434482,0.643154
-0.017166,0.025401
-0.556374,0.823113
-0.447730,0.662323
-0.449438,0.664812
-0.536113,0.792631
-0.233943,0.345422
-0.446392,0.655668
-0.215581,0.316520
-0.530619,0.777463
-0.379775,0.552856
-0.267823,0.389349
-0.439355,0.635686
-0.069732,0.100818
-0.052059,0.075139
-0.088500,0.127492
-0.309959,0.445929
-0.305731,0.439418
-0.459904,0.658451
-0.534856,0.765033
-0.146454,0.209285
-0.101992,0.145572
-0.562407,0.801701
-0.155725,0.221698
-0.364268,0.517269
-0.335895,0.476576
-0.249657,0.353987
-0.540422,0.765361
-0.528338,0.746558
-0.306281,0.432727
-0.501577,0.708194
-0.548446,0.774278
-0.424089,0.598200
-0.278127,0.391854
-0.149347,0.210176
-0.440983,0.619314
-0.035254,0.049474
-0.441022,0.618135
-0.561124,0.785063
-0.166887,0.233005
-0.349098,0.487101
-0.330685,0.460062
-0.101364,0.140971
-0.231995,0.321470
-0.530795,0.733995
-0.167040,0.230556
-0.137970,0.188892
-0.058300,0.079663
-0.459575,0.627171
-0.583731,0.794833
-0.571964,0.776559
-0.355244,0.481843
-0.366876,0.497280
-0.110482,0.149635
-0.504931,0.682668
-0.150307,0.202161
-0.218670,0.294040
-0.401258,0.536751
-0.169509,0.226659
-0.148012,0.197739
-0.062520,0.083479
-0.450664,0.601713
-0.086998,0.116108
-0.224700,0.299713
-0.528248,0.702638
-0.233555,0.309943
-0.245376,0.325267
-0.263394,0.347896
-0.479121,0.632366
-0.331462,0.437336
-0.224687,0.295874
-0.237051,0.312148
-0.156854,0.206460
-0.081742,0.107056
-0.514999,0.673379
-0.046994,0.061392
-0.606295,0.791740
-0.102767,0.134157
-0.194192,0.253050
-0.342705,0.446507
-0.139369,0.181542
-0.495779,0.644515
-0.365947,0.475649
-0.608775,0.790744
-0.283405,0.367647
-0.009380,0.012154
-0.157488,0.203752
-0.491289,0.635358
-0.401772,0.519214
-0.238389,0.308045
-0.413451,0.532720
-0.008322,0.010719
-0.097644,0.125660
-0.582924,0.749774
-0.186773,0.240214
-0.041856,0.053795
-0.028154,0.036108
-0.522366,0.668811
-0.170960,0.218691
-0.426077,0.544233
-0.568391,0.722909
-0.417305,0.529690
-0.617181,0.783172
-0.413874,0.524539
-0.526998,0.667763
-0.067261,0.084785
-0.549089,0.692041
-0.187668,0.235995
-0.219533,0.275463
-0.065983,0.082758
-0.059075,0.074014
-0.004572,0.005727
-0.578330,0.724127
-0.382167,0.478446
-0.616083,0.771162
-0.522591,0.653938
-0.021836,0.027308
-0.225222,0.281514
-0.310190,0.385320
-0.181659,0.225371
-0.039446,0.048843
-0.177914,0.220258
-0.625012,0.771032
-0.057170,0.070521
-0.335799,0.414180
-0.494369,0.606827
-0.290386,0.355990
-0.367857,0.450064
-0.285991,0.349447
-0.551092,0.672882
-0.055811,0.067983
-0.630339,0.767534
-0.203950,0.248231
-0.107579,0.130524
-0.143588,0.173971
-0.004385,0.005313
-0.534086,0.645997
-0.400746,0.482767
-0.361799,0.434957
-0.205878,0.247451
-0.153647,0.184491
-0.079501,0.095361
-0.505931,0.605721
-0.449916,0.538595
-0.583554,0.697689
-0.434932,0.519330
-0.580806,0.693290
-0.011758,0.014023
-0.294659,0.351285
-0.384455,0.457946
-0.382245,0.454877
-0.633090,0.753196
-0.387495,0.460279
-0.098407,0.116889
-0.321088,0.381347
-0.592943,0.703352
-0.114972,0.136051
-0.128537,0.152102
-0.529518,0.626434
-0.328326,0.388231
-0.113065,0.133299
-0.034973,0.041095
-0.141246,0.165959
-0.526701,0.618101
-0.379506,0.445103
-0.543876,0.636940
-0.161120,0.188677
-0.183445,0.214666
-0.089217,0.104362
-0.026198,0.030617
-0.099488,0.116180
-0.170529,0.199103
-0.022105,0.025772
-0.180570,0.210504
-0.143132,0.166563
-0.165769,0.192887
-0.481249,0.559185
-0.584053,0.678278
-0.612212,0.710639
-0.086908,0.100388
-0.229290,0.263458
-0.646698,0.742025
-0.068012,0.077888
-0.240697,0.274715
-0.314294,0.358666
-0.652213,0.743368
-0.507569,0.578076
-0.009402,0.010681
-0.186709,0.211939
-0.192848,0.218493
-0.295735,0.334991
-0.308166,0.348961
-0.143505,0.162385
-0.329183,0.371570
-0.116537,0.131448
-0.479538,0.540190
-0.174169,0.196108
-0.422502,0.474704
-0.154965,0.174035
-0.189818,0.212844
-0.484970,0.543147
-0.374186,0.418969
-0.240408,0.269097
-0.021094,0.023570
-0.043880,0.048742
-0.251376,0.279007
-0.134401,0.149018
-0.600225,0.663696
-0.046862,0.051766
-0.249743,0.275668
-0.265735,0.292476
-0.629612,0.691700
-0.245484,0.269609
-0.180841,0.198595
-0.240656,0.264088
-0.414769,0.454480
-0.560254,0.612970
-0.665551,0.727110
-0.576453,0.628261
-0.086234,0.093972
-0.169392,0.184232
-0.188452,0.203469
-0.317448,0.342286
-0.105117,0.113090
-0.064502,0.069273
-0.519720,0.556602
-0.309410,0.330911
-0.218670,0.233221
-0.238147,0.253939
-0.622469,0.663655
-0.294868,0.314304
-0.304972,0.324588
-0.146495,0.155105
-0.594348,0.628490
-0.317110,0.334965
-0.523190,0.551236
-0.204613,0.215029
-0.097384,0.102264
-0.251704,0.263548
-0.010157,0.010618
-0.140044,0.146321
-0.036814,0.038427
-0.082580,0.086124
-0.124485,0.129342
-0.530894,0.551246
-0.588649,0.610608
-0.373996,0.387751
-0.073348,0.075817
-0.317693,0.327553
-0.376714,0.388194
-0.433200,0.445225
-0.230874,0.236962
-0.283125,0.290524
-0.376139,0.385490
-0.057645,0.058956
-0.678233,0.692895
-0.015393,0.015723
-0.101765,0.103917
-0.284769,0.290375
-0.064143,0.065384
-0.165805,0.168942
-0.063407,0.064537
-0.187857,0.190917
-0.014823,0.015036
-0.494828,0.501770
-0.032718,0.033120
-0.429899,0.433525
-0.272966,0.274761
-0.286141,0.287476
-0.425462,0.427443
-0.585385,0.588095
-0.572266,0.574829
-0.565444,0.567832
-0.673893,0.676538
-0.427295,0.428699
-0.231659,0.232188
-0.572809,0.573819
-0.007513,0.007497
-0.085757,0.085546
-0.592712,0.590440
-0.644030,0.641561
-0.504028,0.501498
-0.373113,0.370689
-0.554966,0.551277
-0.338928,0.336375
-0.407599,0.404162
-0.468924,0.464797
-0.120510,0.118891
-0.144412,0.142425
-0.405995,0.400397
-0.675229,0.665813
-0.606052,0.595286
-0.218154,0.214174
-0.679051,0.666028
-0.246816,0.241967
-0.540286,0.527901
-0.013347,0.013031
-0.607415,0.592509
-0.287335,0.280009
-0.659139,0.641849
-0.111754,0.108557
-0.232359,0.225579
-0.682560,0.662384
-0.342819,0.332651
-0.646304,0.626604
-0.620578,0.601052
-0.505927,0.489620
-0.664880,0.643209
-0.420392,0.405882
-0.511412,0.492508
-0.194302,0.187050
-0.712067,0.685164
-0.256819,0.247030
-0.073209,0.070090
-0.293110,0.280469
-0.704523,0.673753
-0.539363,0.515571
-0.132896,0.127003
-0.299274,0.285915
-0.559729,0.534736
-0.439734,0.417957
-0.669307,0.635076
-0.563539,0.533644
-0.248257,0.235086
-0.149882,0.141513
-0.208089,0.196367
-0.536085,0.505239
-0.036074,0.033993
-0.661722,0.621487
-0.237247,0.222566
-0.177233,0.165990
-0.188253,0.176269
-0.212666,0.198703
-0.441033,0.410873
-0.108302,0.100775
-0.370448,0.343765
-0.375787,0.348213
-0.005285,0.004892
-0.712564,0.657806
-0.038966,0.035950
-0.556231,0.512114
-0.488512,0.449453
-0.382545,0.351648
-0.042619,0.039067
-0.002891,0.002647
-0.681929,0.623978
-0.028322,0.025904
-0.458743,0.419334
-0.030288,0.027680
-0.451478,0.411990
-0.267947,0.244457
-0.361883,0.329717
-0.302575,0.274908
-0.263545,0.239268
-0.143517,0.130130
-0.123715,0.112074
-0.035776,0.032409
-0.554427,0.502161
-0.149368,0.134978
-0.432476,0.390485
-0.121013,0.109010
-0.550634,0.495274
-0.467980,0.420634
-0.038103,0.034162
-0.107334,0.095851
-0.535631,0.476396
-0.701940,0.623300
-0.723375,0.641794
-0.444002,0.393381
-0.093918,0.083206
-0.505369,0.447234
-0.171050,0.151221
-0.612890,0.541237
-0.725902,0.639873
-0.681080,0.600265
-0.668591,0.589239
-0.079139,0.069688
-0.534601,0.470527
-0.623067,0.547318
-0.183328,0.160894
-0.571680,0.500179
-0.434006,0.377228
-0.639257,0.554995
-0.062231,0.053968
-0.501156,0.432913
-0.676929,0.584111
-0.327265,0.282131
-0.023822,0.020530
-0.612316,0.527432
-0.644653,0.554443
-0.103646,0.088968
-0.261585,0.223470
-0.598987,0.511448
-0.507224,0.432908
-0.033173,0.028284
-0.650466,0.553038
-0.177834,0.151165
-0.013489,0.011452
-0.503229,0.426840
-0.415337,0.351976
-0.092800,0.078417
-0.480159,0.405322
-0.723303,0.609201
-0.415950,0.349446
-0.570549,0.478788
-0.507681,0.424805
-0.459921,0.384765
-0.390452,0.326549
-0.020444,0.017090
-0.159326,0.132987
-0.549297,0.458485
-0.095548,0.079655
-0.586804,0.488936
-0.399770,0.333058
-0.204600,0.170360
-0.498394,0.414869
-0.203980,0.169732
-0.631514,0.525192
-0.711776,0.590950
-0.407206,0.337556
-0.197458,0.163477
-0.009544,0.007888
-0.212403,0.175348
-0.579618,0.477929
-0.550128,0.452931
-0.230324,0.189050
-0.005404,0.004433
-0.720621,0.590929
-0.522597,0.428374
-0.476544,0.390169
-0.427905,0.350087
-0.079585,0.065022
-0.740811,0.604795
-0.091250,0.074473
-0.456688,0.372642
-0.247646,0.201960
-0.202734,0.165017
-0.070963,0.057716
-0.655792,0.532855
-0.114471,0.092496
-0.325614,0.263102
-0.588757,0.475681
-0.720775,0.581978
-0.679857,0.548386
-0.258432,0.208401
-0.531442,0.427722
-0.256838,0.206445
-0.013635,0.010948
-0.366114,0.293908
-0.657014,0.526759
-0.724603,0.579823
-0.328954,0.263189
-0.554108,0.442153
-0.255685,0.203880
-0.757137,0.602936
-0.441878,0.351333
-0.761155,0.604231
-0.603958,0.479064
-0.152643,0.120915
-0.630488,0.499044
-0.402683,0.318553
-0.254555,0.201035
-0.091826,0.072517
-0.618019,0.487999
-0.203032,0.160254
-0.516129,0.407331
-0.700532,0.552023
-0.345666,0.272373
-0.181171,0.142668
-0.501666,0.393954
-0.034159,0.026796
-0.278870,0.218436
-0.344086,0.268926
-0.066714,0.052106
-0.503744,0.393138
-0.532306,0.415277
-0.137801,0.107464
-0.149136,0.116301
-0.630773,0.490012
-0.592692,0.459884
-0.243551,0.188970
-0.263019,0.203724
-0.116789,0.090459
-0.411134,0.317541
-0.449942,0.347489
-0.661865,0.509917
-0.286994,0.221100
-0.713970,0.549209
-0.197397,0.151752
-0.678869,0.521669
-0.615468,0.472070
-0.717693,0.550333
-0.621064,0.476039
-0.118527,0.090794
-0.446145,0.341371
-0.576898,0.441069
-0.655193,0.500822
-0.263765,0.201427
-0.124297,0.094896
-0.135839,0.103622
-0.042941,0.032753
-0.756442,0.576815
-0.342959,0.261200
-0.019190,0.014596
-0.381064,0.289070
-0.459789,0.348300
-0.320700,0.242865
-0.017566,0.013299
-0.060654,0.045899
-0.423124,0.320165
-0.134741,0.101404
-0.405471,0.304894
-0.254141,0.191096
-0.149245,0.112112
-0.615345,0.461529
-0.212641,0.159399
-0.402154,0.300703
-0.251724,0.187812
-0.179585,0.133839
-0.008454,0.006298
-0.032720,0.024280
-0.666037,0.490011
-0.365131,0.268616
-0.122730,0.089988
-0.631284,0.462571
-0.148555,0.108705
-0.342939,0.250929
-0.437216,0.319251
-0.589082,0.429420
-0.763727,0.556074
-0.767488,0.556624
-0.512076,0.370535
-0.584758,0.422552
-0.310655,0.224308
-0.384336,0.277403
-0.531243,0.383004
-0.618572,0.445595
-0.333596,0.239654
-0.222318,0.159584
-0.624257,0.446857
-0.267951,0.191589
-0.717195,0.512488
-0.638760,0.454747
-0.088668,0.063109
-0.302857,0.215482
-0.115530,0.082078
-0.261477,0.185515
-0.813835,0.576695
-0.620252,0.439366
-0.485122,0.340678
-0.549038,0.385321
-0.129736,0.091040
-0.640960,0.449691
-0.499897,0.350258
-0.007633,0.005333
-0.083988,0.058673
-0.708089,0.494477
-0.241278,0.168463
-0.067224,0.046924
-0.293471,0.204542
-0.029026,0.020199
-0.448142,0.310712
-0.078559,0.054424
-0.298391,0.206194
-0.232317,0.160315
-0.581546,0.400692
-0.776081,0.533657
-0.150164,0.102817
-0.243942,0.166922
-0.615454,0.420775
-0.703671,0.480569
-0.217729,0.148435
-0.773014,0.525882
-0.315282,0.214387
-0.442439,0.300805
-0.365789,0.248657
-0.409207,0.278154
-0.668013,0.454003
-0.471434,0.320281
-0.817354,0.555235
-0.563808,0.382792
-0.455526,0.309008
-0.529169,0.358871
-0.073192,0.049622
-0.106723,0.072233
-0.437495,0.295887
-0.434992,0.293407
-0.774530,0.521651
-0.552807,0.371361
-0.674474,0.452962
-0.232834,0.156285
-0.630900,0.422359
-0.036546,0.024423
-0.074824,0.049993
-0.076380,0.051030
-0.353606,0.236242
-0.317353,0.211954
-0.050123,0.033390
-0.061011,0.040600
-0.553257,0.366461
-0.771560,0.510496
-0.784045,0.518027
-0.587669,0.388080
-0.732125,0.482285
-0.631615,0.413699
-0.231849,0.151727
-0.345144,0.224814
-0.764338,0.497373
-0.206470,0.134327
-0.505911,0.328219
-0.831206,0.539249
-0.288683,0.187091
-0.237659,0.154023
-0.757828,0.490696
-0.628579,0.405256
-0.018830,0.012133
-0.657395,0.423002
-0.837818,0.538437
-0.178497,0.114654
-0.599475,0.384947
-0.643603,0.413062
-0.557505,0.356703
-0.192375,0.122665
-0.690103,0.438662
-0.300737,0.190888
-0.265882,0.168196
-0.584039,0.367738
-0.740570,0.465795
-0.165917,0.104332
-0.438969,0.275489
-0.565757,0.354916
-0.822048,0.514347
-0.474556,0.296871
-0.109028,0.068182
-0.208338,0.130156
-0.115943,0.072108
-0.528568,0.328718
-0.356243,0.221179
-0.172382,0.107015
-0.810835,0.503134
-0.358730,0.222348
-0.572806,0.354447
-0.066309,0.040991
-0.565361,0.349267
-0.366170,0.226116
-0.414863,0.256011
-0.529132,0.325935
-0.640116,0.393369
-0.803175,0.493265
-0.710121,0.436050
-0.229849,0.140287
-0.291604,0.177977
-0.784452,0.477912
-0.051597,0.031393
-0.435802,0.265131
-0.829508,0.504633
-0.677476,0.411819
-0.043020,0.026144
-0.675340,0.410300
-0.101454,0.061608
-0.157834,0.095787
-0.124360,0.075407
-0.649743,0.392311
-0.385932,0.232875
-0.406416,0.243749
-0.006934,0.004158
-0.391078,0.234464
-0.548114,0.327968
-0.261845,0.156365
-0.287280,0.171429
-0.598028,0.355744
-0.662714,0.393002
-0.138099,0.081723
-0.280711,0.164610
-0.244986,0.143324
-0.205249,0.119965
-0.755220,0.441413
-0.523555,0.305006
-0.114174,0.066257
-0.144341,0.083343
-0.736589,0.424184
-0.290442,0.166990
-0.680998,0.390040
-0.851294,0.487564
-0.286000,0.163787
-0.401752,0.230017
-0.152059,0.087048
-0.004310,0.002461
-0.524241,0.299218
-0.494079,0.281514
-0.615373,0.349893
-0.432858,0.245584
-0.803942,0.456095
-0.436142,0.247129
-0.716974,0.406200
-0.289747,0.163808
-0.690645,0.389996
-0.516642,0.291672
-0.174619,0.098542
-0.849343,0.478867
-0.385291,0.217028
-0.231388,0.130169
-0.535933,0.301065
-0.461800,0.259220
-0.626105,0.351440
-0.485260,0.272329
-0.430791,0.241523
-0.487381,0.272889
-0.659469,0.368516
-0.326289,0.182142
-0.129419,0.072202
-0.595090,0.331896
-0.278347,0.155173
-0.669006,0.372290
-0.805896,0.447896
-0.863811,0.479567
-0.021507,0.011932
-0.594165,0.329078
-0.066405,0.036751
-0.003477,0.001922
-0.319116,0.175735
-0.336096,0.184941
-0.830883,0.457004
-0.807322,0.443863
-0.596456,0.326761
-0.337246,0.184466
-0.235256,0.128358
-0.294336,0.160379
-0.597700,0.325609
-0.661075,0.360103
-0.850907,0.461359
-0.147589,0.079947
-0.344943,0.186816
-0.645938,0.349788
-0.206420,0.111758
-0.707658,0.382970
-0.306209,0.165697
-0.101638,0.054938
-0.012814,0.006920
-0.096181,0.051929
-0.611823,0.330289
-0.822210,0.443721
-0.104235,0.056181
-0.269465,0.145235
-0.123140,0.066290
-0.139511,0.075072
-0.467946,0.251743
-0.035017,0.018818
-0.461363,0.247365
-0.762789,0.408749
-0.251771,0.134328
-0.440004,0.234659
-0.027842,0.014836
-0.655714,0.348847
-0.439281,0.233044
-0.820912,0.434214
-0.614397,0.324607
-0.788121,0.416354
-0.382847,0.202037
-0.292181,0.153781
-0.501817,0.264011
-0.388571,0.203584
-0.213928,0.111964
-0.255829,0.133817
-0.130566,0.068279
-0.296616,0.155012
-0.064479,0.033564
-0.853199,0.442230
-0.355329,0.184138
-0.247210,0.127783
-0.827594,0.427625
-0.034649,0.017861
-0.830694,0.426660
-0.617613,0.315018
-0.481986,0.245187
-0.191521,0.097333
-0.144587,0.073375
-0.169748,0.085963
-0.805816,0.407897
-0.842058,0.425974
-0.819630,0.414297
-0.648749,0.327778
-0.245223,0.123226
-0.518818,0.260485
-0.218113,0.109374
-0.844353,0.422067
-0.471791,0.235766
-0.167381,0.083602
-0.293602,0.146559
-0.727950,0.362800
-0.068747,0.034248
-0.013619,0.006758
-0.223638,0.110308
-0.023421,0.011513
-0.321201,0.157707
-0.009552,0.004683
-0.630201,0.308766
-0.358443,0.175489
-0.237996,0.116361
-0.637743,0.311723
-0.366146,0.178868
-0.285949,0.139591
-0.321770,0.156661
-0.570556,0.276663
-0.780314,0.378268
-0.115733,0.056091
-0.189601,0.091741
-0.479589,0.231295
-0.726932,0.350496
-0.721467,0.347332
-0.617850,0.296769
-0.280517,0.134650
-0.191490,0.091888
-0.015005,0.007196
-0.799282,0.383062
-0.670891,0.320869
-0.881298,0.420110
-0.707099,0.337053
-0.575756,0.274337
-0.849758,0.403620
-0.312353,0.148232
-0.313686,0.148807
-0.798357,0.378293
-0.728765,0.345311
-0.159787,0.075711
-0.767256,0.363399
-0.092375,0.043646
-0.467381,0.220393
-0.533747,0.251427
-0.059029,0.027755
-0.874019,0.410924
-0.317078,0.149073
-0.051161,0.023958
-0.402822,0.188306
-0.138837,0.064792
-0.762191,0.355676
-0.324939,0.151632
-0.853232,0.396611
-0.600951,0.278978
-0.855469,0.396146
-0.792472,0.364720
-0.033598,0.015461
-0.886877,0.406217
-0.124396,0.056958
-0.633236,0.289878
-0.618261,0.281670
-0.132817,0.060274
-0.790413,0.357592
-0.308581,0.139533
-0.446519,0.201792
-0.538472,0.241850
-0.854626,0.382984
-0.017303,0.007752
-0.080443,0.036018
-0.337116,0.150783
-0.351744,0.157048
-0.375889,0.167562
-0.252215,0.112395
-0.769502,0.342687
-0.128851,0.057319
-0.544481,0.242116
-0.836254,0.371803
-0.316590,0.140256
-0.154700,0.068459
-0.325998,0.144135
-0.802070,0.354450
-0.463863,0.204975
-0.788501,0.348243
-0.256830,0.112815
-0.364768,0.160152
-0.815693,0.357924
-0.282058,0.123736
-0.911089,0.399139
-0.254132,0.111262
-0.411818,0.180297
-0.838822,0.367078
-0.782738,0.342001
-0.016244,0.007097
-0.533875,0.233186
-0.117058,0.051117
-0.669702,0.289711
-0.743702,0.320493
-0.597310,0.257178
-0.084295,0.036230
-0.479007,0.205641
-0.236397,0.101341
-0.334025,0.143147
-0.011841,0.005053
-0.178647,0.076040
-0.544600,0.231806
-0.484191,0.205951
-0.829948,0.352822
-0.621361,0.263409
-0.202060,0.085530
-0.525902,0.222475
-0.267072,0.112891
-0.310476,0.129492
-0.294563,0.122567
-0.210238,0.087427
-0.838520,0.348351
-0.463926,0.191728
-0.667815,0.275489
-0.018181,0.007496
-0.348396,0.143399
-0.186038,0.076008
-0.862462,0.350514
-0.436225,0.176923
-0.801922,0.324030
-0.799294,0.319312
-0.410229,0.163490
-0.610499,0.243298
-0.784111,0.312466
-0.840733,0.334917
-0.512797,0.202596
-0.373052,0.147234
-0.149566,0.058895
-0.734270,0.288648
-0.888356,0.347842
-0.767487,0.300020
-0.291261,0.113789
-0.809626,0.315021
-0.465448,0.180902
-0.001967,0.000764
-0.875582,0.339685
-0.138429,0.053680
-0.234993,0.091066
-0.844100,0.325531
-0.534601,0.205628
-0.268928,0.103415
-0.432313,0.166203
-0.846257,0.325159
-0.792321,0.303539
-0.425752,0.163007
-0.231707,0.088663
-0.680582,0.260369
-0.322787,0.123375
-0.474335,0.180834
-0.362428,0.137870
-0.262510,0.099795
-0.016051,0.006094
-0.634000,0.240483
-0.445939,0.169086
-0.306554,0.115305
-0.204155,0.076406
-0.786674,0.294330
-0.152099,0.056859
-0.688503,0.256557
-0.356097,0.132490
-0.589927,0.217836
-0.759301,0.279916
-0.410609,0.151278
-0.235791,0.086835
-0.539576,0.198365
-0.725519,0.266683
-0.858538,0.312139
-0.574378,0.208642
-0.592438,0.215049
-0.298597,0.108326
-0.533199,0.193143
-0.933490,0.337510
-0.446625,0.160842
-0.154420,0.055519
-0.209816,0.075320
-0.335029,0.120261
-0.119389,0.042725
-0.577243,0.205811
-0.903503,0.321858
-0.262950,0.093480
-0.903644,0.320326
-0.749765,0.265315
-0.396726,0.140367
-0.229570,0.081113
-0.518716,0.182959
-0.366879,0.129355
-0.062797,0.022078
-0.330386,0.115940
-0.747109,0.262023
-0.829411,0.289489
-0.135697,0.047288
-0.036350,0.012654
-0.019048,0.006628
-0.825551,0.286979
-0.515630,0.179190
-0.657463,0.227109
-0.742015,0.255768
-0.550733,0.189687
-0.726798,0.250108
-0.231914,0.079552
-0.738936,0.253368
-0.727391,0.249213
-0.105708,0.036213
-0.311728,0.106690
-0.367600,0.125487
-0.053084,0.018108
-0.796657,0.271530
-0.222802,0.075929
-0.309250,0.105345
-0.537684,0.182674
-0.940563,0.318987
-0.399346,0.135337
-0.814293,0.275622
-0.134368,0.045468
-0.066824,0.022596
-0.437987,0.148023
-0.732423,0.246768
-0.710465,0.239217
-0.398097,0.134028
-0.068387,0.023005
-0.917585,0.307160
-0.813404,0.271932
-0.021709,0.007214
-0.426410,0.141595
-0.172360,0.056926
-0.689397,0.226467
-0.442429,0.145287
-0.207139,0.067459
-0.472601,0.153461
-0.205949,0.066855
-0.314609,0.101971
-0.347710,0.112430
-0.728254,0.235167
-0.197599,0.063339
-0.704109,0.225529
-0.093782,0.029938
-0.433325,0.138311
-0.293977,0.093710
-0.518350,0.165064
-0.513902,0.163544
-0.015941,0.005058
-0.615243,0.194460
-0.038751,0.012240
-0.197475,0.062362
-0.776488,0.244955
-0.057904,0.018220
-0.292716,0.092083
-0.074128,0.023212
-0.815410,0.254767
-0.660119,0.206001
-0.869170,0.271123
-0.637935,0.198176
-0.192644,0.059706
-0.115421,0.035750
-0.601328,0.185276
-0.445981,0.137237
-0.444171,0.136472
-0.952775,0.291539
-0.464804,0.142202
-0.726306,0.222034
-0.856316,0.261295
-0.628027,0.191583
-0.456488,0.139143
-0.550056,0.167184
-0.927497,0.280596
-0.314825,0.095208
-0.834009,0.250773
-0.113770,0.034136
-0.533365,0.159957
-0.012066,0.003618
-0.676555,0.202661
-0.004386,0.001314
-0.909929,0.271443
-0.277171,0.082255
-0.771516,0.226869
-0.132782,0.039015
-0.327371,0.096188
-0.586675,0.171902
-0.809773,0.237144
-0.177978,0.052029
-0.019138,0.005591
-0.640164,0.186525
-0.070458,0.020527
-0.785106,0.228572
-0.236984,0.068803
-0.218007,0.063130
-0.819521,0.236954
-0.175854,0.050598
-0.348618,0.100126
-0.105044,0.030108
-0.430602,0.123236
-0.264997,0.075511
-0.768824,0.219048
-0.950127,0.269749
-0.443282,0.125486
-0.958432,0.271071
-0.337000,0.095218
-0.177596,0.049934
-0.860487,0.241811
-0.486022,0.136321
-0.229481,0.064093
-0.044507,0.012299
-0.081535,0.022528
-0.029595,0.008167
-0.919925,0.253449
-0.386071,0.105837
-0.612953,0.166830
-0.815270,0.221384
-0.776756,0.210747
-0.664920,0.180126
-0.810995,0.219518
-0.756291,0.204603
-0.955302,0.257505
-0.156081,0.042035
-0.142755,0.038209
-0.121620,0.032502
-0.779964,0.207456
-0.430711,0.114477
-0.688861,0.182915
-0.376065,0.099236
-0.685212,0.180166
-0.087265,0.022878
-0.676041,0.177030
-0.681701,0.178223
-0.654922,0.171135
-0.419105,0.109383
-0.144821,0.037771
-0.099359,0.025787
-0.525695,0.136282
-0.076551,0.019843
-0.557501,0.144482
-0.197113,0.051023
-0.940903,0.243338
-0.768830,0.198584
-0.651527,0.168281
-0.778218,0.200978
-0.016809,0.004329
-0.186967,0.047601
-0.361931,0.092106
-0.177160,0.044994
-0.390279,0.098853
-0.854811,0.214087
-0.666533,0.166733
-0.178702,0.044653
-0.854655,0.213494
-0.055808,0.013936
-0.103450,0.025732
-0.197225,0.049018
-0.183801,0.045597
-0.700882,0.173757
-0.144164,0.035727
-0.076065,0.018848
-0.465505,0.115249
-0.675479,0.166436
-0.222841,0.054861
-0.635913,0.156346
-0.517831,0.126022
-0.421194,0.102353
-0.717226,0.173904
-0.765524,0.185191
-0.264325,0.063626
-0.343005,0.082026
-0.649178,0.155097
-0.780196,0.185498
-0.117874,0.027804
-0.357879,0.084289
-0.955698,0.224375
-0.870955,0.204178
-0.923783,0.216251
-0.288311,0.067362
-0.908296,0.211680
-0.297854,0.069117
-0.548525,0.127213
-0.918788,0.212911
-0.236813,0.054776
-0.908202,0.210035
-0.433433,0.099602
-0.467187,0.107304
-0.336320,0.076891
-0.243174,0.055340
-0.127550,0.028976
-0.946342,0.212597
-0.084827,0.018931
-0.197538,0.044041
-0.969639,0.216172
-0.144767,0.032231
-0.396513,0.088245
-0.928685,0.205004
-0.516779,0.113582
-0.706116,0.155133
-0.885680,0.194548
-0.559626,0.122361
-0.418706,0.091256
-0.030930,0.006729
-0.781875,0.169574
-0.002178,0.000471
-0.857048,0.185436
-0.641726,0.138822
-0.567637,0.122747
-0.366313,0.079091
-0.413763,0.089264
-0.128797,0.027566
-0.549886,0.117410
-0.403271,0.085969
-0.628956,0.132606
-0.244805,0.051612
-0.871457,0.183438
-0.728856,0.153050
-0.911102,0.190241
-0.674647,0.140333
-0.900858,0.187015
-0.603849,0.124672
-0.583661,0.120069
-0.186621,0.038225
-0.345241,0.070688
-0.384336,0.077996
-0.975087,0.197867
-0.719388,0.145461
-0.088133,0.017793
-0.033575,0.006774
-0.526977,0.105604
-0.775109,0.154326
-0.001062,0.000210
-0.056781,0.011223
-0.936481,0.185046
-0.020120,0.003973
-0.589821,0.115789
-0.659472,0.128960
-0.404196,0.078749
-0.954684,0.185052
-0.683307,0.131808
-0.223433,0.042756
-0.765202,0.145841
-0.854210,0.161147
-0.702136,0.131810
-0.659999,0.123399
-0.005892,0.001098
-0.773813,0.143479
-0.095777,0.017700
-0.983331,0.181246
-0.782255,0.144095
-0.110086,0.020259
-0.350942,0.064542
-0.860745,0.157791
-0.957221,0.175427
-0.126809,0.023163
-0.577780,0.105536
-0.458242,0.083463
-0.124453,0.022592
-0.013596,0.002466
-0.849714,0.153866
-0.687665,0.124359
-0.237180,0.042567
-0.482435,0.086183
-0.081697,0.014580
-0.509107,0.090752
-0.873761,0.155702
-0.084567,0.015044
-0.044931,0.007982
-0.048801,0.008652
-0.302996,0.053539
-0.476467,0.084185
-0.685352,0.120893
-0.788112,0.138831
-0.458052,0.080562
-0.047493,0.008326
-0.837248,0.146163
-0.532775,0.092905
-0.797148,0.138853
-0.924756,0.160460
-0.745879,0.127958
-0.556835,0.095128
-0.069336,0.011732
-0.801867,0.135276
-0.921801,0.155432
-0.526510,0.088291
-0.280987,0.046904
-0.284929,0.047545
-0.015158,0.002517
-0.545179,0.088206
-0.487711,0.078836
-0.597421,0.096518
-0.677837,0.109329
-0.540264,0.087104
-0.722979,0.116281
-0.521948,0.083632
-0.187745,0.030051
-0.294953,0.047041
-0.722253,0.115176
-0.923580,0.146875
-0.230652,0.036642
-0.640738,0.101103
-0.623265,0.096513
-0.889104,0.137150
-0.413304,0.063396
-0.070477,0.010777
-0.873458,0.133119
-0.798271,0.121139
-0.450244,0.068297
-0.981851,0.148871
-0.727343,0.108897
-0.812402,0.120335
-0.925741,0.135723
-0.606608,0.088106
-0.971429,0.140742
-0.214157,0.030768
-0.188660,0.027101
-0.698013,0.100214
-0.112930,0.016048
-0.264134,0.037457
-0.268390,0.037993
-0.712816,0.100473
-0.693560,0.097742
-0.604916,0.084761
-0.666124,0.093156
-0.063071,0.008796
-0.045372,0.006305
-0.920431,0.126712
-0.201108,0.027650
-0.239676,0.032890
-0.741701,0.101644
-0.874288,0.119691
-0.718801,0.098148
-0.251408,0.034110
-0.983669,0.132197
-0.325324,0.043551
-0.736581,0.098568
-0.535082,0.070566
-0.049715,0.006526
-0.688601,0.090343
-0.051946,0.006813
-0.024783,0.003246
-0.263798,0.034433
-0.238179,0.031088
-0.895838,0.116901
-0.122424,0.015897
-0.368251,0.047737
-0.135925,0.017478
-0.678905,0.086568
-0.927074,0.116524
-0.658147,0.082180
-0.039073,0.004842
-0.074608,0.009197
-0.060059,0.007375
-0.063256,0.007702
-0.683940,0.083063
-0.817404,0.099188
-0.267281,0.032088
-0.857197,0.102657
-0.450191,0.053895
-0.788150,0.092874
-0.873833,0.102701
-0.631465,0.073964
-0.728693,0.083482
-0.765404,0.087303
-0.836852,0.095324
-0.281820,0.031318
-0.266738,0.029624
-0.739020,0.081399
-0.313739,0.034287
-0.542990,0.058813
-0.923065,0.099103
-0.202431,0.021720
-0.897738,0.096199
-0.000990,0.000105
-0.004702,0.000498
-0.031876,0.003362
-0.832966,0.087229
-0.736247,0.076352
-0.192361,0.019858
-0.411116,0.042347
-0.395049,0.040690
-0.447495,0.045809
-0.069944,0.007000
-0.348319,0.034809
-0.751866,0.075119
-0.829338,0.082559
-0.294413,0.028965
-0.945318,0.092507
-0.453096,0.044303
-0.689616,0.067370
-0.521777,0.050834
-0.496170,0.048145
-0.720591,0.068129
-0.672610,0.062874
-0.072854,0.006797
-0.561249,0.052277
-0.023240,0.002133
-0.885574,0.081117
-0.763822,0.069773
-0.709638,0.064481
-0.201581,0.018104
-0.770152,0.068795
-0.530567,0.047298
-0.596531,0.053126
-0.700156,0.061663
-0.488127,0.042872
-0.696130,0.060552
-0.390419,0.033813
-0.841803,0.071769
-0.103326,0.008713
-0.964464,0.081218
-0.095290,0.007953
-0.891128,0.073866
-0.639480,0.052641
-0.733551,0.059068
-0.355602,0.028550
-0.934555,0.074672
-0.104075,0.008309
-0.285246,0.022710
-0.373405,0.029622
-0.541875,0.042938
-0.113397,0.008803
-0.036793,0.002844
-0.174647,0.013176
-0.976325,0.072177
-0.791337,0.058406
-0.710510,0.050789
-0.299352,0.021252
-0.378910,0.026757
-0.682417,0.048177
-0.007375,0.000518
-0.008292,0.000572
-0.545340,0.036761
-0.465829,0.031349
-0.212473,0.014174
-0.112281,0.007471
-0.874823,0.058122
-0.174991,0.011606
-0.744791,0.048395
-0.558495,0.035710
-0.093478,0.005962
-0.418147,0.026440
-0.112720,0.007091
-0.664204,0.041449
-0.988659,0.060962
-0.911790,0.056115
-0.104318,0.006390
-0.170804,0.010459
-0.071614,0.004372
-0.653454,0.039839
-0.117143,0.007035
-0.622241,0.036551
-0.831229,0.048576
-0.409158,0.023639
-0.716993,0.041173
-0.351012,0.019909
-0.760901,0.042973
-0.384840,0.021265
-0.026619,0.001462
-0.695514,0.038157
-0.629668,0.033949
-0.875911,0.046953
-0.085554,0.004522
-0.712006,0.036949
-0.550135,0.027679
-0.332730,0.015749
-0.175633,0.008289
-0.797374,0.037516
-0.830139,0.038857
-0.390646,0.018053
-0.252318,0.011638
-0.097214,0.004443
-0.708295,0.031748
-0.792610,0.035313
-0.846322,0.037303
-0.254313,0.011192
-0.880321,0.038512
-0.885561,0.038501
-0.969861,0.041885
-0.874687,0.037676
-0.136851,0.005886
-0.856797,0.036583
-0.373010,0.015915
-0.684359,0.029052
-0.894512,0.036483
-0.343220,0.013970
-0.642999,0.025963
-0.752799,0.030364
-0.449160,0.017969
-0.977305,0.038998
-0.029320,0.001154
-0.197679,0.007626
-0.808084,0.030527
-0.367777,0.013874
-0.926765,0.033360
-0.406170,0.014552
-0.586504,0.020026
-0.395970,0.013454
-0.940509,0.031833
-0.363698,0.012249
-0.733050,0.024445
-0.157970,0.005264
-0.243494,0.008002
-0.053693,0.001713
-0.136061,0.004333
-0.015043,0.000473
-0.138401,0.004252
-0.803107,0.024593
-0.418733,0.012539
-0.803931,0.023882
-0.935275,0.024655
-0.656756,0.017219
-0.343598,0.008971
-0.074111,0.001932
-0.969639,0.025170
-0.429274,0.011136
-0.851401,0.021502
-0.840356,0.019943
-0.644034,0.014491
-0.828317,0.018019
-0.475435,0.009185
-0.175007,0.003167
-0.152046,0.002707
-0.200421,0.003139
-0.516799,0.008039
-0.560501,0.008362
-0.000644,0.000010
-0.307850,0.004394
-0.513397,0.006883
-0.799676,0.009770
-0.452903,0.005385
-0.772568,0.008716
-0.217157,0.002447
-0.593369,0.006658
-0.049872,0.000510
-0.121730,0.000986
-0.094556,0.000764
-0.205781,0.001555
-0.735926,0.005277
-0.669653,0.003793
-0.639460,0.003384
-0.216954,0.001061
-0.631261,0.002929
-0.526131,0.002440
-0.936897,0.004074
-0.722828,0.002311
-0.114519,0.000348
-0.811278,0.001531
-0.124057,0.000198
-0.707003,0.000873
-0.350869,-0.000223
-0.824347,-0.000859
-0.773471,-0.001680
-0.148374,-0.000478
-0.989105,-0.003964
-0.165562,-0.000769
-0.060472,-0.000296
-0.564011,-0.003707
-0.967520,-0.006592
-0.963960,-0.006903
-0.191936,-0.001482
-0.258718,-0.002022
-0.051129,-0.000424
-0.167536,-0.001474
-0.864689,-0.008277
-0.616220,-0.005930
-0.718564,-0.007138
-0.357011,-0.003695
-0.630940,-0.006718
-0.191075,-0.002876
-0.718563,-0.010949
-0.643592,-0.010298
-0.330314,-0.005319
-0.043844,-0.000724
-0.021352,-0.000365
-0.298636,-0.005129
-0.083992,-0.001540
-0.756468,-0.014936
-0.870216,-0.017322
-0.043908,-0.000936
-0.566520,-0.012727
-0.889217,-0.020288
-0.012764,-0.000292
-0.807136,-0.019840
-0.130510,-0.003275
-0.498799,-0.013293
-0.809001,-0.021766
-0.087882,-0.002443
-0.206518,-0.005875
-0.875121,-0.025512
-0.041355,-0.001231
-0.538273,-0.017122
-0.790125,-0.026124
-0.573720,-0.019044
-0.403559,-0.013435
-0.818831,-0.030623
-0.531595,-0.020886
-0.736869,-0.029684
-0.985949,-0.039912
-0.510483,-0.020911
-0.092470,-0.003863
-0.212563,-0.009000
-0.920449,-0.039551
-0.842897,-0.038225
-0.974243,-0.044858
-0.444723,-0.020687
-0.391259,-0.018300
-0.084131,-0.003938
-0.358996,-0.016858
-0.840307,-0.039629
-0.694837,-0.033051
-0.182384,-0.009137
-0.620638,-0.031293
-0.287698,-0.014569
-0.196505,-0.010166
-0.714792,-0.038168
-0.704144,-0.037620
-0.578806,-0.031348
-0.008865,-0.000487
-0.062862,-0.003454
-0.275695,-0.015298
-0.461780,-0.025903
-0.635052,-0.035706
-0.613836,-0.035040
-0.627985,-0.035903
-0.085093,-0.004895
-0.467027,-0.026885
-0.758403,-0.043762
-0.996886,-0.057916
-0.643972,-0.037691
-0.523664,-0.031040
-0.483652,-0.028757
-0.808962,-0.048107
-0.035479,-0.002116
-0.144599,-0.008744
-0.022187,-0.001355
-0.001577,-0.000101
-0.446993,-0.029333
-0.663408,-0.044055
-0.926727,-0.061799
-0.660013,-0.044112
-0.395074,-0.026473
-0.533177,-0.036179
-0.889386,-0.060561
-0.978911,-0.067306
-0.921078,-0.063488
-0.932846,-0.064604
-0.766784,-0.053122
-0.032103,-0.002234
-0.584315,-0.042571
-0.991020,-0.072471
-0.572723,-0.043059
-0.653611,-0.049155
-0.818932,-0.061641
-0.520027,-0.039170
-0.880494,-0.066484
-0.493481,-0.037328
-0.052751,-0.004043
-0.359291,-0.028003
-0.747869,-0.058764
-0.482545,-0.037997
-0.068548,-0.005442
-0.905021,-0.072196
-0.803793,-0.064223
-0.533539,-0.043150
-0.645601,-0.052298
-0.820111,-0.066959
-0.372794,-0.030673
-0.867136,-0.071677
-0.407335,-0.034064
-0.214095,-0.018109
-0.180821,-0.015448
-0.097749,-0.008374
-0.427079,-0.037156
-0.403568,-0.036112
-0.304236,-0.027414
-0.100338,-0.009129
-0.352552,-0.032134
-0.095224,-0.008679
-0.821286,-0.075099
-0.002276,-0.000210
-0.554053,-0.051147
-0.474903,-0.044259
-0.846216,-0.079370
-0.414862,-0.039085
-0.704635,-0.066772
-0.063866,-0.006057
-0.681040,-0.064594
-0.440280,-0.042273
-0.348536,-0.033912
-0.384680,-0.037630
-0.216079,-0.021326
-0.929719,-0.092085
-0.831889,-0.082606
-0.250169,-0.025116
-0.022153,-0.002224
-0.029855,-0.003009
-0.561348,-0.056608
-0.790422,-0.080710
-0.692668,-0.071950
-0.230933,-0.024158
-0.439170,-0.046263
-0.157896,-0.016696
-0.864935,-0.092074
-0.741379,-0.080074
-0.830028,-0.089905
-0.133055,-0.014487
-0.253553,-0.027646
-0.689690,-0.075382
-0.301702,-0.033090
-0.310516,-0.034082
-0.552818,-0.060935
-0.290073,-0.032066
-0.675969,-0.074862
-0.563293,-0.062741
-0.679989,-0.075934
-0.238670,-0.026726
-0.184054,-0.020743
-0.210691,-0.023946
-0.718246,-0.082701
-0.112022,-0.013021
-0.262666,-0.031090
-0.541415,-0.064502
-0.192308,-0.023062
-0.943087,-0.116049
-0.882310,-0.109853
-0.014145,-0.001764
-0.839170,-0.104848
-0.357836,-0.044912
-0.190346,-0.024055
-0.263691,-0.033448
-0.811236,-0.102989
-0.210236,-0.026751
-0.305199,-0.038987
-0.193227,-0.024935
-0.022338,-0.002891
-0.845059,-0.110920
-0.076210,-0.010022
-0.793144,-0.105178
-0.237681,-0.031588
-0.509593,-0.067783
-0.627972,-0.083770
-0.278581,-0.037292
-0.775793,-0.103883
-0.163017,-0.021863
-0.976834,-0.131016
-0.084915,-0.011409
-0.259262,-0.034897
-0.656672,-0.088860
-0.114700,-0.015560
-0.114544,-0.015590
-0.496097,-0.067614
-0.779276,-0.106437
-0.322281,-0.044171
-0.708674,-0.097208
-0.921445,-0.126497
-0.823230,-0.113485
-0.807913,-0.111570
-0.026377,-0.003646
-0.981398,-0.136376
-0.022351,-0.003114
-0.523709,-0.073013
-0.005729,-0.000803
-0.555588,-0.078132
-0.849549,-0.120296
-0.720918,-0.102602
-0.835639,-0.119396
-0.537491,-0.077060
-0.938222,-0.134691
-0.423305,-0.060816
-0.022003,-0.003178
-0.074195,-0.010730
-0.234796,-0.034024
-0.865988,-0.127110
-0.255485,-0.037964
-0.188862,-0.028128
-0.150395,-0.022515
-0.023777,-0.003570
-0.400851,-0.060209
-0.182237,-0.027392
-0.856099,-0.128712
-0.616636,-0.092714
-0.050497,-0.007640
-0.186058,-0.028245
-0.093869,-0.014260
-0.822224,-0.124969
-0.668031,-0.102068
-0.426707,-0.065207
-0.443842,-0.067878
-0.378344,-0.057950
-0.491652,-0.076191
-0.584892,-0.091100
-0.642896,-0.100470
-0.598673,-0.093803
-0.776503,-0.121696
-0.610968,-0.095819
-0.944128,-0.148310
-0.026970,-0.004260
-0.800082,-0.126982
-0.303614,-0.048314
-0.114475,-0.018474
-0.524397,-0.084776
-0.971614,-0.158031
-0.450229,-0.073457
-0.396945,-0.065003
-0.883199,-0.144764
-0.660618,-0.109753
-0.419802,-0.069868
-0.947411,-0.157958
-0.300209,-0.050331
-0.967193,-0.162382
-0.279786,-0.047057
-0.502026,-0.084732
-0.175992,-0.029976
-0.641633,-0.109337
-0.456163,-0.078535
-0.917243,-0.157966
-0.538069,-0.092841
-0.101223,-0.017539
-0.826450,-0.145005
-0.200509,-0.035199
-0.964567,-0.169994
-0.583844,-0.104253
-0.829318,-0.148616
-0.271605,-0.048751
-0.144190,-0.025924
-0.506690,-0.091225
-0.195400,-0.035321
-0.743342,-0.134493
-0.520098,-0.094404
-0.926846,-0.169911
-0.965104,-0.178736
-0.739936,-0.137238
-0.545341,-0.101805
-0.608506,-0.113612
-0.444496,-0.083041
-0.593022,-0.110941
-0.266732,-0.049952
-0.560315,-0.105070
-0.362404,-0.068082
-0.238136,-0.044773
-0.088494,-0.016700
-0.356726,-0.067970
-0.014007,-0.002673
-0.153024,-0.029254
-0.425941,-0.081445
-0.650033,-0.124376
-0.467140,-0.089713
-0.475438,-0.091332
-0.038152,-0.007346
-0.702400,-0.135250
-0.273318,-0.052779
-0.328363,-0.063541
-0.973221,-0.190085
-0.448284,-0.087800
-0.162004,-0.032039
-0.867301,-0.171692
-0.567083,-0.112512
-0.847671,-0.169318
-0.743805,-0.149345
-0.698210,-0.140296
-0.013424,-0.002698
-0.168928,-0.033988
-0.063479,-0.012827
-0.724906,-0.146724
-0.598023,-0.121100
-0.239191,-0.048458
-0.460378,-0.093797
-0.038889,-0.007960
-0.197987,-0.040602
-0.108662,-0.022377
-0.895309,-0.184633
-0.161125,-0.033366
-0.730158,-0.151721
-0.267421,-0.055759
-0.636981,-0.132974
-0.963441,-0.201242
-0.655991,-0.138055
-0.885331,-0.186916
-0.608167,-0.129204
-0.359888,-0.077001
-0.175032,-0.037654
-0.254427,-0.054885
-0.055043,-0.011899
-0.864351,-0.186923
-0.032757,-0.007107
-0.880519,-0.191293
-0.413342,-0.090275
-0.959724,-0.209932
-0.088169,-0.019435
-0.311697,-0.068797
-0.707217,-0.156163
-0.258787,-0.057325
-0.925726,-0.205214
-0.748004,-0.166458
-0.812723,-0.181004
-0.548400,-0.122283
-0.462544,-0.103589
-0.802028,-0.179635
-0.027340,-0.006141
-0.298972,-0.067220
-0.943384,-0.212352
-0.791588,-0.178567
-0.579122,-0.130693
-0.959481,-0.216549
-0.933968,-0.211457
-0.609823,-0.138273
-0.032101,-0.007303
-0.249028,-0.056744
-0.048838,-0.011133
-0.887246,-0.202865
-0.737952,-0.169427
-0.320959,-0.073723
-0.287761,-0.066099
-0.177809,-0.040863
-0.486521,-0.111874
-0.025884,-0.005986
-0.456496,-0.105713
-0.742144,-0.172093
-0.493052,-0.114731
-0.094307,-0.021972
-0.256463,-0.060032
-0.552503,-0.129813
-0.462552,-0.109300
-0.550454,-0.130358
-0.571713,-0.135412
-0.323463,-0.076850
-0.615145,-0.147292
-0.481942,-0.115824
-0.651879,-0.156806
-0.872328,-0.210923
-0.697729,-0.169261
-0.562354,-0.136941
-0.018636,-0.004547
-0.352526,-0.086292
-0.958183,-0.236267
-0.583483,-0.144672
-0.282510,-0.070111
-0.575755,-0.143350
-0.203561,-0.050740
-0.970023,-0.242666
-0.643213,-0.161358
-0.816515,-0.206010
-0.783094,-0.197847
-0.878141,-0.222918
-0.364550,-0.092745
-0.838281,-0.215162
-0.336572,-0.086473
-0.778023,-0.200173
-0.335716,-0.086662
-0.790083,-0.204408
-0.716983,-0.186338
-0.116190,-0.030412
-0.928501,-0.243097
-0.726852,-0.190506
-0.681754,-0.178820
-0.763122,-0.200260
-0.833831,-0.220966
-0.272577,-0.072596
-0.591965,-0.158072
-0.430954,-0.115561
-0.648068,-0.173842
-0.679054,-0.182740
-0.370256,-0.100007
-0.031877,-0.008634
-0.949343,-0.257122
-0.410257,-0.111180
-0.152896,-0.041548
-0.619810,-0.169578
-0.618777,-0.169672
-0.910391,-0.249841
-0.279859,-0.076934
-0.539313,-0.148534
-0.735405,-0.202722
-0.240699,-0.066419
-0.647249,-0.178711
-0.543826,-0.150327
-0.691618,-0.191488
-0.670394,-0.186597
-0.892709,-0.248747
-0.906083,-0.252560
-0.625007,-0.174749
-0.873840,-0.245041
-0.610386,-0.171389
-0.296664,-0.083368
-0.803463,-0.225954
-0.728455,-0.205012
-0.714605,-0.201394
-0.227031,-0.064089
-0.204117,-0.058035
-0.151472,-0.043283
-0.221745,-0.063376
-0.940694,-0.269534
-0.025764,-0.007410
-0.527308,-0.151828
-0.638216,-0.184185
-0.671498,-0.193803
-0.400641,-0.115876
-0.178880,-0.051838
-0.474068,-0.137511
-0.007120,-0.002069
-0.028345,-0.008250
-0.036680,-0.010690
-0.314708,-0.092105
-0.337494,-0.099117
-0.010891,-0.003202
-0.753734,-0.222024
-0.695162,-0.205406
-0.309922,-0.091592
-0.944607,-0.280076
-0.414765,-0.123141
-0.792346,-0.236098
-0.113869,-0.033958
-0.392564,-0.117157
-0.611616,-0.182985
-0.582739,-0.174358
-0.691529,-0.207716
-0.141809,-0.042641
-0.236885,-0.071401
-0.178278,-0.053754
-0.956886,-0.289749
-0.917973,-0.279735
-0.468165,-0.142746
-0.274701,-0.083792
-0.221400,-0.067570
-0.439756,-0.136425
-0.592666,-0.183875
-0.034455,-0.010723
-0.013135,-0.004120
-0.190273,-0.059692
-0.680553,-0.213841
-0.791329,-0.248879
-0.201816,-0.063967
-0.671579,-0.213687
-0.124811,-0.039785
-0.111269,-0.035471
-0.502730,-0.161207
-0.601968,-0.193253
-0.787981,-0.254330
-0.274483,-0.088614
-0.951264,-0.307616
-0.235432,-0.076214
-0.375982,-0.122178
-0.589381,-0.191721
-0.614104,-0.199769
-0.180011,-0.058652
-0.589481,-0.192826
-0.014981,-0.004906
-0.629102,-0.206399
-0.211968,-0.069712
-0.193082,-0.063821
-0.551192,-0.182222
-0.277212,-0.091986
-0.459967,-0.152738
-0.849596,-0.282437
-0.473522,-0.157467
-0.641158,-0.214975
-0.187604,-0.063088
-0.812270,-0.273495
-0.279020,-0.094059
-0.403590,-0.136604
-0.917718,-0.310922
-0.588017,-0.199666
-0.000629,-0.000214
-0.202019,-0.068857
-0.674163,-0.229931
-0.219832,-0.075213
-0.245535,-0.084029
-0.611357,-0.209783
-0.886003,-0.304398
-0.371970,-0.128003
-0.632892,-0.217998
-0.663524,-0.228610
-0.379569,-0.131237
-0.020691,-0.007154
-0.370310,-0.128383
-0.693096,-0.240402
-0.537534,-0.186485
-0.524804,-0.182372
-0.220483,-0.076643
-0.668750,-0.233745
-0.796192,-0.278847
-0.757077,-0.266710
-0.200861,-0.070798
-0.167382,-0.059019
-0.143164,-0.050500
-0.782065,-0.276792
-0.674601,-0.239296
-0.340325,-0.120750
-0.884677,-0.314293
-0.014494,-0.005150
-0.059486,-0.021252
-0.279583,-0.099891
-0.828053,-0.296688
-0.088100,-0.031617
-0.719667,-0.258668
-0.493845,-0.177670
-0.345152,-0.124284
-0.109455,-0.039431
-0.100239,-0.036140
-0.158787,-0.057400
-0.543378,-0.196865
-0.787073,-0.285164
-0.410028,-0.148881
-0.113143,-0.041105
-0.733051,-0.266375
-0.926872,-0.337117
-0.821978,-0.299205
-0.763545,-0.279341
-0.909858,-0.333093
-0.545383,-0.199971
-0.060377,-0.022175
-0.853943,-0.313842
-0.302504,-0.111226
-0.728780,-0.268009
-0.868109,-0.319636
-0.226812,-0.083725
-0.275520,-0.101851
-0.435530,-0.161189
-0.797877,-0.296349
-0.854794,-0.318142
-0.180579,-0.067270
-0.775769,-0.288994
-0.348753,-0.130279
-0.027863,-0.010460
-0.559683,-0.210329
-0.762873,-0.287134
-0.087738,-0.033037
-0.775062,-0.293322
-0.257517,-0.097536
-0.489180,-0.185760
-0.313673,-0.120264
-0.571323,-0.219590
-0.268271,-0.103349
-0.931184,-0.358981
-0.836217,-0.322410
-0.572462,-0.221267
-0.839581,-0.325255
-0.858583,-0.332953
-0.176637,-0.068809
-0.221284,-0.086412
-0.679187,-0.265348
-0.918912,-0.359741
-0.562801,-0.221084
-0.739119,-0.291103
-0.223632,-0.088268
-0.716353,-0.282834
-0.321248,-0.127002
-0.222828,-0.088233
-0.055796,-0.022148
-0.437625,-0.173745
-0.216190,-0.085927
-0.738220,-0.293449
-0.589781,-0.234870
-0.380872,-0.152046
-0.348694,-0.139419
-0.495681,-0.198265
-0.419383,-0.168076
-0.313338,-0.125623
-0.358216,-0.143720
-0.566502,-0.227457
-0.442567,-0.177825
-0.285262,-0.114755
-0.014079,-0.005679
-0.117866,-0.047677
-0.494371,-0.200071
-0.682273,-0.276960
-0.110865,-0.045118
-0.600594,-0.244558
-0.475197,-0.193527
-0.022425,-0.009153
-0.021450,-0.008766
-0.529530,-0.216686
-0.825967,-0.339060
-0.845043,-0.347092
-0.570906,-0.234835
-0.588383,-0.243531
-0.573668,-0.238332
-0.812965,-0.338095
-0.638852,-0.265844
-0.659600,-0.275122
-0.853477,-0.356851
-0.912728,-0.381706
-0.456522,-0.190974
-0.884282,-0.370041
-0.374911,-0.157486
-0.909268,-0.382565
-0.782459,-0.329838
-0.863165,-0.363912
-0.872964,-0.368942
-0.208426,-0.088652
-0.299059,-0.127415
-0.216684,-0.092490
-0.747491,-0.319262
-0.067945,-0.029049
-0.520786,-0.224349
-0.169913,-0.073221
-0.797070,-0.343922
-0.573313,-0.248161
-0.310594,-0.134587
-0.177831,-0.077505
-0.374689,-0.163445
-0.740339,-0.323125
-0.520797,-0.228593
-0.149131,-0.065544
-0.584562,-0.257798
-0.523511,-0.232561
-0.073564,-0.032691
-0.832521,-0.370677
-0.846224,-0.377296
-0.831850,-0.371266
-0.893335,-0.399081
-0.601760,-0.269106
-0.165404,-0.073976
-0.560606,-0.250767
-0.453288,-0.203112
-0.687728,-0.308368
-0.907217,-0.407034
-0.441539,-0.198239
-0.391068,-0.176019
-0.479165,-0.215859
-0.747511,-0.337531
-0.732366,-0.331233
-0.374878,-0.169683
-0.283286,-0.128296
-0.139813,-0.063410
-0.040365,-0.018312
-0.135975,-0.061695
-0.297130,-0.135457
-0.287886,-0.131406
-0.705083,-0.322382
-0.204721,-0.093636
-0.248652,-0.113903
-0.180686,-0.082809
-0.278215,-0.127959
-0.246952,-0.113775
-0.627671,-0.289295
-0.473622,-0.218350
-0.359970,-0.166026
-0.779458,-0.360386
-0.061408,-0.028410
-0.111560,-0.051622
-0.320212,-0.149556
-0.178721,-0.083689
-0.245317,-0.115097
-0.667131,-0.313102
-0.372758,-0.175112
-0.666420,-0.314364
-0.227773,-0.108054
-0.804085,-0.382259
-0.790298,-0.376362
-0.003709,-0.001770
-0.276105,-0.131903
-0.733417,-0.350820
-0.107027,-0.051474
-0.012419,-0.005997
-0.702740,-0.340270
-0.265619,-0.128990
-0.439311,-0.213488
-0.726878,-0.353562
-0.098519,-0.047933
-0.793340,-0.386933
-0.213986,-0.104505
-0.660045,-0.323207
-0.540977,-0.265316
-0.607227,-0.298027
-0.638405,-0.313751
-0.335373,-0.165739
-0.383444,-0.190668
-0.307935,-0.153695
-0.864862,-0.431937
-0.857308,-0.428360
-0.034619,-0.017446
-0.686378,-0.345971
-0.177041,-0.089352
-0.005630,-0.002844
-0.517349,-0.261494
-0.088803,-0.044893
-0.182197,-0.092168
-0.768966,-0.389093
-0.059856,-0.030370
-0.814218,-0.413317
-0.128521,-0.065264
-0.113485,-0.057672
-0.825353,-0.421267
-0.187862,-0.096315
-0.526726,-0.271615
-0.222166,-0.114727
-0.713925,-0.368994
-0.548319,-0.284364
-0.632612,-0.328083
-0.072074,-0.037395
-0.762147,-0.395512
-0.709838,-0.368599
-0.534750,-0.277949
-0.146049,-0.076156
-0.483188,-0.252170
-0.137958,-0.072351
-0.078760,-0.041324
-0.474909,-0.249664
-0.433238,-0.228721
-0.744249,-0.393270
-0.856611,-0.453764
-0.522001,-0.276715
-0.700910,-0.371671
-0.507899,-0.269785
-0.111182,-0.059110
-0.811690,-0.431690
-0.211413,-0.112902
-0.742750,-0.397414
-0.309550,-0.165635
-0.265078,-0.142050
-0.698455,-0.374739
-0.455885,-0.244812
-0.181984,-0.098036
-0.067349,-0.036283
-0.399485,-0.215453
-0.483936,-0.261142
-0.565356,-0.305480
-0.183244,-0.099141
-0.381128,-0.206471
-0.074174,-0.040232
-0.805745,-0.437199
-0.500948,-0.272768
-0.217072,-0.118757
-0.381103,-0.208510
-0.322379,-0.176998
-0.063691,-0.035028
-0.372625,-0.205489
-0.414766,-0.228879
-0.788080,-0.435290
-0.118310,-0.065484
-0.427905,-0.236865
-0.525559,-0.291377
-0.715219,-0.398487
-0.294870,-0.164307
-0.532522,-0.296891
-0.605565,-0.338363
-0.316031,-0.176970
-0.244497,-0.137317
-0.659496,-0.372063
-0.268344,-0.151699
-0.457546,-0.258849
-0.150466,-0.085165
-0.786127,-0.445067
-0.172492,-0.097896
-0.518071,-0.294039
-0.419992,-0.238478
-0.341197,-0.194270
-0.715545,-0.407567
-0.685241,-0.390717
-0.329214,-0.188444
-0.516813,-0.295888
-0.427602,-0.245372
-0.420936,-0.241761
-0.675099,-0.387861
-0.479548,-0.276224
-0.580751,-0.334534
-0.459567,-0.264809
-0.609145,-0.351453
-0.739025,-0.428669
-0.585629,-0.339940
-0.355513,-0.206727
-0.068068,-0.039592
-0.863474,-0.502416
-0.085566,-0.049815
-0.267391,-0.155741
-0.603573,-0.351851
-0.537441,-0.314178
-0.746455,-0.436997
-0.277775,-0.163012
-0.155244,-0.091558
-0.014115,-0.008332
-0.743166,-0.439114
-0.142359,-0.084563
-0.022823,-0.013605
-0.840431,-0.501802
-0.567420,-0.338882
-0.434513,-0.260114
-0.385714,-0.231338
-0.273984,-0.164366
-0.828342,-0.499606
-0.523557,-0.316782
-0.820676,-0.497035
-0.357677,-0.217098
-0.111021,-0.067446
-0.211774,-0.129099
-0.358062,-0.218783
-0.467719,-0.286243
-0.725299,-0.444112
-0.088985,-0.054574
-0.753132,-0.462077
-0.763598,-0.468862
-0.356292,-0.218960
-0.018952,-0.011647
-0.561130,-0.345092
-0.361809,-0.222513
-0.483569,-0.297718
-0.734322,-0.452378
-0.184169,-0.113487
-0.223351,-0.137974
-0.404262,-0.249822
-0.480673,-0.297131
-0.700518,-0.433789
-0.029975,-0.018564
-0.800440,-0.495737
-0.693717,-0.430282
-0.495784,-0.308351
-0.395443,-0.246203
-0.305722,-0.190582
-0.077574,-0.048385
-0.575590,-0.359938
-0.107962,-0.067601
-0.404802,-0.254020
-0.679806,-0.426917
-0.024092,-0.015145
-0.609884,-0.384047
-0.626514,-0.394917
-0.319196,-0.201276
-0.364688,-0.230331
-0.465074,-0.294182
-0.810832,-0.513214
-0.063195,-0.040144
-0.005014,-0.003187
-0.274948,-0.174823
-0.720799,-0.458504
-0.641733,-0.410978
-0.161045,-0.103197
-0.531356,-0.341266
-0.114968,-0.074056
-0.360307,-0.232243
-0.112665,-0.072646
-0.643788,-0.416639
-0.682345,-0.442849
-0.477723,-0.310302
-0.329007,-0.213740
-0.541718,-0.352539
-0.563362,-0.367098
-0.544306,-0.354689
-0.544187,-0.355393
-0.776414,-0.507090
-0.430350,-0.281398
-0.334185,-0.218610
-0.589465,-0.385992
-0.171107,-0.112439
-0.467001,-0.307513
-0.101603,-0.066907
-0.171355,-0.113032
-0.422403,-0.278653
-0.699106,-0.461497
-0.393753,-0.260026
-0.023733,-0.015755
-0.307728,-0.204674
-0.752259,-0.501659
-0.720095,-0.480398
-0.215114,-0.143526
-0.654597,-0.436823
-0.014502,-0.009680
-0.650463,-0.434168
-0.374393,-0.250147
-0.630615,-0.421402
-0.455335,-0.305931
-0.129043,-0.086987
-0.726884,-0.491105
-0.257714,-0.174125
-0.086349,-0.058382
-0.613861,-0.415215
-0.480453,-0.325323
-0.347163,-0.235551
-0.161766,-0.110009
-0.515534,-0.350855
-0.394848,-0.269247
-0.770182,-0.525456
-0.158903,-0.108565
-0.056749,-0.038830
-0.324733,-0.222348
-0.353330,-0.241984
-0.002869,-0.001970
-0.813834,-0.559077
-0.004376,-0.003007
-0.526095,-0.361504
-0.626251,-0.430760
-0.520052,-0.358345
-0.395336,-0.272523
-0.460785,-0.318145
-0.407486,-0.282073
-0.101572,-0.070315
-0.429980,-0.297872
-0.702337,-0.486865
-0.316366,-0.220371
-0.374298,-0.260904
-0.052608,-0.036684
-0.384360,-0.269051
-0.237268,-0.166114
-0.608590,-0.426302
-0.561450,-0.393352
-0.389272,-0.272768
-0.677058,-0.475960
-0.172618,-0.121401
-0.065583,-0.046135
-0.641199,-0.451691
-0.436749,-0.307797
-0.669722,-0.472494
-0.075809,-0.053584
-0.205251,-0.145094
-0.385081,-0.272305
-0.286763,-0.203142
-0.079375,-0.056297
-0.057293,-0.040636
-0.336439,-0.239145
-0.451542,-0.321098
-0.471721,-0.335651
-0.517501,-0.368645
-0.344729,-0.245903
-0.463739,-0.331108
-0.641352,-0.459323
-0.657489,-0.471569
-0.328294,-0.235481
-0.365067,-0.261895
-0.342270,-0.245765
-0.094900,-0.068345
-0.094444,-0.068040
-0.430472,-0.310192
-0.111215,-0.080253
-0.545257,-0.393635
-0.304588,-0.220437
-0.202392,-0.146567
-0.133983,-0.097114
-0.767808,-0.558209
-0.393417,-0.286478
-0.804111,-0.586623
-0.151033,-0.110211
-0.794879,-0.580190
-0.758969,-0.554857
-0.439770,-0.321533
-0.423228,-0.309734
-0.346232,-0.253629
-0.629189,-0.461509
-0.404618,-0.296831
-0.214087,-0.157093
-0.444889,-0.326877
-0.732071,-0.538057
-0.226430,-0.166916
-0.804252,-0.592912
-0.444319,-0.328056
-0.661518,-0.490210
-0.256933,-0.190464
-0.211944,-0.157757
-0.221422,-0.164989
-0.410235,-0.305705
-0.417232,-0.311152
-0.054378,-0.040555
-0.424417,-0.316776
-0.221161,-0.165133
-0.547923,-0.409275
-0.666580,-0.498601
-0.032253,-0.024128
-0.020608,-0.015457
-0.332100,-0.249736
-0.439116,-0.330542
-0.510132,-0.384650
-0.378452,-0.285620
-0.326232,-0.246232
-0.360280,-0.272149
-0.626110,-0.473414
-0.782284,-0.591617
-0.214367,-0.162142
-0.712423,-0.540525
-0.213595,-0.162195
-0.502735,-0.382596
-0.346853,-0.264430
-0.689053,-0.525424
-0.428398,-0.326965
-0.677705,-0.517677
-0.685507,-0.523900
-0.093483,-0.071471
-0.715208,-0.548554
-0.348456,-0.267455
-0.758215,-0.582622
-0.454385,-0.349789
-0.457711,-0.352515
-0.517059,-0.398285
-0.749234,-0.577189
-0.393613,-0.303437
-0.164958,-0.127200
-0.408018,-0.315146
-0.229613,-0.177450
-0.732804,-0.566999
-0.140361,-0.108615
-0.621291,-0.481569
-0.250291,-0.194342
-0.499660,-0.388880
-0.700510,-0.545844
-0.342900,-0.267294
-0.541021,-0.422089
-0.643131,-0.502314
-0.746694,-0.583375
-0.345438,-0.270136
-0.762485,-0.596343
-0.514546,-0.403172
-0.311239,-0.244027
-0.078226,-0.061362
-0.713892,-0.560070
-0.525447,-0.412797
-0.314618,-0.247371
-0.062003,-0.048771
-0.043829,-0.034482
-0.443549,-0.350245
-0.262796,-0.207778
-0.118547,-0.093837
-0.123634,-0.097879
-0.621569,-0.492641
-0.636488,-0.504503
-0.196479,-0.155774
-0.626926,-0.497901
-0.048782,-0.038784
-0.699849,-0.558052
-0.412440,-0.329477
-0.739468,-0.591295
-0.387936,-0.310211
-0.673072,-0.539516
-0.113155,-0.090933
-0.086368,-0.069412
-0.580780,-0.467334
-0.087137,-0.070381
-0.443837,-0.358699
-0.484456,-0.391759
-0.698033,-0.564781
-0.363246,-0.293951
-0.361053,-0.292281
-0.233483,-0.189102
-0.007921,-0.006432
-0.422553,-0.343425
-0.466651,-0.379439
-0.137492,-0.111903
-0.190007,-0.155450
-0.438931,-0.359265
-0.085494,-0.070054
-0.455447,-0.373740
-0.043912,-0.036171
-0.153253,-0.126331
-0.433457,-0.357515
-0.482337,-0.398770
-0.242908,-0.201364
-0.142105,-0.117806
-0.463050,-0.384695
-0.083834,-0.069665
-0.401830,-0.334737
-0.177435,-0.148107
-0.371202,-0.310294
-0.703164,-0.588239
-0.374527,-0.313734
-0.071413,-0.059826
-0.284768,-0.238637
-0.031948,-0.026793
-0.353360,-0.296715
-0.106529,-0.089472
-0.227631,-0.191372
-0.130369,-0.109785
-0.220094,-0.185611
-0.410720,-0.347369
-0.502946,-0.425404
-0.384133,-0.325846
-0.606421,-0.515448
-0.717298,-0.609756
-0.663970,-0.564482
-0.013816,-0.011760
-0.099040,-0.084368
-0.248242,-0.212281
-0.108213,-0.092726
-0.515229,-0.441639
-0.184594,-0.158340
-0.350288,-0.301374
-0.098763,-0.085232
-0.067313,-0.058113
-0.035735,-0.030857
-0.061357,-0.053071
-0.059052,-0.051165
-0.751192,-0.651400
-0.649363,-0.565227
-0.267348,-0.232722
-0.020399,-0.017781
-0.167129,-0.145721
-0.710178,-0.620108
-0.515829,-0.450549
-0.346413,-0.302602
-0.023243,-0.020332
-0.176675,-0.154858
-0.172973,-0.152138
-0.384673,-0.338434
-0.561248,-0.494808
-0.727620,-0.641857
-0.675367,-0.596977
-0.432247,-0.382161
-0.543615,-0.480765
-0.657874,-0.582949
-0.352064,-0.312112
-0.189845,-0.168515
-0.348570,-0.309439
-0.737808,-0.655092
-0.532484,-0.473478
-0.184130,-0.164327
-0.373292,-0.333875
-0.088759,-0.079404
-0.129364,-0.115953
-0.069272,-0.062103
-0.335959,-0.301234
-0.380344,-0.341367
-0.364284,-0.327324
-0.395124,-0.355496
-0.430191,-0.387700
-0.028940,-0.026130
-0.482898,-0.436207
-0.446296,-0.403591
-0.288257,-0.260904
-0.126016,-0.114179
-0.689470,-0.624755
-0.513132,-0.465152
-0.339272,-0.307966
-0.253767,-0.231270
-0.190087,-0.173395
-0.068867,-0.062902
-0.404277,-0.369572
-0.349870,-0.320402
-0.579549,-0.531483
-0.388466,-0.356772
-0.217040,-0.199870
-0.600184,-0.553956
-0.661995,-0.611387
-0.673995,-0.622856
-0.223247,-0.206466
-0.569430,-0.527539
-0.163806,-0.151845
-0.205102,-0.190405
-0.185573,-0.172330
-0.173375,-0.161054
-0.078028,-0.072497
-0.361649,-0.336376
-0.611191,-0.570329
-0.521904,-0.487693
-0.375121,-0.350619
-0.561522,-0.525093
-0.433007,-0.405177
-0.402693,-0.376972
-0.291073,-0.272607
-0.564111,-0.528556
-0.206117,-0.193215
-0.060572,-0.056781
-0.027083,-0.025405
-0.304939,-0.286151
-0.179774,-0.168856
-0.690952,-0.649202
-0.429121,-0.403366
-0.216607,-0.203639
-0.630520,-0.593023
-0.221195,-0.208686
-0.327415,-0.309210
-0.406803,-0.384691
-0.210609,-0.199588
-0.657652,-0.624330
-0.406722,-0.386642
-0.080370,-0.076532
-0.692150,-0.659386
-0.156945,-0.149558
-0.129110,-0.123059
-0.170566,-0.162606
-0.362159,-0.345433
-0.455693,-0.435157
-0.065498,-0.062565
-0.429215,-0.410474
-0.145729,-0.139945
-0.359088,-0.345025
-0.352210,-0.338798
-0.269648,-0.261094
-0.074001,-0.071804
-0.442064,-0.428939
-0.397549,-0.385879
-0.373217,-0.364285
-0.086457,-0.084678
-0.387549,-0.379912
-0.090888,-0.089289
-0.580046,-0.570479
-0.407000,-0.400468
-0.127080,-0.125075
-0.690816,-0.680992
-0.709841,-0.701385
-0.135564,-0.133990
-0.421350,-0.416806
-0.066578,-0.065864
-0.345533,-0.342017
-0.557969,-0.553917
-0.198144,-0.196799
-0.551196,-0.547773
-0.679738,-0.678789
-0.433619,-0.433348
-0.454133,-0.454193
-0.057382,-0.057450
-0.258496,-0.259115
-0.494460,-0.496669
-0.424853,-0.426778
-0.232602,-0.233829
-0.670580,-0.676320
-0.329528,-0.332536
-0.671230,-0.677490
-0.535727,-0.541590
-0.496454,-0.501926
-0.330843,-0.334966
-0.560972,-0.569639
-0.469250,-0.476511
-0.423155,-0.429984
-0.013728,-0.013951
-0.009590,-0.009748
-0.690173,-0.701761
-0.322925,-0.328389
-0.022075,-0.022494
-0.618560,-0.632200
-0.102574,-0.104853
-0.638205,-0.652435
-0.177320,-0.181650
-0.634257,-0.650460
-0.389624,-0.399773
-0.598778,-0.614585
-0.405334,-0.416598
-0.332207,-0.342186
-0.067735,-0.069932
-0.597830,-0.618391
-0.462516,-0.478686
-0.105711,-0.109871
-0.247606,-0.257373
-0.666304,-0.693481
-0.164393,-0.171243
-0.176667,-0.184048
-0.682349,-0.713499
-0.594530,-0.622384
-0.024645,-0.025815
-0.450248,-0.471943
-0.491997,-0.517483
-0.293972,-0.309750
-0.538306,-0.567452
-0.543971,-0.573905
-0.286386,-0.302806
-0.401033,-0.424266
-0.402078,-0.425429
-0.347819,-0.368273
-0.361342,-0.383496
-0.652244,-0.693696
-0.620575,-0.660072
-0.412793,-0.439453
-0.139555,-0.148643
-0.352942,-0.376187
-0.402006,-0.428640
-0.043898,-0.046986
-0.218618,-0.234464
-0.166660,-0.178827
-0.539827,-0.580752
-0.072181,-0.077686
-0.526964,-0.567346
-0.159646,-0.171928
-0.211848,-0.229324
-0.204185,-0.221239
-0.596102,-0.646658
-0.303477,-0.329316
-0.307767,-0.334659
-0.603395,-0.656335
-0.421026,-0.457993
-0.310291,-0.338605
-0.264843,-0.289651
-0.564456,-0.618355
-0.577522,-0.632720
-0.662484,-0.726606
-0.453674,-0.497767
-0.619249,-0.679836
-0.073348,-0.080536
-0.266968,-0.293158
-0.648080,-0.711702
-0.136612,-0.150094
-0.147562,-0.162666
-0.250230,-0.275881
-0.045750,-0.050462
-0.575224,-0.634657
-0.474492,-0.523787
-0.408786,-0.451724
-0.146107,-0.161983
-0.399339,-0.443003
-0.585721,-0.650281
-0.026966,-0.029998
-0.498352,-0.555386
-0.033460,-0.037312
-0.624985,-0.698458
-0.142821,-0.159988
-0.524062,-0.587228
-0.566943,-0.636085
-0.274929,-0.308820
-0.130652,-0.146983
-0.236090,-0.265826
-0.234084,-0.263850
-0.358835,-0.405120
-0.472042,-0.533530
-0.192991,-0.218566
-0.496554,-0.563649
-0.019148,-0.021746
-0.571478,-0.649081
-0.581104,-0.660286
-0.026305,-0.029906
-0.462352,-0.529463
-0.289711,-0.331784
-0.319848,-0.366698
-0.575975,-0.660637
-0.152740,-0.175199
-0.229468,-0.263229
-0.370643,-0.425428
-0.299853,-0.344281
-0.237382,-0.272953
-0.585847,-0.675294
-0.123723,-0.142675
-0.344259,-0.397816
-0.479701,-0.554460
-0.649087,-0.751274
-0.320645,-0.371326
-0.501126,-0.580995
-0.433590,-0.502773
-0.457617,-0.530969
-0.061372,-0.071220
-0.265399,-0.308319
-0.488425,-0.568614
-0.367113,-0.427612
-0.412590,-0.481771
-0.474958,-0.554746
-0.175620,-0.205575
-0.034747,-0.040683
-0.305065,-0.357192
-0.382662,-0.448196
-0.459757,-0.539586
-0.180617,-0.212460
-0.474160,-0.557892
-0.007953,-0.009360
-0.293814,-0.345866
-0.526773,-0.620298
-0.099953,-0.117851
-0.454933,-0.537487
-0.490759,-0.581607
-0.475271,-0.563256
-0.475448,-0.564714
-0.471908,-0.560870
-0.582818,-0.692943
-0.588546,-0.702127
-0.414006,-0.495311
-0.420365,-0.503421
-0.528698,-0.633280
-0.067784,-0.081217
-0.399068,-0.478436
-0.185714,-0.222716
-0.623580,-0.747976
-0.595509,-0.715094
-0.359813,-0.432072
-0.444195,-0.534532
-0.574565,-0.692144
-0.565004,-0.681042
-0.248985,-0.300122
-0.142694,-0.172231
-0.006078,-0.007356
-0.288289,-0.349357
-0.213786,-0.259336
-0.265281,-0.322007
-0.033770,-0.041033
-0.225647,-0.274386
-0.273701,-0.333019
-0.479728,-0.584218
-0.282694,-0.344558
-0.504431,-0.615338
-0.350655,-0.428096
-0.080216,-0.097936
-0.403101,-0.493782
-0.178015,-0.218211
-0.622198,-0.762870
-0.397327,-0.488027
-0.113581,-0.139836
-0.588468,-0.724656
-0.114558,-0.141141
-0.008446,-0.010410
-0.037604,-0.046385
-0.394053,-0.487185
-0.007880,-0.009757
-0.008053,-0.009982
-0.267793,-0.332473
-0.088617,-0.110087
-0.442934,-0.551071
-0.614108,-0.765314
-0.228087,-0.284293
-0.237927,-0.296592
-0.529392,-0.660754
-0.114535,-0.142971
-0.497521,-0.621066
-0.295244,-0.368680
-0.362026,-0.452606
-0.141472,-0.176975
-0.045691,-0.057207
-0.362329,-0.453669
-0.394476,-0.494366
-0.057145,-0.071639
-0.592396,-0.744390
-0.469742,-0.591968
-0.569316,-0.718855
-0.438181,-0.553933
-0.276735,-0.349899
-0.475754,-0.601896
-0.405496,-0.513176
-0.372213,-0.471129
-0.230898,-0.292487
-0.614762,-0.778794
-0.221410,-0.281179
-0.610552,-0.775835
-0.500830,-0.636433
-0.585807,-0.747084
-0.208013,-0.265318
-0.230364,-0.293997
-0.021703,-0.027788
-0.555744,-0.712596
-0.276066,-0.353992
-0.067042,-0.086044
-0.426552,-0.547909
-0.449335,-0.579547
-0.119186,-0.153985
-0.046934,-0.060734
-0.086734,-0.112417
-0.074232,-0.096257
-0.591757,-0.769145
-0.501131,-0.652174
-0.055644,-0.072467
-0.360586,-0.472379
-0.139358,-0.182696
-0.000266,-0.000349
-0.579591,-0.762695
-0.353046,-0.464966
-0.537266,-0.707886
-0.306569,-0.404718
-0.482389,-0.636923
-0.423403,-0.559708
-0.322787,-0.427777
-0.458606,-0.608663
-0.349726,-0.464334
-0.325029,-0.431559
-0.433022,-0.575118
-0.345114,-0.459562
-0.209508,-0.279144
-0.291646,-0.389221
-0.481200,-0.643644
-0.488996,-0.656130
-0.274466,-0.368409
-0.195677,-0.262966
-0.091132,-0.122570
-0.499795,-0.673202
-0.217077,-0.292633
-0.302628,-0.408026
-0.181535,-0.244998
-0.544508,-0.735602
-0.367953,-0.499183
-0.304971,-0.413795
-0.207971,-0.282438
-0.464181,-0.630442
-0.323921,-0.440091
-0.159980,-0.217594
-0.452625,-0.615739
-0.528496,-0.719138
-0.038846,-0.052897
-0.047282,-0.064590
-0.494999,-0.676258
-0.104165,-0.142443
-0.364897,-0.499127
-0.041928,-0.057385
-0.536044,-0.733773
-0.475666,-0.652066
-0.205733,-0.282587
-0.264601,-0.364569
-0.222100,-0.306463
-0.546077,-0.754411
-0.379136,-0.523975
-0.422813,-0.584864
-0.254520,-0.352377
-0.084489,-0.117181
-0.315300,-0.437551
-0.351415,-0.488033
-0.547720,-0.760799
-0.209726,-0.292025
-0.199626,-0.278002
-0.358997,-0.499981
-0.006474,-0.009025
-0.050713,-0.070692
-0.222854,-0.310779
-0.457504,-0.638334
-0.413005,-0.577182
-0.400622,-0.559994
-0.565752,-0.790893
-0.319222,-0.447089
-0.305800,-0.428679
-0.259662,-0.364216
-0.109784,-0.154308
-0.049112,-0.069078
-0.038297,-0.053870
-0.526657,-0.742294
-0.479572,-0.675981
-0.136677,-0.193025
-0.222570,-0.314855
-0.297460,-0.421149
-0.246645,-0.349887
-0.343162,-0.488338
-0.475703,-0.677959
-0.504106,-0.719044
-0.368419,-0.525741
-0.383124,-0.548026
-0.447680,-0.640885
-0.400918,-0.574208
-0.419707,-0.602136
-0.083876,-0.120379
-0.008168,-0.011725
-0.424983,-0.610428
-0.235952,-0.338937
-0.115945,-0.166588
-0.289255,-0.418156
-0.091039,-0.131813
-0.149362,-0.216407
-0.066186,-0.095986
-0.052018,-0.075485
-0.268489,-0.389685
-0.452364,-0.656824
-0.413978,-0.601247
-0.099582,-0.144719
-0.520491,-0.756567
-0.179432,-0.261305
-0.313237,-0.456313
-0.405303,-0.590839
-0.424647,-0.621568
-0.180282,-0.264735
-0.037624,-0.055376
-0.062293,-0.091754
-0.246304,-0.362872
-0.404674,-0.596294
-0.426961,-0.629493
-0.272858,-0.402322
-0.015633,-0.023051
-0.112010,-0.165439
-0.493776,-0.729493
-0.437754,-0.647116
-0.061993,-0.091698
-0.546661,-0.810077
-0.481525,-0.713881
-0.060364,-0.089554
-0.483102,-0.717883
-0.421690,-0.626750
-0.299276,-0.445033
-0.423723,-0.630153
-0.314452,-0.468246
-0.124464,-0.185435
-0.459200,-0.684172
-0.387084,-0.579256
-0.367972,-0.550816
-0.162034,-0.242552
-0.502168,-0.752045
-0.090371,-0.135379
-0.000350,-0.000526
-0.409019,-0.615594
-0.508246,-0.765748
-0.121069,-0.182567
-0.505368,-0.763189
-0.392303,-0.592534
-0.426835,-0.645206
-0.190222,-0.287762
-0.116675,-0.177824
-0.350702,-0.535497
-0.128644,-0.196907
-0.304624,-0.468834
-0.185595,-0.286638
-0.233351,-0.360995
-0.294943,-0.456331
-0.004825,-0.007467
-0.194987,-0.302137
-0.201656,-0.312515
-0.454780,-0.705961
-0.474732,-0.737027
-0.215276,-0.334522
-0.029998,-0.046747
-0.052545,-0.081928
-0.489755,-0.764230
-0.072409,-0.113065
-0.042877,-0.066996
-0.209015,-0.326636
-0.032884,-0.051756
-0.464683,-0.731778
-0.299289,-0.472091
-0.259784,-0.409825
-0.096999,-0.153469
-0.049120,-0.077717
-0.399005,-0.633007
-0.180379,-0.286775
-0.447951,-0.713316
-0.172598,-0.275907
-0.203316,-0.325027
-0.330818,-0.529374
-0.506093,-0.811215
-0.257467,-0.413395
-0.025837,-0.041619
-0.522986,-0.842575
-0.492662,-0.793741
-0.190828,-0.307888
-0.066601,-0.107458
-0.067402,-0.108838
-0.063242,-0.102287
-0.497006,-0.804898
-0.334081,-0.541694
-0.190181,-0.308508
-0.333264,-0.541174
-0.162556,-0.264002
-0.271428,-0.441912
-0.169546,-0.276704
-0.059980,-0.097919
-0.297287,-0.486198
-0.179949,-0.294369
-0.239661,-0.392358
-0.462611,-0.757975
-0.003998,-0.006558
-0.135702,-0.222650
-0.155238,-0.254732
-0.460352,-0.755777
-0.253942,-0.417422
-0.094270,-0.155010
-0.213280,-0.351043
-0.086880,-0.143039
-0.125045,-0.206355
-0.303546,-0.501654
-0.414137,-0.685151
-0.101714,-0.168718
-0.481402,-0.798773
-0.254297,-0.422182
-0.500529,-0.831369
-0.014642,-0.024368
-0.327968,-0.546873
-0.075197,-0.125595
-0.289900,-0.484412
-0.321592,-0.537874
-0.426583,-0.714321
-0.355700,-0.596021
-0.499007,-0.836213
-0.255645,-0.428729
-0.422086,-0.707901
-0.497628,-0.837880
-0.127150,-0.214516
-0.275114,-0.465204
-0.332145,-0.562164
-0.309105,-0.525647
-0.349292,-0.594423
-0.187865,-0.320244
-0.474007,-0.808767
-0.493654,-0.842818
-0.345724,-0.590314
-0.084192,-0.144165
-0.146554,-0.251258
-0.268297,-0.460418
-0.431745,-0.741006
-0.283235,-0.486709
-0.069146,-0.118830
-0.225259,-0.388655
-0.005176,-0.008945
-0.380266,-0.657171
-0.389180,-0.673728
-0.335714,-0.581887
-0.193507,-0.335673
-0.388362,-0.673849
-0.472559,-0.821737
-0.302237,-0.525992
-0.351426,-0.612350
-0.109269,-0.190612
-0.084554,-0.147536
-0.337710,-0.589804
-0.060232,-0.105683
-0.377643,-0.662907
-0.454242,-0.797728
-0.143635,-0.252900
-0.488374,-0.860434
-0.278391,-0.491457
-0.318574,-0.562619
-0.251487,-0.445886
-0.432933,-0.767867
-0.194992,-0.346651
-0.275904,-0.491764
-0.000101,-0.000181
-0.198439,-0.354342
-0.295173,-0.527784
-0.312250,-0.560590
-0.193373,-0.347942
-0.389771,-0.701632
-0.423043,-0.763459
-0.446535,-0.808571
-0.060062,-0.108891
-0.215090,-0.391911
-0.093781,-0.170969
-0.418999,-0.765367
-0.453030,-0.827593
-0.036529,-0.066754
-0.463618,-0.847361
-0.160151,-0.292752
-0.251668,-0.461550
-0.072504,-0.133395
-0.437556,-0.806640
-0.166322,-0.307562
-0.029460,-0.054695
-0.298880,-0.555223
-0.412724,-0.766998
-0.444248,-0.826599
-0.394468,-0.742295
-0.308067,-0.579775
-0.076678,-0.144389
-0.152953,-0.288205
-0.177326,-0.334324
-0.052254,-0.098682
-0.185844,-0.351711
-0.401424,-0.760126
-0.225458,-0.427229
-0.152668,-0.289541
-0.420867,-0.798590
-0.133473,-0.253822
-0.056984,-0.108611
-0.050882,-0.096995
-0.321908,-0.616225
-0.147339,-0.282787
-0.419383,-0.805544
-0.411993,-0.793001
-0.012026,-0.023164
-0.395033,-0.761184
-0.095538,-0.184171
-0.389319,-0.750635
-0.369699,-0.714247
-0.375133,-0.725601
-0.046519,-0.089994
-0.121104,-0.234364
-0.167441,-0.324468
-0.313205,-0.609194
-0.241278,-0.469820
-0.000543,-0.001058
-0.000575,-0.001123
-0.380994,-0.745843
-0.052783,-0.103671
-0.077584,-0.152994
-0.076015,-0.150350
-0.243413,-0.481482
-0.424915,-0.841099
-0.400716,-0.795442
-0.335418,-0.668465
-0.405827,-0.809572
-0.253285,-0.506832
-0.164073,-0.328493
-0.218006,-0.436931
-0.316060,-0.635218
-0.077263,-0.155523
-0.076339,-0.154460
-0.178277,-0.360811
-0.177291,-0.358963
-0.220884,-0.447299
-0.149927,-0.304081
-0.187839,-0.381432
-0.421824,-0.856788
-0.194192,-0.395062
-0.235306,-0.479198
-0.397835,-0.810320
-0.111855,-0.229728
-0.139147,-0.285794
-0.010255,-0.021089
-0.015053,-0.030972
-0.247308,-0.508943
-0.070753,-0.145671
-0.071992,-0.149266
-0.024507,-0.050860
-0.010985,-0.022811
-0.202132,-0.420701
-0.269452,-0.561024
-0.165547,-0.344831
-0.012945,-0.027046
-0.217267,-0.454111
-0.036474,-0.076318
-0.119793,-0.250782
-0.295292,-0.619118
-0.184157,-0.386793
-0.256765,-0.541518
-0.250700,-0.530056
-0.087173,-0.184347
-0.143473,-0.303620
-0.284443,-0.602179
-0.327275,-0.693115
-0.177089,-0.375373
-0.180309,-0.382228
-0.213456,-0.452868
-0.190224,-0.404699
-0.280341,-0.596548
-0.236911,-0.504233
-0.163443,-0.348389
-0.037599,-0.080219
-0.164220,-0.351454
-0.285459,-0.611164
-0.091444,-0.195922
-0.234706,-0.502986
-0.406728,-0.873062
-0.233369,-0.502406
-0.343227,-0.739847
-0.310958,-0.670812
-0.024657,-0.053276
-0.018689,-0.040425
-0.241860,-0.523184
-0.125587,-0.272729
-0.196004,-0.426903
-0.323252,-0.706587
-0.058775,-0.128762
-0.095749,-0.210325
-0.290436,-0.639093
-0.160061,-0.352949
-0.338128,-0.746491
-0.373160,-0.825205
-0.168864,-0.373718
-0.345441,-0.766475
-0.108379,-0.241695
-0.347438,-0.775380
-0.044753,-0.099913
-0.073890,-0.165005
-0.308585,-0.689262
-0.168901,-0.377647
-0.311275,-0.698026
-0.227996,-0.511973
-0.116286,-0.262025
-0.067073,-0.151237
-0.223150,-0.503171
-0.167402,-0.378878
-0.183751,-0.415909
-0.292252,-0.661769
-0.102187,-0.231483
-0.028255,-0.064013
-0.103068,-0.233955
-0.034703,-0.078874
-0.226801,-0.515745
-0.168585,-0.383394
-0.314527,-0.715798
-0.166846,-0.380630
-0.013568,-0.030964
-0.297932,-0.681815
-0.175485,-0.401682
-0.115367,-0.264121
-0.397200,-0.909599
-0.015885,-0.036379
-0.233205,-0.535896
-0.339232,-0.781580
-0.336375,-0.775833
-0.023211,-0.053537
-0.007320,-0.016930
-0.110720,-0.256372
-0.074377,-0.172261
-0.353653,-0.819179
-0.302728,-0.702169
-0.346989,-0.805828
-0.042138,-0.098693
-0.144424,-0.338506
-0.175319,-0.411157
-0.120088,-0.282651
-0.275017,-0.647777
-0.249795,-0.588524
-0.230128,-0.542722
-0.361580,-0.854520
-0.140161,-0.331262
-0.361287,-0.854462
-0.039342,-0.093073
-0.209103,-0.494974
-0.077114,-0.182761
-0.157855,-0.376207
-0.240534,-0.574575
-0.234778,-0.561300
-0.048714,-0.116479
-0.241560,-0.578678
-0.292229,-0.700364
-0.008843,-0.021199
-0.311369,-0.746547
-0.028798,-0.069090
-0.198124,-0.475842
-0.087947,-0.211250
-0.061170,-0.147071
-0.107507,-0.259055
-0.074181,-0.178760
-0.076802,-0.185428
-0.277701,-0.671294
-0.297632,-0.719940
-0.323900,-0.787082
-0.313971,-0.765359
-0.284131,-0.692761
-0.328287,-0.801158
-0.197909,-0.483048
-0.290313,-0.709527
-0.055119,-0.134792
-0.112564,-0.275733
-0.039606,-0.097200
-0.069109,-0.170307
-0.352934,-0.874113
-0.358367,-0.888123
-0.309094,-0.768241
-0.172615,-0.429087
-0.162076,-0.403871
-0.027030,-0.067417
-0.308323,-0.770174
-0.296377,-0.741408
-0.038465,-0.096302
-0.099637,-0.249725
-0.359441,-0.902039
-0.198867,-0.500931
-0.344070,-0.867577
-0.216365,-0.547683
-0.236905,-0.601600
-0.362569,-0.923608
-0.172566,-0.439648
-0.275672,-0.702365
-0.187837,-0.479009
-0.002687,-0.006853
-0.063075,-0.160988
-0.333455,-0.854918
-0.105806,-0.272038
-0.216946,-0.558227
-0.350973,-0.903743
-0.221268,-0.570199
-0.022797,-0.058816
-0.003048,-0.007871
-0.096753,-0.250085
-0.229830,-0.594267
-0.008729,-0.022578
-0.044813,-0.116008
-0.189539,-0.494453
-0.298657,-0.779876
-0.230495,-0.603138
-0.167538,-0.438740
-0.020517,-0.053741
-0.149857,-0.392781
-0.090342,-0.236817
-0.026166,-0.068632
-0.308860,-0.812146
-0.318434,-0.837977
-0.116915,-0.308995
-0.072610,-0.192043
-0.182004,-0.482197
-0.123398,-0.327337
-0.231174,-0.614618
-0.178086,-0.474497
-0.261824,-0.698581
-0.195421,-0.522962
-0.321313,-0.860529
-0.167235,-0.449342
-0.112625,-0.303595
-0.318014,-0.860118
-0.300308,-0.812307
-0.184478,-0.499491
-0.148493,-0.402071
-0.177879,-0.482031
-0.328876,-0.892283
-0.254136,-0.689650
-0.297445,-0.809336
-0.340144,-0.926176
-0.017138,-0.046704
-0.011330,-0.030889
-0.116378,-0.317365
-0.201195,-0.548783
-0.302635,-0.828246
-0.179250,-0.491529
-0.281914,-0.773285
-0.220065,-0.605773
-0.241832,-0.666531
-0.167489,-0.461791
-0.289636,-0.800152
-0.164809,-0.457308
-0.142542,-0.395812
-0.236502,-0.658447
-0.248596,-0.692703
-0.063191,-0.176400
-0.333651,-0.933667
-0.172410,-0.483152
-0.291911,-0.819811
-0.316799,-0.890860
-0.103852,-0.292161
-0.069347,-0.195440
-0.279631,-0.789191
-0.251124,-0.708750
-0.318891,-0.902825
-0.306557,-0.871900
-0.173791,-0.495426
-0.249074,-0.711847
-0.175592,-0.501893
-0.132001,-0.378055
-0.141392,-0.405350
-0.264509,-0.759505
-0.099067,-0.284885
-0.301944,-0.872444
-0.204554,-0.591207
-0.240130,-0.695033
-0.223311,-0.646590
-0.211755,-0.620308
-0.318280,-0.935280
-0.085941,-0.252777
-0.305190,-0.898584
-0.203133,-0.598306
-0.313685,-0.924145
-0.057701,-0.170229
-0.025742,-0.076201
-0.241091,-0.713912
-0.185790,-0.551489
-0.203975,-0.606057
-0.305562,-0.911211
-0.184581,-0.551005
-0.184581,-0.551100
-0.269990,-0.807055
-0.306963,-0.920207
-0.118705,-0.355957
-0.059843,-0.179689
-0.216091,-0.649811
-0.285049,-0.857463
-0.085492,-0.257413
-0.307945,-0.928563
-0.168987,-0.510875
-0.153619,-0.464744
-0.061395,-0.186757
-0.269470,-0.820013
-0.226770,-0.693804
-0.028633,-0.087627
-0.180761,-0.553446
-0.110587,-0.339775
-0.122926,-0.377854
-0.127882,-0.394426
-0.155666,-0.481358
-0.237308,-0.733967
-0.256260,-0.792650
-0.223426,-0.691820
-0.250728,-0.777227
-0.253257,-0.785749
-0.174006,-0.539992
-0.057851,-0.179606
-0.120243,-0.375379
-0.251010,-0.784112
-0.177050,-0.554554
-0.197248,-0.618685
-0.020122,-0.063270
-0.176758,-0.556943
-0.174979,-0.552879
-0.041559,-0.131439
-0.160747,-0.508663
-0.179092,-0.567526
-0.040068,-0.127096
-0.133881,-0.424858
-0.098016,-0.311085
-0.131391,-0.418420
-0.064866,-0.206861
-0.159989,-0.510450
-0.147347,-0.472110
-0.180303,-0.578801
-0.068675,-0.221060
-0.195829,-0.630621
-0.263792,-0.850407
-0.070804,-0.229047
-0.169382,-0.549194
-0.223751,-0.728539
-0.072075,-0.235227
-0.153403,-0.501080
-0.168893,-0.552910
-0.104318,-0.341797
-0.150672,-0.496131
-0.043830,-0.144438
-0.101157,-0.333706
-0.191503,-0.633238
-0.076945,-0.254654
-0.008639,-0.028633
-0.133046,-0.443366
-0.015951,-0.053504
-0.189425,-0.636763
-0.176939,-0.595200
-0.001384,-0.004657
-0.102693,-0.345655
-0.034188,-0.115480
-0.198001,-0.669305
-0.216768,-0.733248
-0.145940,-0.494030
-0.179205,-0.606891
-0.277561,-0.940349
-0.231377,-0.784363
-0.036841,-0.125493
-0.188520,-0.644361
-0.171169,-0.585347
-0.102662,-0.351511
-0.192984,-0.661425
-0.235014,-0.807642
-0.179614,-0.617492
-0.240243,-0.825968
-0.047013,-0.161975
-0.071935,-0.247877
-0.043368,-0.149697
-0.013740,-0.047623
-0.275584,-0.959662
-0.207052,-0.721520
-0.157335,-0.548392
-0.115547,-0.403458
-0.271681,-0.950563
-0.105076,-0.369716
-0.234392,-0.830990
-0.163789,-0.581938
-0.179041,-0.637584
-0.126190,-0.449754
-0.184849,-0.660592
-0.186810,-0.669222
-0.264794,-0.949273
-0.054820,-0.199517
-0.051629,-0.188076
-0.008870,-0.032331
-0.153349,-0.559015
-0.107532,-0.394736
-0.073920,-0.273593
-0.095981,-0.356191
-0.193234,-0.720186
-0.140831,-0.526275
-0.006930,-0.026002
-0.067734,-0.254500
-0.030107,-0.113701
-0.025367,-0.095896
-0.159887,-0.604499
-0.197502,-0.748319
-0.228486,-0.870254
-0.190995,-0.728953
-0.225157,-0.863366
-0.248543,-0.961467
-0.077985,-0.301684
-0.236974,-0.917044
-0.061784,-0.240569
-0.243857,-0.949521
-0.043036,-0.167573
-0.094871,-0.370477
-0.127057,-0.496868
-0.019267,-0.075537
-0.088213,-0.346325
-0.104200,-0.409581
-0.190569,-0.752551
-0.050091,-0.198685
-0.235758,-0.937890
-0.166501,-0.663343
-0.130082,-0.521723
-0.134599,-0.539875
-0.143949,-0.578316
-0.156603,-0.633318
-0.029279,-0.118595
-0.031955,-0.129953
-0.031068,-0.126816
-0.230673,-0.942485
-0.131642,-0.538761
-0.166643,-0.685417
-0.098947,-0.408292
-0.063534,-0.262321
-0.230365,-0.952245
-0.087898,-0.363598
-0.008168,-0.033856
-0.102650,-0.427939
-0.022702,-0.094863
-0.119152,-0.502892
-0.160132,-0.676802
-0.030575,-0.130516
-0.227891,-0.972869
-0.029342,-0.125635
-0.066528,-0.287938
-0.035517,-0.154262
-0.190830,-0.830359
-0.033873,-0.147558
-0.150005,-0.653904
-0.078470,-0.342769
-0.211145,-0.923469
-0.205957,-0.901838
-0.213442,-0.939771
-0.086733,-0.382109
-0.142173,-0.626442
-0.206249,-0.913706
-0.084092,-0.378038
-0.077869,-0.351309
-0.095854,-0.434462
-0.097069,-0.440144
-0.056056,-0.254349
-0.116091,-0.529546
-0.107962,-0.492764
-0.107491,-0.492051
-0.041604,-0.190851
-0.093174,-0.427483
-0.118172,-0.543174
-0.199793,-0.921425
-0.126432,-0.583604
-0.165661,-0.765114
-0.038443,-0.177713
-0.110646,-0.513448
-0.150889,-0.700505
-0.180225,-0.837039
-0.037550,-0.174548
-0.146782,-0.685622
-0.136812,-0.642515
-0.042913,-0.201650
-0.001189,-0.005595
-0.133112,-0.630233
-0.006977,-0.033086
-0.110732,-0.526747
-0.082857,-0.395404
-0.151149,-0.729104
-0.163458,-0.788838
-0.077902,-0.376353
-0.020337,-0.098379
-0.121047,-0.586810
-0.199991,-0.970278
-0.123849,-0.600982
-0.049096,-0.239353
-0.030045,-0.146537
-0.173408,-0.859811
-0.052653,-0.263517
-0.185618,-0.934369
-0.056039,-0.283114
-0.046004,-0.232917
-0.105403,-0.535826
-0.037867,-0.193124
-0.067142,-0.342588
-0.092844,-0.474784
-0.136720,-0.699882
-0.002701,-0.013827
-0.185765,-0.952088
-0.090222,-0.468663
-0.061909,-0.322290
-0.148842,-0.776609
-0.009948,-0.052045
-0.074567,-0.392173
-0.176097,-0.927391
-0.097814,-0.516379
-0.132020,-0.698737
-0.092102,-0.488819
-0.167525,-0.889651
-0.123618,-0.657676
-0.130226,-0.695017
-0.085238,-0.455897
-0.055977,-0.302375
-0.165980,-0.899789
-0.161282,-0.876046
-0.169048,-0.918535
-0.149604,-0.815759
-0.069545,-0.380871
-0.066638,-0.369700
-0.150911,-0.839594
-0.004580,-0.025603
-0.095646,-0.535091
-0.084065,-0.473790
-0.025379,-0.143960
-0.088959,-0.504785
-0.025087,-0.142679
-0.140548,-0.799604
-0.087114,-0.498772
-0.141008,-0.809533
-0.155784,-0.894749
-0.011404,-0.065854
-0.079563,-0.460373
-0.061586,-0.357328
-0.004718,-0.027410
-0.157652,-0.916742
-0.148013,-0.868153
-0.008844,-0.051926
-0.115168,-0.677796
-0.097583,-0.576983
-0.150992,-0.893055
-0.128845,-0.763349
-0.055698,-0.330616
-0.070204,-0.418918
-0.049711,-0.298487
-0.131478,-0.793437
-0.057017,-0.344810
-0.011964,-0.072614
-0.047111,-0.286651
-0.065761,-0.402498
-0.122208,-0.749310
-0.134904,-0.842403
-0.054119,-0.338270
-0.107465,-0.672724
-0.102769,-0.644425
-0.026462,-0.167438
-0.120889,-0.765361
-0.023695,-0.150086
-0.008178,-0.052602
-0.017365,-0.112179
-0.120793,-0.782949
-0.056690,-0.369752
-0.107408,-0.701231
-0.059406,-0.387886
-0.072784,-0.477255
-0.068357,-0.448533
-0.078063,-0.513098
-0.050435,-0.334504
-0.019351,-0.128777
-0.017512,-0.116557
-0.013974,-0.093210
-0.016733,-0.112153
-0.100864,-0.682162
-0.099922,-0.676382
-0.046887,-0.319205
-0.037772,-0.257746
-0.120516,-0.825851
-0.140744,-0.966947
-0.020146,-0.138486
-0.133007,-0.919528
-0.104679,-0.725209
-0.138876,-0.969231
-0.044703,-0.312190
-0.026603,-0.186633
-0.019277,-0.135522
-0.053684,-0.382048
-0.022741,-0.163061
-0.045117,-0.323735
-0.078499,-0.563450
-0.016564,-0.119209
-0.083655,-0.602254
-0.072221,-0.520109
-0.042250,-0.304766
-0.114101,-0.829380
-0.037087,-0.270520
-0.016082,-0.117405
-0.094478,-0.691934
-0.091406,-0.670470
-0.111878,-0.822493
-0.074862,-0.552449
-0.045368,-0.336668
-0.096128,-0.720067
-0.022010,-0.170648
-0.045516,-0.355669
-0.032218,-0.252222
-0.071766,-0.563723
-0.016801,-0.132566
-0.079245,-0.625396
-0.076420,-0.603110
-0.079823,-0.634609
-0.034063,-0.272652
-0.103136,-0.827619
-0.008919,-0.071835
-0.040662,-0.329648
-0.034288,-0.278436
-0.006343,-0.051707
-0.031411,-0.256212
-0.120287,-0.984520
-0.102688,-0.841369
-0.015641,-0.128902
-0.050771,-0.419037
-0.008185,-0.068552
-0.052446,-0.440747
-0.115658,-0.972562
-0.110179,-0.926996
-0.015549,-0.131373
-0.020401,-0.173615
-0.021881,-0.187311
-0.021768,-0.189907
-0.037773,-0.329543
-0.049599,-0.433743
-0.105485,-0.925312
-0.045909,-0.404179
-0.031402,-0.276655
-0.083284,-0.733836
-0.085212,-0.765601
-0.054970,-0.495265
-0.107483,-0.984574
-0.008450,-0.077598
-0.044651,-0.414466
-0.026929,-0.250709
-0.051306,-0.478285
-0.090700,-0.846370
-0.032851,-0.306662
-0.100443,-0.939309
-0.042685,-0.400034
-0.055974,-0.526584
-0.094529,-0.894267
-0.051587,-0.500549
-0.088261,-0.857710
-0.017959,-0.175303
-0.093123,-0.910575
-0.001746,-0.017210
-0.000970,-0.009573
-0.085653,-0.846020
-0.086755,-0.866116
-0.028802,-0.288568
-0.060173,-0.604894
-0.080874,-0.816997
-0.061505,-0.634678
-0.057981,-0.598399
-0.012730,-0.133170
-0.021754,-0.230435
-0.021882,-0.232725
-0.017483,-0.189201
-0.023890,-0.260617
-0.077897,-0.853361
-0.062980,-0.690409
-0.083568,-0.918802
-0.021665,-0.240635
-0.060696,-0.676143
-0.049605,-0.556612
-0.044415,-0.500858
-0.043424,-0.498042
-0.038558,-0.446000
-0.012123,-0.144902
-0.037268,-0.446590
-0.010797,-0.129773
-0.038199,-0.462656
-0.023958,-0.291921
-0.032056,-0.390871
-0.020117,-0.248910
-0.044452,-0.555529
-0.042107,-0.538665
-0.024578,-0.314716
-0.020877,-0.272501
-0.034890,-0.459363
-0.040693,-0.540485
-0.073769,-0.983459
-0.027026,-0.363219
-0.059101,-0.801836
-0.013579,-0.185861
-0.006627,-0.090808
-0.028023,-0.385916
-0.058448,-0.814144
-0.013187,-0.183987
-0.001778,-0.024972
-0.039441,-0.555342
-0.055603,-0.797655
-0.068798,-0.995489
-0.030945,-0.459535
-0.042454,-0.634871
-0.042198,-0.641286
-0.040340,-0.616542
-0.042384,-0.657631
-0.010768,-0.168094
-0.044518,-0.698920
-0.019076,-0.305933
-0.010868,-0.174719
-0.030631,-0.507141
-0.019107,-0.316796
-0.033103,-0.550942
-0.005145,-0.087233
-0.046753,-0.795748
-0.034937,-0.595263
-0.052600,-0.900348
-0.011966,-0.211368
-0.047793,-0.861433
-0.039783,-0.721106
-0.015928,-0.295024
-0.026323,-0.494102
-0.050175,-0.954360
-0.019557,-0.378203
-0.012239,-0.236846
-0.024335,-0.471743
-0.012921,-0.258311
-0.009200,-0.187836
-0.020588,-0.434809
-0.011128,-0.240601
-0.042524,-0.934659
-0.016934,-0.399351
-0.000709,-0.017088
-0.003747,-0.094658
-0.025165,-0.650965
-0.025725,-0.669826
-0.032201,-0.846014
-0.023306,-0.612614
-0.000170,-0.004493
-0.023321,-0.638042
-0.023649,-0.649446
-0.029504,-0.813393
-0.004587,-0.126504
-0.024013,-0.665239
-0.033354,-0.927136
-0.035466,-0.998528
-0.001506,-0.043189
-0.016790,-0.495320
-0.012249,-0.366647
-0.020355,-0.612909
-0.022369,-0.689889
-0.021588,-0.673153
-0.012300,-0.388118
-0.022213,-0.728809
-0.018670,-0.615716
-0.027590,-0.918656
-0.009845,-0.339629
-0.026084,-0.918909
-0.005366,-0.189182
-0.019863,-0.703091
-0.014928,-0.539787
-0.010629,-0.386573
-0.005377,-0.200782
-0.002460,-0.095666
-0.024388,-0.973503
-0.012432,-0.540412
-0.012632,-0.552472
-0.002170,-0.102582
-0.017467,-0.834111
-0.017242,-0.851863
-0.010449,-0.550930
-0.000811,-0.043510
-0.016471,-0.886311
-0.003244,-0.188221
-0.001172,-0.068655
-0.006757,-0.440413
-0.007669,-0.507470
-0.012474,-0.843637
-0.004940,-0.354522
-0.007255,-0.537785
-0.006219,-0.462719
-0.010807,-0.804453
-0.002915,-0.221351
-0.007401,-0.562109
-0.012812,-0.995015
-0.001194,-0.098159
-0.007386,-0.958069
-0.003942,-0.520737
-0.003206,-0.424381
-0.002574,-0.353196
-0.002602,-0.366124
-0.004362,-0.671577
-0.000148,-0.023599
-0.003555,-0.655433
-0.002375,-0.951824
-0.000684,-0.335247
-0.000192,-0.119204
-0.000217,-0.368591
-0.000362,-1.000000
