0.000000,1.414214
0.000222,1.413991
0.000444,1.413769
0.000666,1.413547
0.000888,1.413324
0.001110,1.413102
0.001332,1.412879
0.001554,1.412656
0.001776,1.412433
0.001997,1.412211
0.002219,1.411988
0.002440,1.411765
0.002662,1.411542
0.002883,1.411319
0.003104,1.411095
0.003326,1.410872
0.003547,1.410649
0.003768,1.410426
0.003989,1.410202
0.004210,1.409979
0.004431,1.409755
0.004651,1.409531
0.004872,1.409308
0.005093,1.409084
0.005313,1.408860
0.005534,1.408636
0.005754,1.408412
0.005975,1.408188
0.006195,1.407964
0.006415,1.407740
0.006635,1.407515
0.006856,1.407291
0.007076,1.407066
0.007296,1.406842
0.007515,1.406617
0.007735,1.406393
0.007955,1.406168
0.008175,1.405943
0.008394,1.405718
0.008614,1.405494
0.008833,1.405269
0.009053,1.405044
0.009272,1.404818
0.009491,1.404593
0.009710,1.404368
0.009929,1.404143
0.010148,1.403917
0.010367,1.403692
0.010586,1.403466
0.010805,1.403241
0.011024,1.403015
0.011243,1.402789
0.011461,1.402564
0.011680,1.402338
0.011898,1.402112
0.012117,1.401886
0.012335,1.401660
0.012553,1.401433
0.012771,1.401207
0.012989,1.400981
0.013207,1.400755
0.013425,1.400528
0.013643,1.400302
0.013861,1.400075
0.014079,1.399849
0.014297,1.399622
0.014514,1.399395
0.014732,1.399168
0.014949,1.398941
0.015167,1.398714
0.015384,1.398487
0.015601,1.398260
0.015818,1.398033
0.016035,1.397806
0.016253,1.397579
0.016470,1.397351
0.016686,1.397124
0.016903,1.396896
0.017120,1.396669
0.017337,1.396441
0.017553,1.396213
0.017770,1.395986
0.017986,1.395758
0.018203,1.395530
0.018419,1.395302
0.018635,1.395074
0.018851,1.394846
0.019068,1.394617
0.019284,1.394389
0.019500,1.394161
0.019715,1.393932
0.019931,1.393704
0.020147,1.393475
0.020363,1.393247
0.020578,1.393018
0.020794,1.392789
0.021009,1.392561
0.021225,1.392332
0.021440,1.392103
0.021655,1.391874
0.021870,1.391645
0.022086,1.391416
0.022301,1.391186
0.022516,1.390957
0.022730,1.390728
0.022945,1.390498
0.023160,1.390269
0.023375,1.390039
0.023589,1.389810
0.023804,1.389580
0.024018,1.389350
0.024233,1.389120
0.024447,1.388891
0.024661,1.388661
0.024875,1.388431
0.025089,1.388201
0.025303,1.387970
0.025517,1.387740
0.025731,1.387510
0.025945,1.387280
0.026159,1.387049
0.026372,1.386819
0.026586,1.386588
0.026800,1.386357
0.027013,1.386127
0.027226,1.385896
0.027440,1.385665
0.027653,1.385434
0.027866,1.385203
0.028079,1.384972
0.028292,1.384741
0.028505,1.384510
0.028718,1.384279
0.028931,1.384048
0.029143,1.383816
0.029356,1.383585
0.029569,1.383353
0.029781,1.383122
0.029994,1.382890
0.030206,1.382658
0.030418,1.382427
0.030630,1.382195
0.030843,1.381963
0.031055,1.381731
0.031267,1.381499
0.031479,1.381267
0.031690,1.381035
0.031902,1.380802
0.032114,1.380570
0.032325,1.380338
0.032537,1.380105
0.032748,1.379873
0.032960,1.379640
0.033171,1.379408
0.033382,1.379175
0.033594,1.378942
0.033805,1.378709
0.034016,1.378477
0.034227,1.378244
0.034438,1.378011
0.034648,1.377777
0.034859,1.377544
0.035070,1.377311
0.035280,1.377078
0.035491,1.376844
0.035701,1.376611
0.035912,1.376378
0.036122,1.376144
0.036332,1.375910
0.036543,1.375677
0.036753,1.375443
0.036963,1.375209
0.037173,1.374975
0.037382,1.374741
0.037592,1.374507
0.037802,1.374273
0.038012,1.374039
0.038221,1.373805
0.038431,1.373571
0.038640,1.373336
0.038849,1.373102
0.039059,1.372867
0.039268,1.372633
0.039477,1.372398
0.039686,1.372163
0.039895,1.371929
0.040104,1.371694
0.040313,1.371459
0.040522,1.371224
0.040730,1.370989
0.040939,1.370754
0.041147,1.370519
0.041356,1.370284
0.041564,1.370048
0.041773,1.369813
0.041981,1.369578
0.042189,1.369342
0.042397,1.369107
0.042605,1.368871
0.042813,1.368636
0.043021,1.368400
0.043229,1.368164
0.043436,1.367928
0.043644,1.367692
0.043852,1.367456
0.044059,1.367220
0.044267,1.366984
0.044474,1.366748
0.044681,1.366512
0.044888,1.366275
0.045096,1.366039
0.045303,1.365803
0.045510,1.365566
0.045716,1.365329
0.045923,1.365093
0.046130,1.364856
0.046337,1.364619
0.046543,1.364383
0.046750,1.364146
0.046956,1.363909
0.047163,1.363672
0.047369,1.363435
0.047575,1.363197
0.047781,1.362960
0.047988,1.362723
0.048194,1.362486
0.048400,1.362248
0.048605,1.362011
0.048811,1.361773
0.049017,1.361536
0.049223,1.361298
0.049428,1.361060
0.049634,1.360822
0.049839,1.360584
0.050044,1.360347
0.050250,1.360109
0.050455,1.359871
0.050660,1.359632
0.050865,1.359394
0.051070,1.359156
0.051275,1.358918
0.051480,1.358679
0.051684,1.358441
0.051889,1.358202
0.052094,1.357964
0.052298,1.357725
0.052503,1.357486
0.052707,1.357248
0.052911,1.357009
0.053115,1.356770
0.053320,1.356531
0.053524,1.356292
0.053728,1.356053
0.053932,1.355814
0.054135,1.355574
0.054339,1.355335
0.054543,1.355096
0.054746,1.354856
0.054950,1.354617
0.055153,1.354377
0.055357,1.354138
0.055560,1.353898
0.055763,1.353658
0.055967,1.353419
0.056170,1.353179
0.056373,1.352939
0.056576,1.352699
0.056778,1.352459
0.056981,1.352219
0.057184,1.351979
0.057387,1.351738
0.057589,1.351498
0.057792,1.351258
0.057994,1.351017
0.058196,1.350777
0.058399,1.350536
0.058601,1.350296
0.058803,1.350055
0.059005,1.349814
0.059207,1.349573
0.059409,1.349332
0.059611,1.349092
0.059812,1.348851
0.060014,1.348609
0.060216,1.348368
0.060417,1.348127
0.060619,1.347886
0.060820,1.347645
0.061021,1.347403
0.061222,1.347162
0.061423,1.346920
0.061625,1.346679
0.061825,1.346437
0.062026,1.346195
0.062227,1.345954
0.062428,1.345712
0.062629,1.345470
0.062829,1.345228
0.063030,1.344986
0.063230,1.344744
0.063431,1.344502
0.063631,1.344260
0.063831,1.344017
0.064031,1.343775
0.064231,1.343533
0.064431,1.343290
0.064631,1.343048
0.064831,1.342805
0.065031,1.342562
0.065230,1.342320
0.065430,1.342077
0.065629,1.341834
0.065829,1.341591
0.066028,1.341348
0.066228,1.341105
0.066427,1.340862
0.066626,1.340619
0.066825,1.340376
0.067024,1.340133
0.067223,1.339889
0.067422,1.339646
0.067620,1.339402
0.067819,1.339159
0.068018,1.338915
0.068216,1.338672
0.068415,1.338428
0.068613,1.338184
0.068811,1.337940
0.069010,1.337696
0.069208,1.337452
0.069406,1.337208
0.069604,1.336964
0.069802,1.336720
0.070000,1.336476
0.070197,1.336232
0.070395,1.335987
0.070593,1.335743
0.070790,1.335499
0.070988,1.335254
0.071185,1.335010
0.071382,1.334765
0.071580,1.334520
0.071777,1.334275
0.071974,1.334031
0.072171,1.333786
0.072368,1.333541
0.072565,1.333296
0.072761,1.333051
0.072958,1.332806
0.073155,1.332560
0.073351,1.332315
0.073548,1.332070
0.073744,1.331824
0.073940,1.331579
0.074136,1.331333
0.074333,1.331088
0.074529,1.330842
0.074725,1.330597
0.074921,1.330351
0.075116,1.330105
0.075312,1.329859
0.075508,1.329613
0.075704,1.329367
0.075899,1.329121
0.076094,1.328875
0.076290,1.328629
0.076485,1.328383
0.076680,1.328136
0.076876,1.327890
0.077071,1.327644
0.077266,1.327397
0.077460,1.327151
0.077655,1.326904
0.077850,1.326657
0.078045,1.326410
0.078239,1.326164
0.078434,1.325917
0.078628,1.325670
0.078823,1.325423
0.079017,1.325176
0.079211,1.324929
0.079405,1.324682
0.079599,1.324434
0.079793,1.324187
0.079987,1.323940
0.080181,1.323692
0.080375,1.323445
0.080568,1.323197
0.080762,1.322950
0.080956,1.322702
0.081149,1.322455
0.081342,1.322207
0.081536,1.321959
0.081729,1.321711
0.081922,1.321463
0.082115,1.321215
0.082308,1.320967
0.082501,1.320719
0.082694,1.320471
0.082886,1.320222
0.083079,1.319974
0.083272,1.319726
0.083464,1.319477
0.083657,1.319229
0.083849,1.318980
0.084041,1.318732
0.084233,1.318483
0.084425,1.318234
0.084617,1.317985
0.084809,1.317737
0.085001,1.317488
0.085193,1.317239
0.085385,1.316990
0.085576,1.316741
0.085768,1.316491
0.085959,1.316242
0.086151,1.315993
0.086342,1.315744
0.086533,1.315494
0.086725,1.315245
0.086916,1.314995
0.087107,1.314746
0.087298,1.314496
0.087489,1.314246
0.087679,1.313996
0.087870,1.313747
0.088061,1.313497
0.088251,1.313247
0.088442,1.312997
0.088632,1.312747
0.088822,1.312497
0.089013,1.312246
0.089203,1.311996
0.089393,1.311746
0.089583,1.311496
0.089773,1.311245
0.089962,1.310995
0.090152,1.310744
0.090342,1.310494
0.090531,1.310243
0.090721,1.309992
0.090910,1.309741
0.091100,1.309491
0.091289,1.309240
0.091478,1.308989
0.091667,1.308738
0.091856,1.308487
0.092045,1.308236
0.092234,1.307984
0.092423,1.307733
0.092612,1.307482
0.092800,1.307230
0.092989,1.306979
0.093178,1.306727
0.093366,1.306476
0.093554,1.306224
0.093743,1.305973
0.093931,1.305721
0.094119,1.305469
0.094307,1.305217
0.094495,1.304965
0.094683,1.304713
0.094870,1.304461
0.095058,1.304209
0.095246,1.303957
0.095433,1.303705
0.095621,1.303453
0.095808,1.303200
0.095995,1.302948
0.096183,1.302696
0.096370,1.302443
0.096557,1.302191
0.096744,1.301938
0.096931,1.301685
0.097118,1.301433
0.097304,1.301180
0.097491,1.300927
0.097678,1.300674
0.097864,1.300421
0.098051,1.300168
0.098237,1.299915
0.098423,1.299662
0.098609,1.299409
0.098795,1.299155
0.098981,1.298902
0.099167,1.298649
0.099353,1.298395
0.099539,1.298142
0.099725,1.297888
0.099910,1.297635
0.100096,1.297381
0.100281,1.297127
0.100467,1.296874
0.100652,1.296620
0.100837,1.296366
0.101023,1.296112
0.101208,1.295858
0.101393,1.295604
0.101578,1.295350
0.101762,1.295095
0.101947,1.294841
0.102132,1.294587
0.102316,1.294333
0.102501,1.294078
0.102685,1.293824
0.102870,1.293569
0.103054,1.293314
0.103238,1.293060
0.103422,1.292805
0.103606,1.292550
0.103790,1.292296
0.103974,1.292041
0.104158,1.291786
0.104342,1.291531
0.104525,1.291276
0.104709,1.291021
0.104892,1.290765
0.105076,1.290510
0.105259,1.290255
0.105442,1.290000
0.105625,1.289744
0.105809,1.289489
0.105992,1.289233
0.106174,1.288978
0.106357,1.288722
0.106540,1.288466
0.106723,1.288211
0.106905,1.287955
0.107088,1.287699
0.107270,1.287443
0.107453,1.287187
0.107635,1.286931
0.107817,1.286675
0.107999,1.286419
0.108181,1.286162
0.108363,1.285906
0.108545,1.285650
0.108727,1.285394
0.108909,1.285137
0.109090,1.284881
0.109272,1.284624
0.109453,1.284367
0.109635,1.284111
0.109816,1.283854
0.109997,1.283597
0.110178,1.283340
0.110359,1.283084
0.110540,1.282827
0.110721,1.282570
0.110902,1.282313
0.111083,1.282055
0.111263,1.281798
0.111444,1.281541
0.111624,1.281284
0.111805,1.281026
0.111985,1.280769
0.112165,1.280512
0.112346,1.280254
0.112526,1.279996
0.112706,1.279739
0.112886,1.279481
0.113065,1.279223
0.113245,1.278966
0.113425,1.278708
0.113605,1.278450
0.113784,1.278192
0.113963,1.277934
0.114143,1.277676
0.114322,1.277418
0.114501,1.277159
0.114680,1.276901
0.114859,1.276643
0.115038,1.276385
0.115217,1.276126
0.115396,1.275868
0.115575,1.275609
0.115753,1.275351
0.115932,1.275092
0.116110,1.274833
0.116289,1.274574
0.116467,1.274316
0.116645,1.274057
0.116824,1.273798
0.117002,1.273539
0.117180,1.273280
0.117357,1.273021
0.117535,1.272762
0.117713,1.272502
0.117891,1.272243
0.118068,1.271984
0.118246,1.271725
0.118423,1.271465
0.118600,1.271206
0.118778,1.270946
0.118955,1.270686
0.119132,1.270427
0.119309,1.270167
0.119486,1.269907
0.119663,1.269648
0.119840,1.269388
0.120016,1.269128
0.120193,1.268868
0.120369,1.268608
0.120546,1.268348
0.120722,1.268088
0.120898,1.267827
0.121075,1.267567
0.121251,1.267307
0.121427,1.267046
0.121603,1.266786
0.121778,1.266525
0.121954,1.266265
0.122130,1.266004
0.122306,1.265744
0.122481,1.265483
0.122657,1.265222
0.122832,1.264961
0.123007,1.264701
0.123182,1.264440
0.123357,1.264179
0.123533,1.263918
0.123707,1.263657
0.123882,1.263395
0.124057,1.263134
0.124232,1.262873
0.124406,1.262612
0.124581,1.262350
0.124755,1.262089
0.124930,1.261827
0.125104,1.261566
0.125278,1.261304
0.125453,1.261043
0.125627,1.260781
0.125801,1.260519
0.125974,1.260257
0.126148,1.259996
0.126322,1.259734
0.126496,1.259472
0.126669,1.259210
0.126843,1.258948
0.127016,1.258686
0.127189,1.258423
0.127363,1.258161
0.127536,1.257899
0.127709,1.257636
0.127882,1.257374
0.128055,1.257112
0.128227,1.256849
0.128400,1.256587
0.128573,1.256324
0.128745,1.256061
0.128918,1.255799
0.129090,1.255536
0.129263,1.255273
0.129435,1.255010
0.129607,1.254747
0.129779,1.254484
0.129951,1.254221
0.130123,1.253958
0.130295,1.253695
0.130467,1.253432
0.130638,1.253168
0.130810,1.252905
0.130981,1.252642
0.131153,1.252378
0.131324,1.252115
0.131495,1.251851
0.131666,1.251588
0.131838,1.251324
0.132009,1.251060
0.132179,1.250797
0.132350,1.250533
0.132521,1.250269
0.132692,1.250005
0.132862,1.249741
0.133033,1.249477
0.133203,1.249213
0.133374,1.248949
0.133544,1.248685
0.133714,1.248420
0.133884,1.248156
0.134054,1.247892
0.134224,1.247627
0.134394,1.247363
0.134564,1.247098
0.134733,1.246834
0.134903,1.246569
0.135072,1.246305
0.135242,1.246040
0.135411,1.245775
0.135580,1.245510
0.135750,1.245245
0.135919,1.244981
0.136088,1.244716
0.136257,1.244451
0.136425,1.244185
0.136594,1.243920
0.136763,1.243655
0.136931,1.243390
0.137100,1.243125
0.137268,1.242859
0.137437,1.242594
0.137605,1.242328
0.137773,1.242063
0.137941,1.241797
0.138109,1.241532
0.138277,1.241266
0.138445,1.241000
0.138613,1.240735
0.138780,1.240469
0.138948,1.240203
0.139115,1.239937
0.139283,1.239671
0.139450,1.239405
0.139617,1.239139
0.139785,1.238873
0.139952,1.238607
0.140119,1.238340
0.140286,1.238074
0.140452,1.237808
0.140619,1.237541
0.140786,1.237275
0.140952,1.237008
0.141119,1.236742
0.141285,1.236475
0.141452,1.236208
0.141618,1.235942
0.141784,1.235675
0.141950,1.235408
0.142116,1.235141
0.142282,1.234874
0.142448,1.234607
0.142614,1.234340
0.142779,1.234073
0.142945,1.233806
0.143110,1.233539
0.143276,1.233272
0.143441,1.233004
0.143606,1.232737
0.143771,1.232470
0.143937,1.232202
0.144102,1.231935
0.144266,1.231667
0.144431,1.231400
0.144596,1.231132
0.144761,1.230864
0.144925,1.230596
0.145090,1.230329
0.145254,1.230061
0.145418,1.229793
0.145583,1.229525
0.145747,1.229257
0.145911,1.228989
0.146075,1.228721
0.146239,1.228453
0.146403,1.228184
0.146566,1.227916
0.146730,1.227648
0.146893,1.227379
0.147057,1.227111
0.147220,1.226843
0.147384,1.226574
0.147547,1.226305
0.147710,1.226037
0.147873,1.225768
0.148036,1.225499
0.148199,1.225231
0.148362,1.224962
0.148524,1.224693
0.148687,1.224424
0.148850,1.224155
0.149012,1.223886
0.149174,1.223617
0.149337,1.223348
0.149499,1.223078
0.149661,1.222809
0.149823,1.222540
0.149985,1.222271
0.150147,1.222001
0.150309,1.221732
0.150470,1.221462
0.150632,1.221193
0.150793,1.220923
0.150955,1.220653
0.151116,1.220384
0.151278,1.220114
0.151439,1.219844
0.151600,1.219574
0.151761,1.219304
0.151922,1.219034
0.152083,1.218764
0.152243,1.218494
0.152404,1.218224
0.152565,1.217954
0.152725,1.217684
0.152886,1.217414
0.153046,1.217143
0.153206,1.216873
0.153366,1.216603
0.153526,1.216332
0.153686,1.216062
0.153846,1.215791
0.154006,1.215520
0.154166,1.215250
0.154326,1.214979
0.154485,1.214708
0.154645,1.214438
0.154804,1.214167
0.154963,1.213896
0.155123,1.213625
0.155282,1.213354
0.155441,1.213083
0.155600,1.212812
0.155759,1.212540
0.155917,1.212269
0.156076,1.211998
0.156235,1.211727
0.156393,1.211455
0.156552,1.211184
0.156710,1.210912
0.156869,1.210641
0.157027,1.210369
0.157185,1.210098
0.157343,1.209826
0.157501,1.209554
0.157659,1.209283
0.157817,1.209011
0.157974,1.208739
0.158132,1.208467
0.158289,1.208195
0.158447,1.207923
0.158604,1.207651
0.158761,1.207379
0.158919,1.207107
0.159076,1.206835
0.159233,1.206562
0.159390,1.206290
0.159547,1.206018
0.159703,1.205745
0.159860,1.205473
0.160017,1.205200
0.160173,1.204928
0.160329,1.204655
0.160486,1.204383
0.160642,1.204110
0.160798,1.203837
0.160954,1.203564
0.161110,1.203291
0.161266,1.203019
0.161422,1.202746
0.161578,1.202473
0.161733,1.202200
0.161889,1.201927
0.162044,1.201653
0.162200,1.201380
0.162355,1.201107
0.162510,1.200834
0.162665,1.200560
0.162820,1.200287
0.162975,1.200014
0.163130,1.199740
0.163285,1.199467
0.163440,1.199193
0.163594,1.198919
0.163749,1.198646
0.163903,1.198372
0.164058,1.198098
0.164212,1.197824
0.164366,1.197550
0.164520,1.197277
0.164674,1.197003
0.164828,1.196729
0.164982,1.196455
0.165136,1.196180
0.165289,1.195906
0.165443,1.195632
0.165596,1.195358
0.165750,1.195083
0.165903,1.194809
0.166056,1.194535
0.166210,1.194260
0.166363,1.193986
0.166516,1.193711
0.166668,1.193437
0.166821,1.193162
0.166974,1.192887
0.167127,1.192613
0.167279,1.192338
0.167432,1.192063
0.167584,1.191788
0.167736,1.191513
0.167889,1.191238
0.168041,1.190963
0.168193,1.190688
0.168345,1.190413
0.168496,1.190138
0.168648,1.189863
0.168800,1.189587
0.168951,1.189312
0.169103,1.189037
0.169254,1.188761
0.169406,1.188486
0.169557,1.188210
0.169708,1.187935
0.169859,1.187659
0.170010,1.187384
0.170161,1.187108
0.170312,1.186832
0.170463,1.186556
0.170613,1.186281
0.170764,1.186005
0.170914,1.185729
0.171065,1.185453
0.171215,1.185177
0.171365,1.184901
0.171515,1.184625
0.171665,1.184348
0.171815,1.184072
0.171965,1.183796
0.172115,1.183520
0.172265,1.183243
0.172414,1.182967
0.172564,1.182690
0.172713,1.182414
0.172862,1.182137
0.173012,1.181861
0.173161,1.181584
0.173310,1.181308
0.173459,1.181031
0.173608,1.180754
0.173757,1.180477
0.173905,1.180200
0.174054,1.179923
0.174203,1.179646
0.174351,1.179369
0.174499,1.179092
0.174648,1.178815
0.174796,1.178538
0.174944,1.178261
0.175092,1.177984
0.175240,1.177706
0.175388,1.177429
0.175536,1.177152
0.175683,1.176874
0.175831,1.176597
0.175978,1.176319
0.176126,1.176042
0.176273,1.175764
0.176420,1.175486
0.176568,1.175209
0.176715,1.174931
0.176862,1.174653
0.177009,1.174375
0.177155,1.174098
0.177302,1.173820
0.177449,1.173542
0.177595,1.173264
0.177742,1.172986
0.177888,1.172707
0.178034,1.172429
0.178181,1.172151
0.178327,1.171873
0.178473,1.171594
0.178619,1.171316
0.178765,1.171038
0.178910,1.170759
0.179056,1.170481
0.179202,1.170202
0.179347,1.169924
0.179493,1.169645
0.179638,1.169366
0.179783,1.169088
0.179928,1.168809
0.180073,1.168530
0.180218,1.168251
0.180363,1.167972
0.180508,1.167693
0.180653,1.167414
0.180797,1.167135
0.180942,1.166856
0.181086,1.166577
0.181231,1.166298
0.181375,1.166019
0.181519,1.165740
0.181663,1.165460
0.181807,1.165181
0.181951,1.164902
0.182095,1.164622
0.182239,1.164343
0.182382,1.164063
0.182526,1.163783
0.182669,1.163504
0.182813,1.163224
0.182956,1.162945
0.183099,1.162665
0.183242,1.162385
0.183386,1.162105
0.183528,1.161825
0.183671,1.161545
0.183814,1.161265
0.183957,1.160985
0.184099,1.160705
0.184242,1.160425
0.184384,1.160145
0.184527,1.159865
0.184669,1.159584
0.184811,1.159304
0.184953,1.159024
0.185095,1.158743
0.185237,1.158463
0.185379,1.158183
0.185521,1.157902
0.185662,1.157621
0.185804,1.157341
0.185945,1.157060
0.186087,1.156780
0.186228,1.156499
0.186369,1.156218
0.186510,1.155937
0.186651,1.155656
0.186792,1.155375
0.186933,1.155094
0.187074,1.154813
0.187214,1.154532
0.187355,1.154251
0.187495,1.153970
0.187636,1.153689
0.187776,1.153408
0.187916,1.153126
0.188057,1.152845
0.188197,1.152564
0.188337,1.152282
0.188476,1.152001
0.188616,1.151719
0.188756,1.151438
0.188895,1.151156
0.189035,1.150875
0.189174,1.150593
0.189314,1.150311
0.189453,1.150030
0.189592,1.149748
0.189731,1.149466
0.189870,1.149184
0.190009,1.148902
0.190148,1.148620
0.190287,1.148338
0.190425,1.148056
0.190564,1.147774
0.190702,1.147492
0.190841,1.147210
0.190979,1.146927
0.191117,1.146645
0.191255,1.146363
0.191393,1.146080
0.191531,1.145798
0.191669,1.145516
0.191807,1.145233
0.191944,1.144951
0.192082,1.144668
0.192219,1.144385
0.192357,1.144103
0.192494,1.143820
0.192631,1.143537
0.192768,1.143254
0.192905,1.142972
0.193042,1.142689
0.193179,1.142406
0.193316,1.142123
0.193453,1.141840
0.193589,1.141557
0.193726,1.141274
0.193862,1.140991
0.193998,1.140707
0.194135,1.140424
0.194271,1.140141
0.194407,1.139858
0.194543,1.139574
0.194679,1.139291
0.194814,1.139007
0.194950,1.138724
0.195086,1.138440
0.195221,1.138157
0.195357,1.137873
0.195492,1.137590
0.195627,1.137306
0.195762,1.137022
0.195898,1.136738
0.196032,1.136454
0.196167,1.136171
0.196302,1.135887
0.196437,1.135603
0.196572,1.135319
0.196706,1.135035
0.196841,1.134751
0.196975,1.134467
0.197109,1.134182
0.197243,1.133898
0.197377,1.133614
0.197511,1.133330
0.197645,1.133045
0.197779,1.132761
0.197913,1.132477
0.198047,1.132192
0.198180,1.131908
0.198314,1.131623
0.198447,1.131338
0.198580,1.131054
0.198713,1.130769
0.198846,1.130484
0.198980,1.130200
0.199112,1.129915
0.199245,1.129630
0.199378,1.129345
0.199511,1.129060
0.199643,1.128775
0.199776,1.128490
0.199908,1.128205
0.200040,1.127920
0.200173,1.127635
0.200305,1.127350
0.200437,1.127065
0.200569,1.126779
0.200701,1.126494
0.200832,1.126209
0.200964,1.125923
0.201096,1.125638
0.201227,1.125353
0.201358,1.125067
0.201490,1.124782
0.201621,1.124496
0.201752,1.124210
0.201883,1.123925
0.202014,1.123639
0.202145,1.123353
0.202276,1.123067
0.202406,1.122782
0.202537,1.122496
0.202668,1.122210
0.202798,1.121924
0.202928,1.121638
0.203059,1.121352
0.203189,1.121066
0.203319,1.120780
0.203449,1.120494
0.203579,1.120207
0.203708,1.119921
0.203838,1.119635
0.203968,1.119349
0.204097,1.119062
0.204227,1.118776
0.204356,1.118489
0.204485,1.118203
0.204614,1.117916
0.204743,1.117630
0.204872,1.117343
0.205001,1.117057
0.205130,1.116770
0.205259,1.116483
0.205387,1.116196
0.205516,1.115910
0.205644,1.115623
0.205773,1.115336
0.205901,1.115049
0.206029,1.114762
0.206157,1.114475
0.206285,1.114188
0.206413,1.113901
0.206541,1.113614
0.206669,1.113327
0.206796,1.113039
0.206924,1.112752
0.207051,1.112465
0.207179,1.112177
0.207306,1.111890
0.207433,1.111603
0.207560,1.111315
0.207687,1.111028
0.207814,1.110740
0.207941,1.110453
0.208068,1.110165
0.208194,1.109877
0.208321,1.109590
0.208447,1.109302
0.208573,1.109014
0.208700,1.108726
0.208826,1.108439
0.208952,1.108151
0.209078,1.107863
0.209204,1.107575
0.209330,1.107287
0.209455,1.106999
0.209581,1.106711
0.209707,1.106423
0.209832,1.106134
0.209957,1.105846
0.210083,1.105558
0.210208,1.105270
0.210333,1.104981
0.210458,1.104693
0.210583,1.104405
0.210708,1.104116
0.210832,1.103828
0.210957,1.103539
0.211082,1.103251
0.211206,1.102962
0.211330,1.102673
0.211455,1.102385
0.211579,1.102096
0.211703,1.101807
0.211827,1.101519
0.211951,1.101230
0.212075,1.100941
0.212199,1.100652
0.212322,1.100363
0.212446,1.100074
0.212569,1.099785
0.212693,1.099496
0.212816,1.099207
0.212939,1.098918
0.213062,1.098629
0.213185,1.098339
0.213308,1.098050
0.213431,1.097761
0.213554,1.097471
0.213676,1.097182
0.213799,1.096893
0.213921,1.096603
0.214044,1.096314
0.214166,1.096024
0.214288,1.095735
0.214410,1.095445
0.214532,1.095155
0.214654,1.094866
0.214776,1.094576
0.214898,1.094286
0.215019,1.093996
0.215141,1.093707
0.215262,1.093417
0.215384,1.093127
0.215505,1.092837
0.215626,1.092547
0.215747,1.092257
0.215868,1.091967
0.215989,1.091677
0.216110,1.091387
0.216231,1.091096
0.216351,1.090806
0.216472,1.090516
0.216592,1.090226
0.216713,1.089935
0.216833,1.089645
0.216953,1.089355
0.217073,1.089064
0.217193,1.088774
0.217313,1.088483
0.217433,1.088193
0.217553,1.087902
0.217672,1.087611
0.217792,1.087321
0.217911,1.087030
0.218031,1.086739
0.218150,1.086449
0.218269,1.086158
0.218388,1.085867
0.218507,1.085576
0.218626,1.085285
0.218745,1.084994
0.218864,1.084703
0.218982,1.084412
0.219101,1.084121
0.219219,1.083830
0.219337,1.083539
0.219456,1.083248
0.219574,1.082956
0.219692,1.082665
0.219810,1.082374
0.219928,1.082082
0.220046,1.081791
0.220163,1.081500
0.220281,1.081208
0.220399,1.080917
0.220516,1.080625
0.220633,1.080334
0.220751,1.080042
0.220868,1.079750
0.220985,1.079459
0.221102,1.079167
0.221219,1.078875
0.221335,1.078584
0.221452,1.078292
0.221569,1.078000
0.221685,1.077708
0.221802,1.077416
0.221918,1.077124
0.222034,1.076832
0.222150,1.076540
0.222267,1.076248
0.222382,1.075956
0.222498,1.075664
0.222614,1.075372
0.222730,1.075079
0.222845,1.074787
0.222961,1.074495
0.223076,1.074203
0.223192,1.073910
0.223307,1.073618
0.223422,1.073325
0.223537,1.073033
0.223652,1.072740
0.223767,1.072448
0.223882,1.072155
0.223996,1.071863
0.224111,1.071570
0.224226,1.071277
0.224340,1.070985
0.224454,1.070692
0.224568,1.070399
0.224683,1.070106
0.224797,1.069813
0.224911,1.069520
0.225024,1.069227
0.225138,1.068935
0.225252,1.068641
0.225365,1.068348
0.225479,1.068055
0.225592,1.067762
0.225706,1.067469
0.225819,1.067176
0.225932,1.066883
0.226045,1.066589
0.226158,1.066296
0.226271,1.066003
0.226384,1.065709
0.226496,1.065416
0.226609,1.065123
0.226721,1.064829
0.226834,1.064536
0.226946,1.064242
0.227058,1.063949
0.227170,1.063655
0.227282,1.063361
0.227394,1.063068
0.227506,1.062774
0.227618,1.062480
0.227729,1.062186
0.227841,1.061892
0.227952,1.061599
0.228064,1.061305
0.228175,1.061011
0.228286,1.060717
0.228397,1.060423
0.228508,1.060129
0.228619,1.059835
0.228730,1.059541
0.228841,1.059247
0.228951,1.058952
0.229062,1.058658
0.229172,1.058364
0.229283,1.058070
0.229393,1.057775
0.229503,1.057481
0.229613,1.057187
0.229723,1.056892
0.229833,1.056598
0.229943,1.056303
0.230052,1.056009
0.230162,1.055714
0.230272,1.055420
0.230381,1.055125
0.230490,1.054830
0.230600,1.054536
0.230709,1.054241
0.230818,1.053946
0.230927,1.053651
0.231036,1.053357
0.231144,1.053062
0.231253,1.052767
0.231362,1.052472
0.231470,1.052177
0.231579,1.051882
0.231687,1.051587
0.231795,1.051292
0.231903,1.050997
0.232011,1.050702
0.232119,1.050406
0.232227,1.050111
0.232335,1.049816
0.232442,1.049521
0.232550,1.049225
0.232657,1.048930
0.232765,1.048635
0.232872,1.048339
0.232979,1.048044
0.233086,1.047748
0.233193,1.047453
0.233300,1.047157
0.233407,1.046862
0.233514,1.046566
0.233621,1.046270
0.233727,1.045975
0.233834,1.045679
0.233940,1.045383
0.234046,1.045088
0.234152,1.044792
0.234258,1.044496
0.234364,1.044200
0.234470,1.043904
0.234576,1.043608
0.234682,1.043312
0.234787,1.043016
0.234893,1.042720
0.234998,1.042424
0.235104,1.042128
0.235209,1.041832
0.235314,1.041536
0.235419,1.041240
0.235524,1.040943
0.235629,1.040647
0.235734,1.040351
0.235839,1.040054
0.235943,1.039758
0.236048,1.039462
0.236152,1.039165
0.236256,1.038869
0.236361,1.038572
0.236465,1.038276
0.236569,1.037979
0.236673,1.037682
0.236777,1.037386
0.236880,1.037089
0.236984,1.036792
0.237088,1.036496
0.237191,1.036199
0.237294,1.035902
0.237398,1.035605
0.237501,1.035309
0.237604,1.035012
0.237707,1.034715
0.237810,1.034418
0.237913,1.034121
0.238015,1.033824
0.238118,1.033527
0.238221,1.033230
0.238323,1.032932
0.238425,1.032635
0.238528,1.032338
0.238630,1.032041
0.238732,1.031744
0.238834,1.031446
0.238936,1.031149
0.239038,1.030852
0.239139,1.030554
0.239241,1.030257
0.239342,1.029960
0.239444,1.029662
0.239545,1.029365
0.239646,1.029067
0.239748,1.028769
0.239849,1.028472
0.239950,1.028174
0.240050,1.027877
0.240151,1.027579
0.240252,1.027281
0.240352,1.026983
0.240453,1.026686
0.240553,1.026388
0.240654,1.026090
0.240754,1.025792
0.240854,1.025494
0.240954,1.025196
0.241054,1.024898
0.241154,1.024600
0.241253,1.024302
0.241353,1.024004
0.241453,1.023706
0.241552,1.023408
0.241651,1.023110
0.241751,1.022811
0.241850,1.022513
0.241949,1.022215
0.242048,1.021917
0.242147,1.021618
0.242246,1.021320
0.242344,1.021022
0.242443,1.020723
0.242541,1.020425
0.242640,1.020126
0.242738,1.019828
0.242836,1.019529
0.242935,1.019231
0.243033,1.018932
0.243131,1.018633
0.243228,1.018335
0.243326,1.018036
0.243424,1.017737
0.243522,1.017439
0.243619,1.017140
0.243716,1.016841
0.243814,1.016542
0.243911,1.016243
0.244008,1.015944
0.244105,1.015645
0.244202,1.015347
0.244299,1.015048
0.244395,1.014749
0.244492,1.014449
0.244589,1.014150
0.244685,1.013851
0.244781,1.013552
0.244878,1.013253
0.244974,1.012954
0.245070,1.012654
0.245166,1.012355
0.245262,1.012056
0.245358,1.011757
0.245453,1.011457
0.245549,1.011158
0.245644,1.010858
0.245740,1.010559
0.245835,1.010259
0.245930,1.009960
0.246026,1.009660
0.246121,1.009361
0.246216,1.009061
0.246310,1.008762
0.246405,1.008462
0.246500,1.008162
0.246594,1.007863
0.246689,1.007563
0.246783,1.007263
0.246878,1.006963
0.246972,1.006663
0.247066,1.006363
0.247160,1.006064
0.247254,1.005764
0.247348,1.005464
0.247441,1.005164
0.247535,1.004864
0.247628,1.004564
0.247722,1.004264
0.247815,1.003963
0.247909,1.003663
0.248002,1.003363
0.248095,1.003063
0.248188,1.002763
0.248281,1.002463
0.248373,1.002162
0.248466,1.001862
0.248559,1.001562
0.248651,1.001261
0.248744,1.000961
0.248836,1.000660
0.248928,1.000360
0.249020,1.000059
0.249112,0.999759
0.249204,0.999458
0.249296,0.999158
0.249388,0.998857
0.249479,0.998557
0.249571,0.998256
0.249662,0.997955
0.249754,0.997655
0.249845,0.997354
0.249936,0.997053
0.250027,0.996752
0.250118,0.996451
0.250209,0.996151
0.250300,0.995850
0.250391,0.995549
0.250481,0.995248
0.250572,0.994947
0.250662,0.994646
0.250752,0.994345
0.250843,0.994044
0.250933,0.993743
0.251023,0.993442
0.251113,0.993140
0.251203,0.992839
0.251292,0.992538
0.251382,0.992237
0.251472,0.991936
0.251561,0.991634
0.251650,0.991333
0.251740,0.991032
0.251829,0.990730
0.251918,0.990429
0.252007,0.990128
0.252096,0.989826
0.252185,0.989525
0.252273,0.989223
0.252362,0.988922
0.252451,0.988620
0.252539,0.988318
0.252627,0.988017
0.252716,0.987715
0.252804,0.987413
0.252892,0.987112
0.252980,0.986810
0.253068,0.986508
0.253155,0.986207
0.253243,0.985905
0.253331,0.985603
0.253418,0.985301
0.253505,0.984999
0.253593,0.984697
0.253680,0.984395
0.253767,0.984093
0.253854,0.983791
0.253941,0.983489
0.254028,0.983187
0.254114,0.982885
0.254201,0.982583
0.254288,0.982281
0.254374,0.981979
0.254460,0.981677
0.254547,0.981374
0.254633,0.981072
0.254719,0.980770
0.254805,0.980467
0.254891,0.980165
0.254976,0.979863
0.255062,0.979560
0.255148,0.979258
0.255233,0.978956
0.255319,0.978653
0.255404,0.978351
0.255489,0.978048
0.255574,0.977746
0.255659,0.977443
0.255744,0.977140
0.255829,0.976838
0.255914,0.976535
0.255998,0.976232
0.256083,0.975930
0.256167,0.975627
0.256252,0.975324
0.256336,0.975021
0.256420,0.974719
0.256504,0.974416
0.256588,0.974113
0.256672,0.973810
0.256756,0.973507
0.256839,0.973204
0.256923,0.972901
0.257006,0.972598
0.257090,0.972295
0.257173,0.971992
0.257256,0.971689
0.257339,0.971386
0.257422,0.971083
0.257505,0.970780
0.257588,0.970477
0.257671,0.970173
0.257754,0.969870
0.257836,0.969567
0.257919,0.969264
0.258001,0.968960
0.258083,0.968657
0.258165,0.968354
0.258247,0.968050
0.258329,0.967747
0.258411,0.967443
0.258493,0.967140
0.258575,0.966836
0.258656,0.966533
0.258738,0.966229
0.258819,0.965926
0.258900,0.965622
0.258982,0.965319
0.259063,0.965015
0.259144,0.964711
0.259225,0.964408
0.259305,0.964104
0.259386,0.963800
0.259467,0.963496
0.259547,0.963193
0.259628,0.962889
0.259708,0.962585
0.259788,0.962281
0.259868,0.961977
0.259948,0.961673
0.260028,0.961369
0.260108,0.961065
0.260188,0.960761
0.260268,0.960457
0.260347,0.960153
0.260427,0.959849
0.260506,0.959545
0.260585,0.959241
0.260665,0.958937
0.260744,0.958633
0.260823,0.958329
0.260902,0.958024
0.260981,0.957720
0.261059,0.957416
0.261138,0.957111
0.261216,0.956807
0.261295,0.956503
0.261373,0.956198
0.261451,0.955894
0.261530,0.955590
0.261608,0.955285
0.261686,0.954981
0.261763,0.954676
0.261841,0.954372
0.261919,0.954067
0.261996,0.953763
0.262074,0.953458
0.262151,0.953153
0.262228,0.952849
0.262306,0.952544
0.262383,0.952239
0.262460,0.951935
0.262537,0.951630
0.262613,0.951325
0.262690,0.951021
0.262767,0.950716
0.262843,0.950411
0.262920,0.950106
0.262996,0.949801
0.263072,0.949496
0.263148,0.949191
0.263224,0.948886
0.263300,0.948581
0.263376,0.948276
0.263452,0.947971
0.263528,0.947666
0.263603,0.947361
0.263679,0.947056
0.263754,0.946751
0.263829,0.946446
0.263904,0.946141
0.263979,0.945836
0.264054,0.945530
0.264129,0.945225
0.264204,0.944920
0.264279,0.944615
0.264353,0.944309
0.264428,0.944004
0.264502,0.943699
0.264577,0.943393
0.264651,0.943088
0.264725,0.942782
0.264799,0.942477
0.264873,0.942172
0.264947,0.941866
0.265021,0.941561
0.265094,0.941255
0.265168,0.940949
0.265241,0.940644
0.265314,0.940338
0.265388,0.940033
0.265461,0.939727
0.265534,0.939421
0.265607,0.939116
0.265680,0.938810
0.265753,0.938504
0.265825,0.938198
0.265898,0.937893
0.265970,0.937587
0.266043,0.937281
0.266115,0.936975
0.266187,0.936669
0.266259,0.936363
0.266331,0.936057
0.266403,0.935751
0.266475,0.935445
0.266547,0.935139
0.266618,0.934833
0.266690,0.934527
0.266761,0.934221
0.266833,0.933915
0.266904,0.933609
0.266975,0.933303
0.267046,0.932997
0.267117,0.932691
0.267188,0.932384
0.267259,0.932078
0.267329,0.931772
0.267400,0.931466
0.267470,0.931159
0.267541,0.930853
0.267611,0.930547
0.267681,0.930240
0.267751,0.929934
0.267821,0.929628
0.267891,0.929321
0.267961,0.929015
0.268031,0.928708
0.268100,0.928402
0.268170,0.928095
0.268239,0.927789
0.268308,0.927482
0.268378,0.927176
0.268447,0.926869
0.268516,0.926563
0.268585,0.926256
0.268653,0.925949
0.268722,0.925643
0.268791,0.925336
0.268859,0.925029
0.268928,0.924722
0.268996,0.924416
0.269064,0.924109
0.269133,0.923802
0.269201,0.923495
0.269269,0.923188
0.269336,0.922882
0.269404,0.922575
0.269472,0.922268
0.269539,0.921961
0.269607,0.921654
0.269674,0.921347
0.269742,0.921040
0.269809,0.920733
0.269876,0.920426
0.269943,0.920119
0.270010,0.919812
0.270077,0.919505
0.270143,0.919197
0.270210,0.918890
0.270276,0.918583
0.270343,0.918276
0.270409,0.917969
0.270475,0.917661
0.270541,0.917354
0.270607,0.917047
0.270673,0.916740
0.270739,0.916432
0.270805,0.916125
0.270871,0.915818
0.270936,0.915510
0.271002,0.915203
0.271067,0.914896
0.271132,0.914588
0.271197,0.914281
0.271262,0.913973
0.271327,0.913666
0.271392,0.913358
0.271457,0.913051
0.271522,0.912743
0.271586,0.912435
0.271651,0.912128
0.271715,0.911820
0.271779,0.911513
0.271844,0.911205
0.271908,0.910897
0.271972,0.910590
0.272036,0.910282
0.272099,0.909974
0.272163,0.909666
0.272227,0.909359
0.272290,0.909051
0.272354,0.908743
0.272417,0.908435
0.272480,0.908127
0.272543,0.907819
0.272606,0.907511
0.272669,0.907204
0.272732,0.906896
0.272795,0.906588
0.272858,0.906280
0.272920,0.905972
0.272983,0.905664
0.273045,0.905356
0.273107,0.905048
0.273169,0.904739
0.273231,0.904431
0.273293,0.904123
0.273355,0.903815
0.273417,0.903507
0.273479,0.903199
0.273540,0.902891
0.273602,0.902582
0.273663,0.902274
0.273724,0.901966
0.273786,0.901658
0.273847,0.901349
0.273908,0.901041
0.273969,0.900733
0.274029,0.900424
0.274090,0.900116
0.274151,0.899808
0.274211,0.899499
0.274272,0.899191
0.274332,0.898882
0.274392,0.898574
0.274452,0.898265
0.274512,0.897957
0.274572,0.897648
0.274632,0.897340
0.274692,0.897031
0.274752,0.896723
0.274811,0.896414
0.274871,0.896106
0.274930,0.895797
0.274989,0.895488
0.275048,0.895180
0.275107,0.894871
0.275166,0.894562
0.275225,0.894253
0.275284,0.893945
0.275343,0.893636
0.275401,0.893327
0.275460,0.893018
0.275518,0.892710
0.275576,0.892401
0.275635,0.892092
0.275693,0.891783
0.275751,0.891474
0.275809,0.891165
0.275866,0.890856
0.275924,0.890547
0.275982,0.890238
0.276039,0.889929
0.276097,0.889620
0.276154,0.889311
0.276211,0.889002
0.276268,0.888693
0.276325,0.888384
0.276382,0.888075
0.276439,0.887766
0.276496,0.887457
0.276552,0.887148
0.276609,0.886839
0.276665,0.886529
0.276722,0.886220
0.276778,0.885911
0.276834,0.885602
0.276890,0.885293
0.276946,0.884983
0.277002,0.884674
0.277058,0.884365
0.277113,0.884055
0.277169,0.883746
0.277224,0.883437
0.277280,0.883127
0.277335,0.882818
0.277390,0.882509
0.277445,0.882199
0.277500,0.881890
0.277555,0.881580
0.277610,0.881271
0.277665,0.880961
0.277719,0.880652
0.277774,0.880342
0.277828,0.880033
0.277882,0.879723
0.277937,0.879414
0.277991,0.879104
0.278045,0.878794
0.278099,0.878485
0.278152,0.878175
0.278206,0.877865
0.278260,0.877556
0.278313,0.877246
0.278367,0.876936
0.278420,0.876627
0.278473,0.876317
0.278526,0.876007
0.278579,0.875697
0.278632,0.875388
0.278685,0.875078
0.278738,0.874768
0.278791,0.874458
0.278843,0.874148
0.278896,0.873838
0.278948,0.873528
0.279000,0.873219
0.279052,0.872909
0.279104,0.872599
0.279156,0.872289
0.279208,0.871979
0.279260,0.871669
0.279312,0.871359
0.279363,0.871049
0.279415,0.870739
0.279466,0.870429
0.279517,0.870119
0.279569,0.869808
0.279620,0.869498
0.279671,0.869188
0.279721,0.868878
0.279772,0.868568
0.279823,0.868258
0.279874,0.867948
0.279924,0.867637
0.279974,0.867327
0.280025,0.867017
0.280075,0.866707
0.280125,0.866396
0.280175,0.866086
0.280225,0.865776
0.280275,0.865466
0.280325,0.865155
0.280374,0.864845
0.280424,0.864534
0.280473,0.864224
0.280522,0.863914
0.280572,0.863603
0.280621,0.863293
0.280670,0.862982
0.280719,0.862672
0.280768,0.862362
0.280816,0.862051
0.280865,0.861741
0.280914,0.861430
0.280962,0.861120
0.281010,0.860809
0.281059,0.860498
0.281107,0.860188
0.281155,0.859877
0.281203,0.859567
0.281251,0.859256
0.281299,0.858945
0.281346,0.858635
0.281394,0.858324
0.281441,0.858013
0.281489,0.857703
0.281536,0.857392
0.281583,0.857081
0.281630,0.856771
0.281677,0.856460
0.281724,0.856149
0.281771,0.855838
0.281818,0.855527
0.281864,0.855217
0.281911,0.854906
0.281957,0.854595
0.282003,0.854284
0.282050,0.853973
0.282096,0.853662
0.282142,0.853351
0.282188,0.853041
0.282233,0.852730
0.282279,0.852419
0.282325,0.852108
0.282370,0.851797
0.282416,0.851486
0.282461,0.851175
0.282506,0.850864
0.282551,0.850553
0.282596,0.850242
0.282641,0.849931
0.282686,0.849620
0.282731,0.849308
0.282776,0.848997
0.282820,0.848686
0.282865,0.848375
0.282909,0.848064
0.282953,0.847753
0.282997,0.847442
0.283041,0.847131
0.283085,0.846819
0.283129,0.846508
0.283173,0.846197
0.283217,0.845886
0.283260,0.845574
0.283304,0.845263
0.283347,0.844952
0.283390,0.844641
0.283433,0.844329
0.283477,0.844018
0.283520,0.843707
0.283562,0.843395
0.283605,0.843084
0.283648,0.842773
0.283690,0.842461
0.283733,0.842150
0.283775,0.841838
0.283818,0.841527
0.283860,0.841215
0.283902,0.840904
0.283944,0.840593
0.283986,0.840281
0.284028,0.839970
0.284069,0.839658
0.284111,0.839347
0.284152,0.839035
0.284194,0.838723
0.284235,0.838412
0.284276,0.838100
0.284318,0.837789
0.284359,0.837477
0.284400,0.837166
0.284440,0.836854
0.284481,0.836542
0.284522,0.836231
0.284562,0.835919
0.284603,0.835607
0.284643,0.835296
0.284683,0.834984
0.284723,0.834672
0.284763,0.834361
0.284803,0.834049
0.284843,0.833737
0.284883,0.833425
0.284923,0.833113
0.284962,0.832802
0.285002,0.832490
0.285041,0.832178
0.285080,0.831866
0.285119,0.831554
0.285158,0.831243
0.285197,0.830931
0.285236,0.830619
0.285275,0.830307
0.285314,0.829995
0.285352,0.829683
0.285391,0.829371
0.285429,0.829059
0.285467,0.828747
0.285506,0.828435
0.285544,0.828123
0.285582,0.827811
0.285620,0.827499
0.285657,0.827187
0.285695,0.826875
0.285733,0.826563
0.285770,0.826251
0.285808,0.825939
0.285845,0.825627
0.285882,0.825315
0.285919,0.825003
0.285956,0.824691
0.285993,0.824379
0.286030,0.824067
0.286067,0.823755
0.286103,0.823442
0.286140,0.823130
0.286176,0.822818
0.286212,0.822506
0.286249,0.822194
0.286285,0.821882
0.286321,0.821569
0.286357,0.821257
0.286393,0.820945
0.286428,0.820633
0.286464,0.820320
0.286499,0.820008
0.286535,0.819696
0.286570,0.819384
0.286605,0.819071
0.286641,0.818759
0.286676,0.818447
0.286711,0.818134
0.286745,0.817822
0.286780,0.817510
0.286815,0.817197
0.286849,0.816885
0.286884,0.816572
0.286918,0.816260
0.286952,0.815948
0.286987,0.815635
0.287021,0.815323
0.287055,0.815010
0.287088,0.814698
0.287122,0.814385
0.287156,0.814073
0.287189,0.813760
0.287223,0.813448
0.287256,0.813135
0.287290,0.812823
0.287323,0.812510
0.287356,0.812198
0.287389,0.811885
0.287422,0.811573
0.287454,0.811260
0.287487,0.810948
0.287520,0.810635
0.287552,0.810322
0.287585,0.810010
0.287617,0.809697
0.287649,0.809385
0.287681,0.809072
0.287713,0.808759
0.287745,0.808447
0.287777,0.808134
0.287809,0.807821
0.287840,0.807509
0.287872,0.807196
0.287903,0.806883
0.287934,0.806570
0.287966,0.806258
0.287997,0.805945
0.288028,0.805632
0.288059,0.805319
0.288089,0.805007
0.288120,0.804694
0.288151,0.804381
0.288181,0.804068
0.288212,0.803755
0.288242,0.803443
0.288272,0.803130
0.288302,0.802817
0.288332,0.802504
0.288362,0.802191
0.288392,0.801878
0.288422,0.801566
0.288452,0.801253
0.288481,0.800940
0.288511,0.800627
0.288540,0.800314
0.288569,0.800001
0.288598,0.799688
0.288627,0.799375
0.288656,0.799062
0.288685,0.798749
0.288714,0.798436
0.288743,0.798123
0.288771,0.797810
0.288800,0.797497
0.288828,0.797184
0.288856,0.796871
0.288884,0.796558
0.288912,0.796245
0.288940,0.795932
0.288968,0.795619
0.288996,0.795306
0.289024,0.794993
0.289051,0.794680
0.289079,0.794367
0.289106,0.794054
0.289133,0.793741
0.289161,0.793428
0.289188,0.793114
0.289215,0.792801
0.289242,0.792488
0.289268,0.792175
0.289295,0.791862
0.289322,0.791549
0.289348,0.791236
0.289374,0.790922
0.289401,0.790609
0.289427,0.790296
0.289453,0.789983
0.289479,0.789670
0.289505,0.789356
0.289531,0.789043
0.289556,0.788730
0.289582,0.788417
0.289608,0.788103
0.289633,0.787790
0.289658,0.787477
0.289684,0.787164
0.289709,0.786850
0.289734,0.786537
0.289759,0.786224
0.289783,0.785911
0.289808,0.785597
0.289833,0.785284
0.289857,0.784971
0.289882,0.784657
0.289906,0.784344
0.289930,0.784031
0.289954,0.783717
0.289978,0.783404
0.290002,0.783090
0.290026,0.782777
0.290050,0.782464
0.290073,0.782150
0.290097,0.781837
0.290120,0.781523
0.290144,0.781210
0.290167,0.780897
0.290190,0.780583
0.290213,0.780270
0.290236,0.779956
0.290259,0.779643
0.290282,0.779329
0.290304,0.779016
0.290327,0.778702
0.290349,0.778389
0.290372,0.778075
0.290394,0.777762
0.290416,0.777448
0.290438,0.777135
0.290460,0.776821
0.290482,0.776508
0.290504,0.776194
0.290525,0.775881
0.290547,0.775567
0.290569,0.775254
0.290590,0.774940
0.290611,0.774627
0.290632,0.774313
0.290653,0.773999
0.290674,0.773686
0.290695,0.773372
0.290716,0.773059
0.290737,0.772745
0.290757,0.772432
0.290778,0.772118
0.290798,0.771804
0.290818,0.771491
0.290839,0.771177
0.290859,0.770863
0.290879,0.770550
0.290899,0.770236
0.290918,0.769922
0.290938,0.769609
0.290958,0.769295
0.290977,0.768981
0.290997,0.768668
0.291016,0.768354
0.291035,0.768040
0.291054,0.767727
0.291073,0.767413
0.291092,0.767099
0.291111,0.766785
0.291130,0.766472
0.291148,0.766158
0.291167,0.765844
0.291185,0.765530
0.291203,0.765217
0.291222,0.764903
0.291240,0.764589
0.291258,0.764275
0.291276,0.763962
0.291293,0.763648
0.291311,0.763334
0.291329,0.763020
0.291346,0.762707
0.291364,0.762393
0.291381,0.762079
0.291398,0.761765
0.291415,0.761451
0.291432,0.761137
0.291449,0.760824
0.291466,0.760510
0.291483,0.760196
0.291500,0.759882
0.291516,0.759568
0.291533,0.759254
0.291549,0.758941
0.291565,0.758627
0.291581,0.758313
0.291597,0.757999
0.291613,0.757685
0.291629,0.757371
0.291645,0.757057
0.291661,0.756743
0.291676,0.756430
0.291692,0.756116
0.291707,0.755802
0.291722,0.755488
0.291737,0.755174
0.291752,0.754860
0.291767,0.754546
0.291782,0.754232
0.291797,0.753918
0.291812,0.753604
0.291826,0.753290
0.291841,0.752976
0.291855,0.752662
0.291869,0.752348
0.291883,0.752034
0.291898,0.751720
0.291912,0.751406
0.291925,0.751092
0.291939,0.750778
0.291953,0.750465
0.291966,0.750151
0.291980,0.749837
0.291993,0.749523
0.292007,0.749209
0.292020,0.748895
0.292033,0.748580
0.292046,0.748266
0.292059,0.747952
0.292071,0.747638
0.292084,0.747324
0.292097,0.747010
0.292109,0.746696
0.292122,0.746382
0.292134,0.746068
0.292146,0.745754
0.292158,0.745440
0.292170,0.745126
0.292182,0.744812
0.292194,0.744498
0.292206,0.744184
0.292217,0.743870
0.292229,0.743556
0.292240,0.743242
0.292251,0.742928
0.292263,0.742614
0.292274,0.742299
0.292285,0.741985
0.292296,0.741671
0.292307,0.741357
0.292317,0.741043
0.292328,0.740729
0.292338,0.740415
0.292349,0.740101
0.292359,0.739787
0.292369,0.739472
0.292379,0.739158
0.292389,0.738844
0.292399,0.738530
0.292409,0.738216
0.292419,0.737902
0.292429,0.737588
0.292438,0.737274
0.292448,0.736959
0.292457,0.736645
0.292466,0.736331
0.292475,0.736017
0.292484,0.735703
0.292493,0.735389
0.292502,0.735074
0.292511,0.734760
0.292519,0.734446
0.292528,0.734132
0.292536,0.733818
0.292545,0.733504
0.292553,0.733189
0.292561,0.732875
0.292569,0.732561
0.292577,0.732247
0.292585,0.731933
0.292593,0.731619
0.292600,0.731304
0.292608,0.730990
0.292615,0.730676
0.292623,0.730362
0.292630,0.730048
0.292637,0.729733
0.292644,0.729419
0.292651,0.729105
0.292658,0.728791
0.292665,0.728477
0.292672,0.728162
0.292678,0.727848
0.292685,0.727534
0.292691,0.727220
0.292697,0.726905
0.292703,0.726591
0.292709,0.726277
0.292715,0.725963
0.292721,0.725649
0.292727,0.725334
0.292733,0.725020
0.292738,0.724706
0.292744,0.724392
0.292749,0.724077
0.292754,0.723763
0.292760,0.723449
0.292765,0.723135
0.292770,0.722820
0.292775,0.722506
0.292779,0.722192
0.292784,0.721878
0.292789,0.721563
0.292793,0.721249
0.292798,0.720935
0.292802,0.720621
0.292806,0.720306
0.292810,0.719992
0.292814,0.719678
0.292818,0.719364
0.292822,0.719049
0.292826,0.718735
0.292829,0.718421
0.292833,0.718107
0.292836,0.717792
0.292839,0.717478
0.292843,0.717164
0.292846,0.716849
0.292849,0.716535
0.292852,0.716221
0.292854,0.715907
0.292857,0.715592
0.292860,0.715278
0.292862,0.714964
0.292865,0.714650
0.292867,0.714335
0.292869,0.714021
0.292871,0.713707
0.292873,0.713392
0.292875,0.713078
0.292877,0.712764
0.292879,0.712450
0.292881,0.712135
0.292882,0.711821
0.292884,0.711507
0.292885,0.711192
0.292886,0.710878
0.292887,0.710564
0.292888,0.710250
0.292889,0.709935
0.292890,0.709621
0.292891,0.709307
0.292891,0.708992
0.292892,0.708678
0.292892,0.708364
0.292893,0.708050
0.292893,0.707735
0.292893,0.707421
0.292893,0.707107
0.292893,0.706792
0.292893,0.706478
0.292893,0.706164
0.292892,0.705850
0.292892,0.705535
0.292891,0.705221
0.292891,0.704907
0.292890,0.704593
0.292889,0.704278
0.292888,0.703964
0.292887,0.703650
0.292886,0.703335
0.292885,0.703021
0.292884,0.702707
0.292882,0.702393
0.292881,0.702078
0.292879,0.701764
0.292877,0.701450
0.292875,0.701135
0.292873,0.700821
0.292871,0.700507
0.292869,0.700193
0.292867,0.699878
0.292865,0.699564
0.292862,0.699250
0.292860,0.698935
0.292857,0.698621
0.292854,0.698307
0.292852,0.697993
0.292849,0.697678
0.292846,0.697364
0.292843,0.697050
0.292839,0.696736
0.292836,0.696421
0.292833,0.696107
0.292829,0.695793
0.292826,0.695478
0.292822,0.695164
0.292818,0.694850
0.292814,0.694536
0.292810,0.694221
0.292806,0.693907
0.292802,0.693593
0.292798,0.693279
0.292793,0.692964
0.292789,0.692650
0.292784,0.692336
0.292779,0.692022
0.292775,0.691707
0.292770,0.691393
0.292765,0.691079
0.292760,0.690765
0.292754,0.690450
0.292749,0.690136
0.292744,0.689822
0.292738,0.689508
0.292733,0.689193
0.292727,0.688879
0.292721,0.688565
0.292715,0.688251
0.292709,0.687937
0.292703,0.687622
0.292697,0.687308
0.292691,0.686994
0.292685,0.686680
0.292678,0.686365
0.292672,0.686051
0.292665,0.685737
0.292658,0.685423
0.292651,0.685109
0.292644,0.684794
0.292637,0.684480
0.292630,0.684166
0.292623,0.683852
0.292615,0.683538
0.292608,0.683223
0.292600,0.682909
0.292593,0.682595
0.292585,0.682281
0.292577,0.681967
0.292569,0.681652
0.292561,0.681338
0.292553,0.681024
0.292545,0.680710
0.292536,0.680396
0.292528,0.680082
0.292519,0.679767
0.292511,0.679453
0.292502,0.679139
0.292493,0.678825
0.292484,0.678511
0.292475,0.678197
0.292466,0.677882
0.292457,0.677568
0.292448,0.677254
0.292438,0.676940
0.292429,0.676626
0.292419,0.676312
0.292409,0.675998
0.292399,0.675683
0.292389,0.675369
0.292379,0.675055
0.292369,0.674741
0.292359,0.674427
0.292349,0.674113
0.292338,0.673799
0.292328,0.673485
0.292317,0.673171
0.292307,0.672856
0.292296,0.672542
0.292285,0.672228
0.292274,0.671914
0.292263,0.671600
0.292251,0.671286
0.292240,0.670972
0.292229,0.670658
0.292217,0.670344
0.292206,0.670030
0.292194,0.669716
0.292182,0.669402
0.292170,0.669087
0.292158,0.668773
0.292146,0.668459
0.292134,0.668145
0.292122,0.667831
0.292109,0.667517
0.292097,0.667203
0.292084,0.666889
0.292071,0.666575
0.292059,0.666261
0.292046,0.665947
0.292033,0.665633
0.292020,0.665319
0.292007,0.665005
0.291993,0.664691
0.291980,0.664377
0.291966,0.664063
0.291953,0.663749
0.291939,0.663435
0.291925,0.663121
0.291912,0.662807
0.291898,0.662493
0.291883,0.662179
0.291869,0.661865
0.291855,0.661551
0.291841,0.661237
0.291826,0.660923
0.291812,0.660609
0.291797,0.660295
0.291782,0.659981
0.291767,0.659668
0.291752,0.659354
0.291737,0.659040
0.291722,0.658726
0.291707,0.658412
0.291692,0.658098
0.291676,0.657784
0.291661,0.657470
0.291645,0.657156
0.291629,0.656842
0.291613,0.656528
0.291597,0.656215
0.291581,0.655901
0.291565,0.655587
0.291549,0.655273
0.291533,0.654959
0.291516,0.654645
0.291500,0.654331
0.291483,0.654018
0.291466,0.653704
0.291449,0.653390
0.291432,0.653076
0.291415,0.652762
0.291398,0.652448
0.291381,0.652135
0.291364,0.651821
0.291346,0.651507
0.291329,0.651193
0.291311,0.650879
0.291293,0.650566
0.291276,0.650252
0.291258,0.649938
0.291240,0.649624
0.291222,0.649311
0.291203,0.648997
0.291185,0.648683
0.291167,0.648369
0.291148,0.648056
0.291130,0.647742
0.291111,0.647428
0.291092,0.647114
0.291073,0.646801
0.291054,0.646487
0.291035,0.646173
0.291016,0.645860
0.290997,0.645546
0.290977,0.645232
0.290958,0.644919
0.290938,0.644605
0.290918,0.644291
0.290899,0.643978
0.290879,0.643664
0.290859,0.643350
0.290839,0.643037
0.290818,0.642723
0.290798,0.642409
0.290778,0.642096
0.290757,0.641782
0.290737,0.641468
0.290716,0.641155
0.290695,0.640841
0.290674,0.640528
0.290653,0.640214
0.290632,0.639900
0.290611,0.639587
0.290590,0.639273
0.290569,0.638960
0.290547,0.638646
0.290525,0.638333
0.290504,0.638019
0.290482,0.637706
0.290460,0.637392
0.290438,0.637079
0.290416,0.636765
0.290394,0.636452
0.290372,0.636138
0.290349,0.635825
0.290327,0.635511
0.290304,0.635198
0.290282,0.634884
0.290259,0.634571
0.290236,0.634257
0.290213,0.633944
0.290190,0.633630
0.290167,0.633317
0.290144,0.633004
0.290120,0.632690
0.290097,0.632377
0.290073,0.632063
0.290050,0.631750
0.290026,0.631437
0.290002,0.631123
0.289978,0.630810
0.289954,0.630496
0.289930,0.630183
0.289906,0.629870
0.289882,0.629556
0.289857,0.629243
0.289833,0.628930
0.289808,0.628616
0.289783,0.628303
0.289759,0.627990
0.289734,0.627676
0.289709,0.627363
0.289684,0.627050
0.289658,0.626737
0.289633,0.626423
0.289608,0.626110
0.289582,0.625797
0.289556,0.625484
0.289531,0.625170
0.289505,0.624857
0.289479,0.624544
0.289453,0.624231
0.289427,0.623918
0.289401,0.623604
0.289374,0.623291
0.289348,0.622978
0.289322,0.622665
0.289295,0.622352
0.289268,0.622038
0.289242,0.621725
0.289215,0.621412
0.289188,0.621099
0.289161,0.620786
0.289133,0.620473
0.289106,0.620160
0.289079,0.619847
0.289051,0.619534
0.289024,0.619221
0.288996,0.618907
0.288968,0.618594
0.288940,0.618281
0.288912,0.617968
0.288884,0.617655
0.288856,0.617342
0.288828,0.617029
0.288800,0.616716
0.288771,0.616403
0.288743,0.616090
0.288714,0.615777
0.288685,0.615464
0.288656,0.615151
0.288627,0.614838
0.288598,0.614525
0.288569,0.614213
0.288540,0.613900
0.288511,0.613587
0.288481,0.613274
0.288452,0.612961
0.288422,0.612648
0.288392,0.612335
0.288362,0.612022
0.288332,0.611709
0.288302,0.611397
0.288272,0.611084
0.288242,0.610771
0.288212,0.610458
0.288181,0.610145
0.288151,0.609833
0.288120,0.609520
0.288089,0.609207
0.288059,0.608894
0.288028,0.608581
0.287997,0.608269
0.287966,0.607956
0.287934,0.607643
0.287903,0.607330
0.287872,0.607018
0.287840,0.606705
0.287809,0.606392
0.287777,0.606080
0.287745,0.605767
0.287713,0.605454
0.287681,0.605142
0.287649,0.604829
0.287617,0.604516
0.287585,0.604204
0.287552,0.603891
0.287520,0.603579
0.287487,0.603266
0.287454,0.602953
0.287422,0.602641
0.287389,0.602328
0.287356,0.602016
0.287323,0.601703
0.287290,0.601391
0.287256,0.601078
0.287223,0.600766
0.287189,0.600453
0.287156,0.600141
0.287122,0.599828
0.287088,0.599516
0.287055,0.599203
0.287021,0.598891
0.286987,0.598578
0.286952,0.598266
0.286918,0.597954
0.286884,0.597641
0.286849,0.597329
0.286815,0.597016
0.286780,0.596704
0.286745,0.596392
0.286711,0.596079
0.286676,0.595767
0.286641,0.595455
0.286605,0.595142
0.286570,0.594830
0.286535,0.594518
0.286499,0.594205
0.286464,0.593893
0.286428,0.593581
0.286393,0.593269
0.286357,0.592956
0.286321,0.592644
0.286285,0.592332
0.286249,0.592020
0.286212,0.591708
0.286176,0.591395
0.286140,0.591083
0.286103,0.590771
0.286067,0.590459
0.286030,0.590147
0.285993,0.589835
0.285956,0.589523
0.285919,0.589210
0.285882,0.588898
0.285845,0.588586
0.285808,0.588274
0.285770,0.587962
0.285733,0.587650
0.285695,0.587338
0.285657,0.587026
0.285620,0.586714
0.285582,0.586402
0.285544,0.586090
0.285506,0.585778
0.285467,0.585466
0.285429,0.585154
0.285391,0.584842
0.285352,0.584530
0.285314,0.584218
0.285275,0.583907
0.285236,0.583595
0.285197,0.583283
0.285158,0.582971
0.285119,0.582659
0.285080,0.582347
0.285041,0.582035
0.285002,0.581724
0.284962,0.581412
0.284923,0.581100
0.284883,0.580788
0.284843,0.580477
0.284803,0.580165
0.284763,0.579853
0.284723,0.579541
0.284683,0.579230
0.284643,0.578918
0.284603,0.578606
0.284562,0.578295
0.284522,0.577983
0.284481,0.577671
0.284440,0.577360
0.284400,0.577048
0.284359,0.576736
0.284318,0.576425
0.284276,0.576113
0.284235,0.575802
0.284194,0.575490
0.284152,0.575179
0.284111,0.574867
0.284069,0.574555
0.284028,0.574244
0.283986,0.573932
0.283944,0.573621
0.283902,0.573310
0.283860,0.572998
0.283818,0.572687
0.283775,0.572375
0.283733,0.572064
0.283690,0.571752
0.283648,0.571441
0.283605,0.571130
0.283562,0.570818
0.283520,0.570507
0.283477,0.570196
0.283433,0.569884
0.283390,0.569573
0.283347,0.569262
0.283304,0.568950
0.283260,0.568639
0.283217,0.568328
0.283173,0.568017
0.283129,0.567705
0.283085,0.567394
0.283041,0.567083
0.282997,0.566772
0.282953,0.566461
0.282909,0.566150
0.282865,0.565838
0.282820,0.565527
0.282776,0.565216
0.282731,0.564905
0.282686,0.564594
0.282641,0.564283
0.282596,0.563972
0.282551,0.563661
0.282506,0.563350
0.282461,0.563039
0.282416,0.562728
0.282370,0.562417
0.282325,0.562106
0.282279,0.561795
0.282233,0.561484
0.282188,0.561173
0.282142,0.560862
0.282096,0.560551
0.282050,0.560240
0.282003,0.559929
0.281957,0.559619
0.281911,0.559308
0.281864,0.558997
0.281818,0.558686
0.281771,0.558375
0.281724,0.558065
0.281677,0.557754
0.281630,0.557443
0.281583,0.557132
0.281536,0.556822
0.281489,0.556511
0.281441,0.556200
0.281394,0.555889
0.281346,0.555579
0.281299,0.555268
0.281251,0.554958
0.281203,0.554647
0.281155,0.554336
0.281107,0.554026
0.281059,0.553715
0.281010,0.553405
0.280962,0.553094
0.280914,0.552783
0.280865,0.552473
0.280816,0.552162
0.280768,0.551852
0.280719,0.551542
0.280670,0.551231
0.280621,0.550921
0.280572,0.550610
0.280522,0.550300
0.280473,0.549989
0.280424,0.549679
0.280374,0.549369
0.280325,0.549058
0.280275,0.548748
0.280225,0.548438
0.280175,0.548127
0.280125,0.547817
0.280075,0.547507
0.280025,0.547197
0.279974,0.546886
0.279924,0.546576
0.279874,0.546266
0.279823,0.545956
0.279772,0.545646
0.279721,0.545335
0.279671,0.545025
0.279620,0.544715
0.279569,0.544405
0.279517,0.544095
0.279466,0.543785
0.279415,0.543475
0.279363,0.543165
0.279312,0.542855
0.279260,0.542545
0.279208,0.542235
0.279156,0.541925
0.279104,0.541615
0.279052,0.541305
0.279000,0.540995
0.278948,0.540685
0.278896,0.540375
0.278843,0.540065
0.278791,0.539755
0.278738,0.539446
0.278685,0.539136
0.278632,0.538826
0.278579,0.538516
0.278526,0.538206
0.278473,0.537897
0.278420,0.537587
0.278367,0.537277
0.278313,0.536967
0.278260,0.536658
0.278206,0.536348
0.278152,0.536038
0.278099,0.535729
0.278045,0.535419
0.277991,0.535110
0.277937,0.534800
0.277882,0.534490
0.277828,0.534181
0.277774,0.533871
0.277719,0.533562
0.277665,0.533252
0.277610,0.532943
0.277555,0.532633
0.277500,0.532324
0.277445,0.532014
0.277390,0.531705
0.277335,0.531396
0.277280,0.531086
0.277224,0.530777
0.277169,0.530467
0.277113,0.530158
0.277058,0.529849
0.277002,0.529540
0.276946,0.529230
0.276890,0.528921
0.276834,0.528612
0.276778,0.528303
0.276722,0.527993
0.276665,0.527684
0.276609,0.527375
0.276552,0.527066
0.276496,0.526757
0.276439,0.526448
0.276382,0.526138
0.276325,0.525829
0.276268,0.525520
0.276211,0.525211
0.276154,0.524902
0.276097,0.524593
0.276039,0.524284
0.275982,0.523975
0.275924,0.523666
0.275866,0.523357
0.275809,0.523048
0.275751,0.522739
0.275693,0.522431
0.275635,0.522122
0.275576,0.521813
0.275518,0.521504
0.275460,0.521195
0.275401,0.520886
0.275343,0.520578
0.275284,0.520269
0.275225,0.519960
0.275166,0.519651
0.275107,0.519343
0.275048,0.519034
0.274989,0.518725
0.274930,0.518417
0.274871,0.518108
0.274811,0.517799
0.274752,0.517491
0.274692,0.517182
0.274632,0.516874
0.274572,0.516565
0.274512,0.516257
0.274452,0.515948
0.274392,0.515640
0.274332,0.515331
0.274272,0.515023
0.274211,0.514714
0.274151,0.514406
0.274090,0.514098
0.274029,0.513789
0.273969,0.513481
0.273908,0.513173
0.273847,0.512864
0.273786,0.512556
0.273724,0.512248
0.273663,0.511939
0.273602,0.511631
0.273540,0.511323
0.273479,0.511015
0.273417,0.510707
0.273355,0.510398
0.273293,0.510090
0.273231,0.509782
0.273169,0.509474
0.273107,0.509166
0.273045,0.508858
0.272983,0.508550
0.272920,0.508242
0.272858,0.507934
0.272795,0.507626
0.272732,0.507318
0.272669,0.507010
0.272606,0.506702
0.272543,0.506394
0.272480,0.506086
0.272417,0.505778
0.272354,0.505471
0.272290,0.505163
0.272227,0.504855
0.272163,0.504547
0.272099,0.504239
0.272036,0.503932
0.271972,0.503624
0.271908,0.503316
0.271844,0.503009
0.271779,0.502701
0.271715,0.502393
0.271651,0.502086
0.271586,0.501778
0.271522,0.501471
0.271457,0.501163
0.271392,0.500855
0.271327,0.500548
0.271262,0.500240
0.271197,0.499933
0.271132,0.499625
0.271067,0.499318
0.271002,0.499011
0.270936,0.498703
0.270871,0.498396
0.270805,0.498089
0.270739,0.497781
0.270673,0.497474
0.270607,0.497167
0.270541,0.496859
0.270475,0.496552
0.270409,0.496245
0.270343,0.495938
0.270276,0.495630
0.270210,0.495323
0.270143,0.495016
0.270077,0.494709
0.270010,0.494402
0.269943,0.494095
0.269876,0.493788
0.269809,0.493481
0.269742,0.493174
0.269674,0.492867
0.269607,0.492560
0.269539,0.492253
0.269472,0.491946
0.269404,0.491639
0.269336,0.491332
0.269269,0.491025
0.269201,0.490718
0.269133,0.490411
0.269064,0.490105
0.268996,0.489798
0.268928,0.489491
0.268859,0.489184
0.268791,0.488878
0.268722,0.488571
0.268653,0.488264
0.268585,0.487958
0.268516,0.487651
0.268447,0.487344
0.268378,0.487038
0.268308,0.486731
0.268239,0.486425
0.268170,0.486118
0.268100,0.485812
0.268031,0.485505
0.267961,0.485199
0.267891,0.484892
0.267821,0.484586
0.267751,0.484279
0.267681,0.483973
0.267611,0.483667
0.267541,0.483360
0.267470,0.483054
0.267400,0.482748
0.267329,0.482442
0.267259,0.482135
0.267188,0.481829
0.267117,0.481523
0.267046,0.481217
0.266975,0.480911
0.266904,0.480604
0.266833,0.480298
0.266761,0.479992
0.266690,0.479686
0.266618,0.479380
0.266547,0.479074
0.266475,0.478768
0.266403,0.478462
0.266331,0.478156
0.266259,0.477850
0.266187,0.477544
0.266115,0.477239
0.266043,0.476933
0.265970,0.476627
0.265898,0.476321
0.265825,0.476015
0.265753,0.475709
0.265680,0.475404
0.265607,0.475098
0.265534,0.474792
0.265461,0.474487
0.265388,0.474181
0.265314,0.473875
0.265241,0.473570
0.265168,0.473264
0.265094,0.472959
0.265021,0.472653
0.264947,0.472348
0.264873,0.472042
0.264799,0.471737
0.264725,0.471431
0.264651,0.471126
0.264577,0.470820
0.264502,0.470515
0.264428,0.470210
0.264353,0.469904
0.264279,0.469599
0.264204,0.469294
0.264129,0.468988
0.264054,0.468683
0.263979,0.468378
0.263904,0.468073
0.263829,0.467768
0.263754,0.467463
0.263679,0.467157
0.263603,0.466852
0.263528,0.466547
0.263452,0.466242
0.263376,0.465937
0.263300,0.465632
0.263224,0.465327
0.263148,0.465022
0.263072,0.464717
0.262996,0.464412
0.262920,0.464108
0.262843,0.463803
0.262767,0.463498
0.262690,0.463193
0.262613,0.462888
0.262537,0.462584
0.262460,0.462279
0.262383,0.461974
0.262306,0.461669
0.262228,0.461365
0.262151,0.461060
0.262074,0.460755
0.261996,0.460451
0.261919,0.460146
0.261841,0.459842
0.261763,0.459537
0.261686,0.459233
0.261608,0.458928
0.261530,0.458624
0.261451,0.458319
0.261373,0.458015
0.261295,0.457711
0.261216,0.457406
0.261138,0.457102
0.261059,0.456798
0.260981,0.456494
0.260902,0.456189
0.260823,0.455885
0.260744,0.455581
0.260665,0.455277
0.260585,0.454973
0.260506,0.454668
0.260427,0.454364
0.260347,0.454060
0.260268,0.453756
0.260188,0.453452
0.260108,0.453148
0.260028,0.452844
0.259948,0.452540
0.259868,0.452236
0.259788,0.451932
0.259708,0.451629
0.259628,0.451325
0.259547,0.451021
0.259467,0.450717
0.259386,0.450413
0.259305,0.450110
0.259225,0.449806
0.259144,0.449502
0.259063,0.449199
0.258982,0.448895
0.258900,0.448591
0.258819,0.448288
0.258738,0.447984
0.258656,0.447681
0.258575,0.447377
0.258493,0.447074
0.258411,0.446770
0.258329,0.446467
0.258247,0.446163
0.258165,0.445860
0.258083,0.445557
0.258001,0.445253
0.257919,0.444950
0.257836,0.444647
0.257754,0.444343
0.257671,0.444040
0.257588,0.443737
0.257505,0.443434
0.257422,0.443131
0.257339,0.442828
0.257256,0.442524
0.257173,0.442221
0.257090,0.441918
0.257006,0.441615
0.256923,0.441312
0.256839,0.441009
0.256756,0.440706
0.256672,0.440403
0.256588,0.440101
0.256504,0.439798
0.256420,0.439495
0.256336,0.439192
0.256252,0.438889
0.256167,0.438587
0.256083,0.438284
0.255998,0.437981
0.255914,0.437678
0.255829,0.437376
0.255744,0.437073
0.255659,0.436771
0.255574,0.436468
0.255489,0.436165
0.255404,0.435863
0.255319,0.435560
0.255233,0.435258
0.255148,0.434956
0.255062,0.434653
0.254976,0.434351
0.254891,0.434048
0.254805,0.433746
0.254719,0.433444
0.254633,0.433142
0.254547,0.432839
0.254460,0.432537
0.254374,0.432235
0.254288,0.431933
0.254201,0.431631
0.254114,0.431328
0.254028,0.431026
0.253941,0.430724
0.253854,0.430422
0.253767,0.430120
0.253680,0.429818
0.253593,0.429516
0.253505,0.429214
0.253418,0.428913
0.253331,0.428611
0.253243,0.428309
0.253155,0.428007
0.253068,0.427705
0.252980,0.427403
0.252892,0.427102
0.252804,0.426800
0.252716,0.426498
0.252627,0.426197
0.252539,0.425895
0.252451,0.425594
0.252362,0.425292
0.252273,0.424990
0.252185,0.424689
0.252096,0.424387
0.252007,0.424086
0.251918,0.423785
0.251829,0.423483
0.251740,0.423182
0.251650,0.422881
0.251561,0.422579
0.251472,0.422278
0.251382,0.421977
0.251292,0.421675
0.251203,0.421374
0.251113,0.421073
0.251023,0.420772
0.250933,0.420471
0.250843,0.420170
0.250752,0.419869
0.250662,0.419568
0.250572,0.419267
0.250481,0.418966
0.250391,0.418665
0.250300,0.418364
0.250209,0.418063
0.250118,0.417762
0.250027,0.417461
0.249936,0.417160
0.249845,0.416860
0.249754,0.416559
0.249662,0.416258
0.249571,0.415958
0.249479,0.415657
0.249388,0.415356
0.249296,0.415056
0.249204,0.414755
0.249112,0.414455
0.249020,0.414154
0.248928,0.413854
0.248836,0.413553
0.248744,0.413253
0.248651,0.412952
0.248559,0.412652
0.248466,0.412352
0.248373,0.412051
0.248281,0.411751
0.248188,0.411451
0.248095,0.411151
0.248002,0.410850
0.247909,0.410550
0.247815,0.410250
0.247722,0.409950
0.247628,0.409650
0.247535,0.409350
0.247441,0.409050
0.247348,0.408750
0.247254,0.408450
0.247160,0.408150
0.247066,0.407850
0.246972,0.407550
0.246878,0.407250
0.246783,0.406951
0.246689,0.406651
0.246594,0.406351
0.246500,0.406051
0.246405,0.405752
0.246310,0.405452
0.246216,0.405152
0.246121,0.404853
0.246026,0.404553
0.245930,0.404254
0.245835,0.403954
0.245740,0.403655
0.245644,0.403355
0.245549,0.403056
0.245453,0.402756
0.245358,0.402457
0.245262,0.402158
0.245166,0.401858
0.245070,0.401559
0.244974,0.401260
0.244878,0.400961
0.244781,0.400661
0.244685,0.400362
0.244589,0.400063
0.244492,0.399764
0.244395,0.399465
0.244299,0.399166
0.244202,0.398867
0.244105,0.398568
0.244008,0.398269
0.243911,0.397970
0.243814,0.397671
0.243716,0.397373
0.243619,0.397074
0.243522,0.396775
0.243424,0.396476
0.243326,0.396177
0.243228,0.395879
0.243131,0.395580
0.243033,0.395281
0.242935,0.394983
0.242836,0.394684
0.242738,0.394386
0.242640,0.394087
0.242541,0.393789
0.242443,0.393490
0.242344,0.393192
0.242246,0.392894
0.242147,0.392595
0.242048,0.392297
0.241949,0.391999
0.241850,0.391700
0.241751,0.391402
0.241651,0.391104
0.241552,0.390806
0.241453,0.390508
0.241353,0.390209
0.241253,0.389911
0.241154,0.389613
0.241054,0.389315
0.240954,0.389017
0.240854,0.388719
0.240754,0.388422
0.240654,0.388124
0.240553,0.387826
0.240453,0.387528
0.240352,0.387230
0.240252,0.386932
0.240151,0.386635
0.240050,0.386337
0.239950,0.386039
0.239849,0.385742
0.239748,0.385444
0.239646,0.385147
0.239545,0.384849
0.239444,0.384552
0.239342,0.384254
0.239241,0.383957
0.239139,0.383659
0.239038,0.383362
0.238936,0.383064
0.238834,0.382767
0.238732,0.382470
0.238630,0.382173
0.238528,0.381875
0.238425,0.381578
0.238323,0.381281
0.238221,0.380984
0.238118,0.380687
0.238015,0.380390
0.237913,0.380093
0.237810,0.379796
0.237707,0.379499
0.237604,0.379202
0.237501,0.378905
0.237398,0.378608
0.237294,0.378311
0.237191,0.378015
0.237088,0.377718
0.236984,0.377421
0.236880,0.377124
0.236777,0.376828
0.236673,0.376531
0.236569,0.376234
0.236465,0.375938
0.236361,0.375641
0.236256,0.375345
0.236152,0.375048
0.236048,0.374752
0.235943,0.374456
0.235839,0.374159
0.235734,0.373863
0.235629,0.373567
0.235524,0.373270
0.235419,0.372974
0.235314,0.372678
0.235209,0.372382
0.235104,0.372086
0.234998,0.371789
0.234893,0.371493
0.234787,0.371197
0.234682,0.370901
0.234576,0.370605
0.234470,0.370309
0.234364,0.370013
0.234258,0.369718
0.234152,0.369422
0.234046,0.369126
0.233940,0.368830
0.233834,0.368534
0.233727,0.368239
0.233621,0.367943
0.233514,0.367647
0.233407,0.367352
0.233300,0.367056
0.233193,0.366761
0.233086,0.366465
0.232979,0.366170
0.232872,0.365874
0.232765,0.365579
0.232657,0.365284
0.232550,0.364988
0.232442,0.364693
0.232335,0.364398
0.232227,0.364102
0.232119,0.363807
0.232011,0.363512
0.231903,0.363217
0.231795,0.362922
0.231687,0.362627
0.231579,0.362332
0.231470,0.362037
0.231362,0.361742
0.231253,0.361447
0.231144,0.361152
0.231036,0.360857
0.230927,0.360562
0.230818,0.360267
0.230709,0.359973
0.230600,0.359678
0.230490,0.359383
0.230381,0.359089
0.230272,0.358794
0.230162,0.358499
0.230052,0.358205
0.229943,0.357910
0.229833,0.357616
0.229723,0.357321
0.229613,0.357027
0.229503,0.356733
0.229393,0.356438
0.229283,0.356144
0.229172,0.355850
0.229062,0.355555
0.228951,0.355261
0.228841,0.354967
0.228730,0.354673
0.228619,0.354379
0.228508,0.354085
0.228397,0.353791
0.228286,0.353497
0.228175,0.353203
0.228064,0.352909
0.227952,0.352615
0.227841,0.352321
0.227729,0.352027
0.227618,0.351733
0.227506,0.351440
0.227394,0.351146
0.227282,0.350852
0.227170,0.350559
0.227058,0.350265
0.226946,0.349971
0.226834,0.349678
0.226721,0.349384
0.226609,0.349091
0.226496,0.348798
0.226384,0.348504
0.226271,0.348211
0.226158,0.347917
0.226045,0.347624
0.225932,0.347331
0.225819,0.347038
0.225706,0.346744
0.225592,0.346451
0.225479,0.346158
0.225365,0.345865
0.225252,0.345572
0.225138,0.345279
0.225024,0.344986
0.224911,0.344693
0.224797,0.344400
0.224683,0.344107
0.224568,0.343815
0.224454,0.343522
0.224340,0.343229
0.224226,0.342936
0.224111,0.342644
0.223996,0.342351
0.223882,0.342058
0.223767,0.341766
0.223652,0.341473
0.223537,0.341181
0.223422,0.340888
0.223307,0.340596
0.223192,0.340303
0.223076,0.340011
0.222961,0.339719
0.222845,0.339426
0.222730,0.339134
0.222614,0.338842
0.222498,0.338550
0.222382,0.338258
0.222267,0.337966
0.222150,0.337673
0.222034,0.337381
0.221918,0.337089
0.221802,0.336797
0.221685,0.336506
0.221569,0.336214
0.221452,0.335922
0.221335,0.335630
0.221219,0.335338
0.221102,0.335046
0.220985,0.334755
0.220868,0.334463
0.220751,0.334171
0.220633,0.333880
0.220516,0.333588
0.220399,0.333297
0.220281,0.333005
0.220163,0.332714
0.220046,0.332422
0.219928,0.332131
0.219810,0.331840
0.219692,0.331548
0.219574,0.331257
0.219456,0.330966
0.219337,0.330675
0.219219,0.330384
0.219101,0.330093
0.218982,0.329801
0.218864,0.329510
0.218745,0.329219
0.218626,0.328928
0.218507,0.328638
0.218388,0.328347
0.218269,0.328056
0.218150,0.327765
0.218031,0.327474
0.217911,0.327183
0.217792,0.326893
0.217672,0.326602
0.217553,0.326311
0.217433,0.326021
0.217313,0.325730
0.217193,0.325440
0.217073,0.325149
0.216953,0.324859
0.216833,0.324569
0.216713,0.324278
0.216592,0.323988
0.216472,0.323698
0.216351,0.323407
0.216231,0.323117
0.216110,0.322827
0.215989,0.322537
0.215868,0.322247
0.215747,0.321957
0.215626,0.321667
0.215505,0.321377
0.215384,0.321087
0.215262,0.320797
0.215141,0.320507
0.215019,0.320217
0.214898,0.319927
0.214776,0.319638
0.214654,0.319348
0.214532,0.319058
0.214410,0.318769
0.214288,0.318479
0.214166,0.318189
0.214044,0.317900
0.213921,0.317610
0.213799,0.317321
0.213676,0.317032
0.213554,0.316742
0.213431,0.316453
0.213308,0.316164
0.213185,0.315874
0.213062,0.315585
0.212939,0.315296
0.212816,0.315007
0.212693,0.314718
0.212569,0.314429
0.212446,0.314140
0.212322,0.313851
0.212199,0.313562
0.212075,0.313273
0.211951,0.312984
0.211827,0.312695
0.211703,0.312406
0.211579,0.312117
0.211455,0.311829
0.211330,0.311540
0.211206,0.311251
0.211082,0.310963
0.210957,0.310674
0.210832,0.310386
0.210708,0.310097
0.210583,0.309809
0.210458,0.309521
0.210333,0.309232
0.210208,0.308944
0.210083,0.308656
0.209957,0.308367
0.209832,0.308079
0.209707,0.307791
0.209581,0.307503
0.209455,0.307215
0.209330,0.306927
0.209204,0.306639
0.209078,0.306351
0.208952,0.306063
0.208826,0.305775
0.208700,0.305487
0.208573,0.305199
0.208447,0.304912
0.208321,0.304624
0.208194,0.304336
0.208068,0.304048
0.207941,0.303761
0.207814,0.303473
0.207687,0.303186
0.207560,0.302898
0.207433,0.302611
0.207306,0.302323
0.207179,0.302036
0.207051,0.301749
0.206924,0.301461
0.206796,0.301174
0.206669,0.300887
0.206541,0.300600
0.206413,0.300313
0.206285,0.300026
0.206157,0.299739
0.206029,0.299452
0.205901,0.299165
0.205773,0.298878
0.205644,0.298591
0.205516,0.298304
0.205387,0.298017
0.205259,0.297730
0.205130,0.297444
0.205001,0.297157
0.204872,0.296870
0.204743,0.296584
0.204614,0.296297
0.204485,0.296011
0.204356,0.295724
0.204227,0.295438
0.204097,0.295151
0.203968,0.294865
0.203838,0.294579
0.203708,0.294292
0.203579,0.294006
0.203449,0.293720
0.203319,0.293434
0.203189,0.293148
0.203059,0.292862
0.202928,0.292576
0.202798,0.292290
0.202668,0.292004
0.202537,0.291718
0.202406,0.291432
0.202276,0.291146
0.202145,0.290860
0.202014,0.290575
0.201883,0.290289
0.201752,0.290003
0.201621,0.289718
0.201490,0.289432
0.201358,0.289146
0.201227,0.288861
0.201096,0.288575
0.200964,0.288290
0.200832,0.288005
0.200701,0.287719
0.200569,0.287434
0.200437,0.287149
0.200305,0.286864
0.200173,0.286578
0.200040,0.286293
0.199908,0.286008
0.199776,0.285723
0.199643,0.285438
0.199511,0.285153
0.199378,0.284868
0.199245,0.284583
0.199112,0.284299
0.198980,0.284014
0.198846,0.283729
0.198713,0.283444
0.198580,0.283160
0.198447,0.282875
0.198314,0.282591
0.198180,0.282306
0.198047,0.282021
0.197913,0.281737
0.197779,0.281453
0.197645,0.281168
0.197511,0.280884
0.197377,0.280600
0.197243,0.280315
0.197109,0.280031
0.196975,0.279747
0.196841,0.279463
0.196706,0.279179
0.196572,0.278895
0.196437,0.278611
0.196302,0.278327
0.196167,0.278043
0.196032,0.277759
0.195898,0.277475
0.195762,0.277191
0.195627,0.276908
0.195492,0.276624
0.195357,0.276340
0.195221,0.276057
0.195086,0.275773
0.194950,0.275490
0.194814,0.275206
0.194679,0.274923
0.194543,0.274639
0.194407,0.274356
0.194271,0.274073
0.194135,0.273789
0.193998,0.273506
0.193862,0.273223
0.193726,0.272940
0.193589,0.272657
0.193453,0.272374
0.193316,0.272091
0.193179,0.271808
0.193042,0.271525
0.192905,0.271242
0.192768,0.270959
0.192631,0.270676
0.192494,0.270394
0.192357,0.270111
0.192219,0.269828
0.192082,0.269546
0.191944,0.269263
0.191807,0.268980
0.191669,0.268698
0.191531,0.268416
0.191393,0.268133
0.191255,0.267851
0.191117,0.267568
0.190979,0.267286
0.190841,0.267004
0.190702,0.266722
0.190564,0.266440
0.190425,0.266157
0.190287,0.265875
0.190148,0.265593
0.190009,0.265311
0.189870,0.265030
0.189731,0.264748
0.189592,0.264466
0.189453,0.264184
0.189314,0.263902
0.189174,0.263621
0.189035,0.263339
0.188895,0.263057
0.188756,0.262776
0.188616,0.262494
0.188476,0.262213
0.188337,0.261931
0.188197,0.261650
0.188057,0.261368
0.187916,0.261087
0.187776,0.260806
0.187636,0.260525
0.187495,0.260243
0.187355,0.259962
0.187214,0.259681
0.187074,0.259400
0.186933,0.259119
0.186792,0.258838
0.186651,0.258557
0.186510,0.258276
0.186369,0.257996
0.186228,0.257715
0.186087,0.257434
0.185945,0.257153
0.185804,0.256873
0.185662,0.256592
0.185521,0.256312
0.185379,0.256031
0.185237,0.255751
0.185095,0.255470
0.184953,0.255190
0.184811,0.254909
0.184669,0.254629
0.184527,0.254349
0.184384,0.254069
0.184242,0.253788
0.184099,0.253508
0.183957,0.253228
0.183814,0.252948
0.183671,0.252668
0.183528,0.252388
0.183386,0.252108
0.183242,0.251829
0.183099,0.251549
0.182956,0.251269
0.182813,0.250989
0.182669,0.250710
0.182526,0.250430
0.182382,0.250150
0.182239,0.249871
0.182095,0.249591
0.181951,0.249312
0.181807,0.249033
0.181663,0.248753
0.181519,0.248474
0.181375,0.248195
0.181231,0.247916
0.181086,0.247636
0.180942,0.247357
0.180797,0.247078
0.180653,0.246799
0.180508,0.246520
0.180363,0.246241
0.180218,0.245962
0.180073,0.245683
0.179928,0.245405
0.179783,0.245126
0.179638,0.244847
0.179493,0.244568
0.179347,0.244290
0.179202,0.244011
0.179056,0.243733
0.178910,0.243454
0.178765,0.243176
0.178619,0.242897
0.178473,0.242619
0.178327,0.242341
0.178181,0.242063
0.178034,0.241784
0.177888,0.241506
0.177742,0.241228
0.177595,0.240950
0.177449,0.240672
0.177302,0.240394
0.177155,0.240116
0.177009,0.239838
0.176862,0.239560
0.176715,0.239283
0.176568,0.239005
0.176420,0.238727
0.176273,0.238449
0.176126,0.238172
0.175978,0.237894
0.175831,0.237617
0.175683,0.237339
0.175536,0.237062
0.175388,0.236784
0.175240,0.236507
0.175092,0.236230
0.174944,0.235953
0.174796,0.235675
0.174648,0.235398
0.174499,0.235121
0.174351,0.234844
0.174203,0.234567
0.174054,0.234290
0.173905,0.234013
0.173757,0.233736
0.173608,0.233460
0.173459,0.233183
0.173310,0.232906
0.173161,0.232629
0.173012,0.232353
0.172862,0.232076
0.172713,0.231800
0.172564,0.231523
0.172414,0.231247
0.172265,0.230970
0.172115,0.230694
0.171965,0.230418
0.171815,0.230141
0.171665,0.229865
0.171515,0.229589
0.171365,0.229313
0.171215,0.229037
0.171065,0.228761
0.170914,0.228485
0.170764,0.228209
0.170613,0.227933
0.170463,0.227657
0.170312,0.227381
0.170161,0.227106
0.170010,0.226830
0.169859,0.226554
0.169708,0.226279
0.169557,0.226003
0.169406,0.225728
0.169254,0.225452
0.169103,0.225177
0.168951,0.224901
0.168800,0.224626
0.168648,0.224351
0.168496,0.224076
0.168345,0.223801
0.168193,0.223525
0.168041,0.223250
0.167889,0.222975
0.167736,0.222700
0.167584,0.222425
0.167432,0.222151
0.167279,0.221876
0.167127,0.221601
0.166974,0.221326
0.166821,0.221052
0.166668,0.220777
0.166516,0.220502
0.166363,0.220228
0.166210,0.219953
0.166056,0.219679
0.165903,0.219404
0.165750,0.219130
0.165596,0.218856
0.165443,0.218582
0.165289,0.218307
0.165136,0.218033
0.164982,0.217759
0.164828,0.217485
0.164674,0.217211
0.164520,0.216937
0.164366,0.216663
0.164212,0.216389
0.164058,0.216115
0.163903,0.215842
0.163749,0.215568
0.163594,0.215294
0.163440,0.215021
0.163285,0.214747
0.163130,0.214474
0.162975,0.214200
0.162820,0.213927
0.162665,0.213653
0.162510,0.213380
0.162355,0.213107
0.162200,0.212833
0.162044,0.212560
0.161889,0.212287
0.161733,0.212014
0.161578,0.211741
0.161422,0.211468
0.161266,0.211195
0.161110,0.210922
0.160954,0.210649
0.160798,0.210376
0.160642,0.210104
0.160486,0.209831
0.160329,0.209558
0.160173,0.209286
0.160017,0.209013
0.159860,0.208741
0.159703,0.208468
0.159547,0.208196
0.159390,0.207924
0.159233,0.207651
0.159076,0.207379
0.158919,0.207107
0.158761,0.206835
0.158604,0.206563
0.158447,0.206290
0.158289,0.206018
0.158132,0.205747
0.157974,0.205475
0.157817,0.205203
0.157659,0.204931
0.157501,0.204659
0.157343,0.204387
0.157185,0.204116
0.157027,0.203844
0.156869,0.203573
0.156710,0.203301
0.156552,0.203030
0.156393,0.202758
0.156235,0.202487
0.156076,0.202216
0.155917,0.201944
0.155759,0.201673
0.155600,0.201402
0.155441,0.201131
0.155282,0.200860
0.155123,0.200589
0.154963,0.200318
0.154804,0.200047
0.154645,0.199776
0.154485,0.199505
0.154326,0.199234
0.154166,0.198964
0.154006,0.198693
0.153846,0.198422
0.153686,0.198152
0.153526,0.197881
0.153366,0.197611
0.153206,0.197341
0.153046,0.197070
0.152886,0.196800
0.152725,0.196530
0.152565,0.196259
0.152404,0.195989
0.152243,0.195719
0.152083,0.195449
0.151922,0.195179
0.151761,0.194909
0.151600,0.194639
0.151439,0.194369
0.151278,0.194100
0.151116,0.193830
0.150955,0.193560
0.150793,0.193290
0.150632,0.193021
0.150470,0.192751
0.150309,0.192482
0.150147,0.192212
0.149985,0.191943
0.149823,0.191674
0.149661,0.191404
0.149499,0.191135
0.149337,0.190866
0.149174,0.190597
0.149012,0.190328
0.148850,0.190059
0.148687,0.189790
0.148524,0.189521
0.148362,0.189252
0.148199,0.188983
0.148036,0.188714
0.147873,0.188445
0.147710,0.188177
0.147547,0.187908
0.147384,0.187640
0.147220,0.187371
0.147057,0.187103
0.146893,0.186834
0.146730,0.186566
0.146566,0.186297
0.146403,0.186029
0.146239,0.185761
0.146075,0.185493
0.145911,0.185225
0.145747,0.184957
0.145583,0.184689
0.145418,0.184421
0.145254,0.184153
0.145090,0.183885
0.144925,0.183617
0.144761,0.183349
0.144596,0.183082
0.144431,0.182814
0.144266,0.182546
0.144102,0.182279
0.143937,0.182011
0.143771,0.181744
0.143606,0.181476
0.143441,0.181209
0.143276,0.180942
0.143110,0.180675
0.142945,0.180407
0.142779,0.180140
0.142614,0.179873
0.142448,0.179606
0.142282,0.179339
0.142116,0.179072
0.141950,0.178805
0.141784,0.178539
0.141618,0.178272
0.141452,0.178005
0.141285,0.177738
0.141119,0.177472
0.140952,0.177205
0.140786,0.176939
0.140619,0.176672
0.140452,0.176406
0.140286,0.176140
0.140119,0.175873
0.139952,0.175607
0.139785,0.175341
0.139617,0.175075
0.139450,0.174809
0.139283,0.174543
0.139115,0.174277
0.138948,0.174011
0.138780,0.173745
0.138613,0.173479
0.138445,0.173213
0.138277,0.172947
0.138109,0.172682
0.137941,0.172416
0.137773,0.172151
0.137605,0.171885
0.137437,0.171620
0.137268,0.171354
0.137100,0.171089
0.136931,0.170824
0.136763,0.170558
0.136594,0.170293
0.136425,0.170028
0.136257,0.169763
0.136088,0.169498
0.135919,0.169233
0.135750,0.168968
0.135580,0.168703
0.135411,0.168438
0.135242,0.168174
0.135072,0.167909
0.134903,0.167644
0.134733,0.167380
0.134564,0.167115
0.134394,0.166851
0.134224,0.166586
0.134054,0.166322
0.133884,0.166057
0.133714,0.165793
0.133544,0.165529
0.133374,0.165265
0.133203,0.165001
0.133033,0.164737
0.132862,0.164473
0.132692,0.164209
0.132521,0.163945
0.132350,0.163681
0.132179,0.163417
0.132009,0.163153
0.131838,0.162890
0.131666,0.162626
0.131495,0.162362
0.131324,0.162099
0.131153,0.161835
0.130981,0.161572
0.130810,0.161309
0.130638,0.161045
0.130467,0.160782
0.130295,0.160519
0.130123,0.160256
0.129951,0.159992
0.129779,0.159729
0.129607,0.159466
0.129435,0.159203
0.129263,0.158941
0.129090,0.158678
0.128918,0.158415
0.128745,0.158152
0.128573,0.157890
0.128400,0.157627
0.128227,0.157364
0.128055,0.157102
0.127882,0.156839
0.127709,0.156577
0.127536,0.156315
0.127363,0.156052
0.127189,0.155790
0.127016,0.155528
0.126843,0.155266
0.126669,0.155004
0.126496,0.154742
0.126322,0.154480
0.126148,0.154218
0.125974,0.153956
0.125801,0.153694
0.125627,0.153433
0.125453,0.153171
0.125278,0.152909
0.125104,0.152648
0.124930,0.152386
0.124755,0.152125
0.124581,0.151863
0.124406,0.151602
0.124232,0.151341
0.124057,0.151079
0.123882,0.150818
0.123707,0.150557
0.123533,0.150296
0.123357,0.150035
0.123182,0.149774
0.123007,0.149513
0.122832,0.149252
0.122657,0.148991
0.122481,0.148731
0.122306,0.148470
0.122130,0.148209
0.121954,0.147949
0.121778,0.147688
0.121603,0.147428
0.121427,0.147167
0.121251,0.146907
0.121075,0.146647
0.120898,0.146386
0.120722,0.146126
0.120546,0.145866
0.120369,0.145606
0.120193,0.145346
0.120016,0.145086
0.119840,0.144826
0.119663,0.144566
0.119486,0.144306
0.119309,0.144046
0.119132,0.143787
0.118955,0.143527
0.118778,0.143267
0.118600,0.143008
0.118423,0.142748
0.118246,0.142489
0.118068,0.142230
0.117891,0.141970
0.117713,0.141711
0.117535,0.141452
0.117357,0.141193
0.117180,0.140934
0.117002,0.140675
0.116824,0.140416
0.116645,0.140157
0.116467,0.139898
0.116289,0.139639
0.116110,0.139380
0.115932,0.139122
0.115753,0.138863
0.115575,0.138604
0.115396,0.138346
0.115217,0.138087
0.115038,0.137829
0.114859,0.137571
0.114680,0.137312
0.114501,0.137054
0.114322,0.136796
0.114143,0.136538
0.113963,0.136280
0.113784,0.136022
0.113605,0.135764
0.113425,0.135506
0.113245,0.135248
0.113065,0.134990
0.112886,0.134732
0.112706,0.134475
0.112526,0.134217
0.112346,0.133960
0.112165,0.133702
0.111985,0.133445
0.111805,0.133187
0.111624,0.132930
0.111444,0.132673
0.111263,0.132415
0.111083,0.132158
0.110902,0.131901
0.110721,0.131644
0.110540,0.131387
0.110359,0.131130
0.110178,0.130873
0.109997,0.130616
0.109816,0.130359
0.109635,0.130103
0.109453,0.129846
0.109272,0.129589
0.109090,0.129333
0.108909,0.129076
0.108727,0.128820
0.108545,0.128564
0.108363,0.128307
0.108181,0.128051
0.107999,0.127795
0.107817,0.127539
0.107635,0.127283
0.107453,0.127027
0.107270,0.126771
0.107088,0.126515
0.106905,0.126259
0.106723,0.126003
0.106540,0.125747
0.106357,0.125492
0.106174,0.125236
0.105992,0.124980
0.105809,0.124725
0.105625,0.124469
0.105442,0.124214
0.105259,0.123959
0.105076,0.123703
0.104892,0.123448
0.104709,0.123193
0.104525,0.122938
0.104342,0.122683
0.104158,0.122428
0.103974,0.122173
0.103790,0.121918
0.103606,0.121663
0.103422,0.121408
0.103238,0.121154
0.103054,0.120899
0.102870,0.120644
0.102685,0.120390
0.102501,0.120135
0.102316,0.119881
0.102132,0.119627
0.101947,0.119372
0.101762,0.119118
0.101578,0.118864
0.101393,0.118610
0.101208,0.118356
0.101023,0.118102
0.100837,0.117848
0.100652,0.117594
0.100467,0.117340
0.100281,0.117086
0.100096,0.116833
0.099910,0.116579
0.099725,0.116325
0.099539,0.116072
0.099353,0.115818
0.099167,0.115565
0.098981,0.115311
0.098795,0.115058
0.098609,0.114805
0.098423,0.114552
0.098237,0.114299
0.098051,0.114045
0.097864,0.113792
0.097678,0.113539
0.097491,0.113287
0.097304,0.113034
0.097118,0.112781
0.096931,0.112528
0.096744,0.112276
0.096557,0.112023
0.096370,0.111770
0.096183,0.111518
0.095995,0.111265
0.095808,0.111013
0.095621,0.110761
0.095433,0.110509
0.095246,0.110256
0.095058,0.110004
0.094870,0.109752
0.094683,0.109500
0.094495,0.109248
0.094307,0.108996
0.094119,0.108744
0.093931,0.108493
0.093743,0.108241
0.093554,0.107989
0.093366,0.107738
0.093178,0.107486
0.092989,0.107235
0.092800,0.106983
0.092612,0.106732
0.092423,0.106480
0.092234,0.106229
0.092045,0.105978
0.091856,0.105727
0.091667,0.105476
0.091478,0.105225
0.091289,0.104974
0.091100,0.104723
0.090910,0.104472
0.090721,0.104221
0.090531,0.103971
0.090342,0.103720
0.090152,0.103469
0.089962,0.103219
0.089773,0.102968
0.089583,0.102718
0.089393,0.102468
0.089203,0.102217
0.089013,0.101967
0.088822,0.101717
0.088632,0.101467
0.088442,0.101217
0.088251,0.100967
0.088061,0.100717
0.087870,0.100467
0.087679,0.100217
0.087489,0.099967
0.087298,0.099718
0.087107,0.099468
0.086916,0.099218
0.086725,0.098969
0.086533,0.098719
0.086342,0.098470
0.086151,0.098221
0.085959,0.097971
0.085768,0.097722
0.085576,0.097473
0.085385,0.097224
0.085193,0.096975
0.085001,0.096726
0.084809,0.096477
0.084617,0.096228
0.084425,0.095979
0.084233,0.095731
0.084041,0.095482
0.083849,0.095233
0.083657,0.094985
0.083464,0.094736
0.083272,0.094488
0.083079,0.094239
0.082886,0.093991
0.082694,0.093743
0.082501,0.093495
0.082308,0.093247
0.082115,0.092999
0.081922,0.092750
0.081729,0.092503
0.081536,0.092255
0.081342,0.092007
0.081149,0.091759
0.080956,0.091511
0.080762,0.091264
0.080568,0.091016
0.080375,0.090769
0.080181,0.090521
0.079987,0.090274
0.079793,0.090026
0.079599,0.089779
0.079405,0.089532
0.079211,0.089285
0.079017,0.089038
0.078823,0.088791
0.078628,0.088544
0.078434,0.088297
0.078239,0.088050
0.078045,0.087803
0.077850,0.087556
0.077655,0.087310
0.077460,0.087063
0.077266,0.086817
0.077071,0.086570
0.076876,0.086324
0.076680,0.086077
0.076485,0.085831
0.076290,0.085585
0.076094,0.085339
0.075899,0.085092
0.075704,0.084846
0.075508,0.084600
0.075312,0.084354
0.075116,0.084109
0.074921,0.083863
0.074725,0.083617
0.074529,0.083371
0.074333,0.083126
0.074136,0.082880
0.073940,0.082635
0.073744,0.082389
0.073548,0.082144
0.073351,0.081898
0.073155,0.081653
0.072958,0.081408
0.072761,0.081163
0.072565,0.080918
0.072368,0.080673
0.072171,0.080428
0.071974,0.080183
0.071777,0.079938
0.071580,0.079693
0.071382,0.079449
0.071185,0.079204
0.070988,0.078959
0.070790,0.078715
0.070593,0.078471
0.070395,0.078226
0.070197,0.077982
0.070000,0.077738
0.069802,0.077493
0.069604,0.077249
0.069406,0.077005
0.069208,0.076761
0.069010,0.076517
0.068811,0.076273
0.068613,0.076029
0.068415,0.075786
0.068216,0.075542
0.068018,0.075298
0.067819,0.075055
0.067620,0.074811
0.067422,0.074568
0.067223,0.074324
0.067024,0.074081
0.066825,0.073838
0.066626,0.073595
0.066427,0.073351
0.066228,0.073108
0.066028,0.072865
0.065829,0.072622
0.065629,0.072380
0.065430,0.072137
0.065230,0.071894
0.065031,0.071651
0.064831,0.071409
0.064631,0.071166
0.064431,0.070923
0.064231,0.070681
0.064031,0.070439
0.063831,0.070196
0.063631,0.069954
0.063431,0.069712
0.063230,0.069470
0.063030,0.069228
0.062829,0.068986
0.062629,0.068744
0.062428,0.068502
0.062227,0.068260
0.062026,0.068018
0.061825,0.067777
0.061625,0.067535
0.061423,0.067293
0.061222,0.067052
0.061021,0.066810
0.060820,0.066569
0.060619,0.066328
0.060417,0.066086
0.060216,0.065845
0.060014,0.065604
0.059812,0.065363
0.059611,0.065122
0.059409,0.064881
0.059207,0.064640
0.059005,0.064399
0.058803,0.064159
0.058601,0.063918
0.058399,0.063677
0.058196,0.063437
0.057994,0.063196
0.057792,0.062956
0.057589,0.062716
0.057387,0.062475
0.057184,0.062235
0.056981,0.061995
0.056778,0.061755
0.056576,0.061515
0.056373,0.061275
0.056170,0.061035
0.055967,0.060795
0.055763,0.060555
0.055560,0.060315
0.055357,0.060076
0.055153,0.059836
0.054950,0.059597
0.054746,0.059357
0.054543,0.059118
0.054339,0.058878
0.054135,0.058639
0.053932,0.058400
0.053728,0.058161
0.053524,0.057922
0.053320,0.057683
0.053115,0.057444
0.052911,0.057205
0.052707,0.056966
0.052503,0.056727
0.052298,0.056488
0.052094,0.056250
0.051889,0.056011
0.051684,0.055773
0.051480,0.055534
0.051275,0.055296
0.051070,0.055058
0.050865,0.054819
0.050660,0.054581
0.050455,0.054343
0.050250,0.054105
0.050044,0.053867
0.049839,0.053629
0.049634,0.053391
0.049428,0.053153
0.049223,0.052916
0.049017,0.052678
0.048811,0.052440
0.048605,0.052203
0.048400,0.051965
0.048194,0.051728
0.047988,0.051491
0.047781,0.051253
0.047575,0.051016
0.047369,0.050779
0.047163,0.050542
0.046956,0.050305
0.046750,0.050068
0.046543,0.049831
0.046337,0.049594
0.046130,0.049357
0.045923,0.049121
0.045716,0.048884
0.045510,0.048648
0.045303,0.048411
0.045096,0.048175
0.044888,0.047938
0.044681,0.047702
0.044474,0.047466
0.044267,0.047229
0.044059,0.046993
0.043852,0.046757
0.043644,0.046521
0.043436,0.046285
0.043229,0.046050
0.043021,0.045814
0.042813,0.045578
0.042605,0.045342
0.042397,0.045107
0.042189,0.044871
0.041981,0.044636
0.041773,0.044400
0.041564,0.044165
0.041356,0.043930
0.041147,0.043695
0.040939,0.043460
0.040730,0.043224
0.040522,0.042989
0.040313,0.042755
0.040104,0.042520
0.039895,0.042285
0.039686,0.042050
0.039477,0.041815
0.039268,0.041581
0.039059,0.041346
0.038849,0.041112
0.038640,0.040877
0.038431,0.040643
0.038221,0.040409
0.038012,0.040175
0.037802,0.039940
0.037592,0.039706
0.037382,0.039472
0.037173,0.039238
0.036963,0.039004
0.036753,0.038771
0.036543,0.038537
0.036332,0.038303
0.036122,0.038070
0.035912,0.037836
0.035701,0.037603
0.035491,0.037369
0.035280,0.037136
0.035070,0.036903
0.034859,0.036669
0.034648,0.036436
0.034438,0.036203
0.034227,0.035970
0.034016,0.035737
0.033805,0.035504
0.033594,0.035271
0.033382,0.035039
0.033171,0.034806
0.032960,0.034573
0.032748,0.034341
0.032537,0.034108
0.032325,0.033876
0.032114,0.033643
0.031902,0.033411
0.031690,0.033179
0.031479,0.032947
0.031267,0.032715
0.031055,0.032483
0.030843,0.032251
0.030630,0.032019
0.030418,0.031787
0.030206,0.031555
0.029994,0.031324
0.029781,0.031092
0.029569,0.030860
0.029356,0.030629
0.029143,0.030397
0.028931,0.030166
0.028718,0.029935
0.028505,0.029704
0.028292,0.029472
0.028079,0.029241
0.027866,0.029010
0.027653,0.028779
0.027440,0.028548
0.027226,0.028318
0.027013,0.028087
0.026800,0.027856
0.026586,0.027626
0.026372,0.027395
0.026159,0.027164
0.025945,0.026934
0.025731,0.026704
0.025517,0.026473
0.025303,0.026243
0.025089,0.026013
0.024875,0.025783
0.024661,0.025553
0.024447,0.025323
0.024233,0.025093
0.024018,0.024863
0.023804,0.024634
0.023589,0.024404
0.023375,0.024174
0.023160,0.023945
0.022945,0.023715
0.022730,0.023486
0.022516,0.023256
0.022301,0.023027
0.022086,0.022798
0.021870,0.022569
0.021655,0.022340
0.021440,0.022111
0.021225,0.021882
0.021009,0.021653
0.020794,0.021424
0.020578,0.021195
0.020363,0.020967
0.020147,0.020738
0.019931,0.020510
0.019715,0.020281
0.019500,0.020053
0.019284,0.019824
0.019068,0.019596
0.018851,0.019368
0.018635,0.019140
0.018419,0.018912
0.018203,0.018684
0.017986,0.018456
0.017770,0.018228
0.017553,0.018000
0.017337,0.017773
0.017120,0.017545
0.016903,0.017317
0.016686,0.017090
0.016470,0.016862
0.016253,0.016635
0.016035,0.016408
0.015818,0.016180
0.015601,0.015953
0.015384,0.015726
0.015167,0.015499
0.014949,0.015272
0.014732,0.015045
0.014514,0.014818
0.014297,0.014592
0.014079,0.014365
0.013861,0.014138
0.013643,0.013912
0.013425,0.013685
0.013207,0.013459
0.012989,0.013233
0.012771,0.013006
0.012553,0.012780
0.012335,0.012554
0.012117,0.012328
0.011898,0.012102
0.011680,0.011876
0.011461,0.011650
0.011243,0.011424
0.011024,0.011198
0.010805,0.010973
0.010586,0.010747
0.010367,0.010522
0.010148,0.010296
0.009929,0.010071
0.009710,0.009846
0.009491,0.009620
0.009272,0.009395
0.009053,0.009170
0.008833,0.008945
0.008614,0.008720
0.008394,0.008495
0.008175,0.008270
0.007955,0.008045
0.007735,0.007821
0.007515,0.007596
0.007296,0.007372
0.007076,0.007147
0.006856,0.006923
0.006635,0.006698
0.006415,0.006474
0.006195,0.006250
0.005975,0.006026
0.005754,0.005802
0.005534,0.005578
0.005313,0.005354
0.005093,0.005130
0.004872,0.004906
0.004651,0.004682
0.004431,0.004459
0.004210,0.004235
0.003989,0.004011
0.003768,0.003788
0.003547,0.003565
0.003326,0.003341
0.003104,0.003118
0.002883,0.002895
0.002662,0.002672
0.002440,0.002449
0.002219,0.002226
0.001997,0.002003
0.001776,0.001780
0.001554,0.001557
0.001332,0.001335
0.001110,0.001112
0.000888,0.000889
0.000666,0.000667
0.000444,0.000445
0.000222,0.000222
-0.000000,-0.000000
0.707107,0.707107
