0.000000,1.414214
0.000370,1.413843
0.000741,1.413472
0.001111,1.413101
0.001480,1.412730
0.001850,1.412359
0.002219,1.411987
0.002589,1.411615
0.002958,1.411243
0.003327,1.410871
0.003695,1.410499
0.004064,1.410126
0.004432,1.409754
0.004800,1.409381
0.005168,1.409008
0.005535,1.408634
0.005903,1.408261
0.006270,1.407887
0.006637,1.407513
0.007004,1.407139
0.007371,1.406765
0.007737,1.406391
0.008104,1.406016
0.008470,1.405641
0.008836,1.405266
0.009201,1.404891
0.009567,1.404516
0.009932,1.404140
0.010297,1.403764
0.010662,1.403388
0.011027,1.403012
0.011391,1.402636
0.011756,1.402259
0.012120,1.401882
0.012484,1.401505
0.012847,1.401128
0.013211,1.400751
0.013574,1.400374
0.013937,1.399996
0.014300,1.399618
0.014663,1.399240
0.015026,1.398862
0.015388,1.398483
0.015750,1.398105
0.016112,1.397726
0.016474,1.397347
0.016835,1.396967
0.017197,1.396588
0.017558,1.396208
0.017919,1.395829
0.018280,1.395449
0.018640,1.395069
0.019001,1.394688
0.019361,1.394308
0.019721,1.393927
0.020080,1.393546
0.020440,1.393165
0.020799,1.392784
0.021158,1.392402
0.021517,1.392020
0.021876,1.391639
0.022235,1.391257
0.022593,1.390874
0.022951,1.390492
0.023309,1.390109
0.023667,1.389727
0.024025,1.389344
0.024382,1.388960
0.024739,1.388577
0.025096,1.388193
0.025453,1.387810
0.025809,1.387426
0.026166,1.387042
0.026522,1.386657
0.026878,1.386273
0.027234,1.385888
0.027589,1.385503
0.027944,1.385118
0.028300,1.384733
0.028654,1.384348
0.029009,1.383962
0.029364,1.383576
0.029718,1.383190
0.030072,1.382804
0.030426,1.382418
0.030780,1.382031
0.031133,1.381645
0.031487,1.381258
0.031840,1.380871
0.032193,1.380483
0.032545,1.380096
0.032898,1.379708
0.033250,1.379321
0.033602,1.378933
0.033954,1.378544
0.034306,1.378156
0.034657,1.377767
0.035009,1.377379
0.035360,1.376990
0.035711,1.376601
0.036061,1.376211
0.036412,1.375822
0.036762,1.375432
0.037112,1.375042
0.037462,1.374652
0.037812,1.374262
0.038161,1.373872
0.038510,1.373481
0.038859,1.373091
0.039208,1.372700
0.039557,1.372308
0.039905,1.371917
0.040254,1.371526
0.040602,1.371134
0.040949,1.370742
0.041297,1.370350
0.041644,1.369958
0.041992,1.369565
0.042339,1.369173
0.042685,1.368780
0.043032,1.368387
0.043378,1.367994
0.043725,1.367601
0.044071,1.367207
0.044416,1.366814
0.044762,1.366420
0.045107,1.366026
0.045452,1.365632
0.045797,1.365237
0.046142,1.364843
0.046486,1.364448
0.046831,1.364053
0.047175,1.363658
0.047519,1.363262
0.047862,1.362867
0.048206,1.362471
0.048549,1.362076
0.048892,1.361679
0.049235,1.361283
0.049578,1.360887
0.049920,1.360490
0.050262,1.360094
0.050604,1.359697
0.050946,1.359300
0.051288,1.358902
0.051629,1.358505
0.051971,1.358107
0.052312,1.357709
0.052652,1.357311
0.052993,1.356913
0.053333,1.356515
0.053673,1.356116
0.054013,1.355718
0.054353,1.355319
0.054693,1.354920
0.055032,1.354521
0.055371,1.354121
0.055710,1.353722
0.056049,1.353322
0.056387,1.352922
0.056725,1.352522
0.057063,1.352121
0.057401,1.351721
0.057739,1.351320
0.058076,1.350920
0.058414,1.350519
0.058751,1.350117
0.059087,1.349716
0.059424,1.349314
0.059760,1.348913
0.060096,1.348511
0.060432,1.348109
0.060768,1.347707
0.061104,1.347304
0.061439,1.346902
0.061774,1.346499
0.062109,1.346096
0.062444,1.345693
0.062778,1.345289
0.063112,1.344886
0.063447,1.344482
0.063780,1.344079
0.064114,1.343675
0.064447,1.343270
0.064781,1.342866
0.065114,1.342461
0.065446,1.342057
0.065779,1.341652
0.066111,1.341247
0.066444,1.340842
0.066775,1.340436
0.067107,1.340031
0.067439,1.339625
0.067770,1.339219
0.068101,1.338813
0.068432,1.338407
0.068763,1.338000
0.069093,1.337594
0.069423,1.337187
0.069753,1.336780
0.070083,1.336373
0.070413,1.335966
0.070742,1.335558
0.071071,1.335150
0.071400,1.334743
0.071729,1.334335
0.072058,1.333927
0.072386,1.333518
0.072714,1.333110
0.073042,1.332701
0.073369,1.332292
0.073697,1.331883
0.074024,1.331474
0.074351,1.331065
0.074678,1.330655
0.075005,1.330245
0.075331,1.329836
0.075657,1.329425
0.075983,1.329015
0.076309,1.328605
0.076634,1.328194
0.076960,1.327784
0.077285,1.327373
0.077610,1.326962
0.077934,1.326550
0.078259,1.326139
0.078583,1.325727
0.078907,1.325316
0.079231,1.324904
0.079554,1.324492
0.079878,1.324079
0.080201,1.323667
0.080524,1.323254
0.080847,1.322842
0.081169,1.322429
0.081491,1.322016
0.081813,1.321602
0.082135,1.321189
0.082457,1.320775
0.082778,1.320362
0.083100,1.319948
0.083421,1.319533
0.083741,1.319119
0.084062,1.318705
0.084382,1.318290
0.084702,1.317875
0.085022,1.317460
0.085342,1.317045
0.085661,1.316630
0.085981,1.316215
0.086300,1.315799
0.086619,1.315383
0.086937,1.314967
0.087256,1.314551
0.087574,1.314135
0.087892,1.313718
0.088209,1.313302
0.088527,1.312885
0.088844,1.312468
0.089161,1.312051
0.089478,1.311634
0.089795,1.311216
0.090111,1.310798
0.090427,1.310381
0.090743,1.309963
0.091059,1.309545
0.091375,1.309126
0.091690,1.308708
0.092005,1.308289
0.092320,1.307871
0.092634,1.307452
0.092949,1.307032
0.093263,1.306613
0.093577,1.306194
0.093891,1.305774
0.094205,1.305354
0.094518,1.304934
0.094831,1.304514
0.095144,1.304094
0.095457,1.303674
0.095769,1.303253
0.096081,1.302832
0.096393,1.302411
0.096705,1.301990
0.097017,1.301569
0.097328,1.301148
0.097639,1.300726
0.097950,1.300304
0.098261,1.299883
0.098571,1.299461
0.098881,1.299038
0.099191,1.298616
0.099501,1.298193
0.099811,1.297771
0.100120,1.297348
0.100429,1.296925
0.100738,1.296502
0.101047,1.296078
0.101356,1.295655
0.101664,1.295231
0.101972,1.294807
0.102280,1.294383
0.102587,1.293959
0.102895,1.293535
0.103202,1.293110
0.103509,1.292686
0.103815,1.292261
0.104122,1.291836
0.104428,1.291411
0.104734,1.290985
0.105040,1.290560
0.105346,1.290134
0.105651,1.289709
0.105956,1.289283
0.106261,1.288857
0.106566,1.288430
0.106870,1.288004
0.107174,1.287577
0.107478,1.287151
0.107782,1.286724
0.108086,1.286297
0.108389,1.285870
0.108692,1.285442
0.108995,1.285015
0.109298,1.284587
0.109600,1.284159
0.109903,1.283731
0.110205,1.283303
0.110506,1.282875
0.110808,1.282446
0.111109,1.282018
0.111410,1.281589
0.111711,1.281160
0.112012,1.280731
0.112312,1.280302
0.112613,1.279872
0.112913,1.279443
0.113212,1.279013
0.113512,1.278583
0.113811,1.278153
0.114110,1.277723
0.114409,1.277292
0.114708,1.276862
0.115006,1.276431
0.115304,1.276000
0.115602,1.275569
0.115900,1.275138
0.116197,1.274707
0.116495,1.274276
0.116792,1.273844
0.117089,1.273412
0.117385,1.272980
0.117682,1.272548
0.117978,1.272116
0.118274,1.271684
0.118569,1.271251
0.118865,1.270818
0.119160,1.270386
0.119455,1.269953
0.119750,1.269519
0.120044,1.269086
0.120339,1.268653
0.120633,1.268219
0.120927,1.267785
0.121220,1.267351
0.121514,1.266917
0.121807,1.266483
0.122100,1.266049
0.122393,1.265614
0.122685,1.265179
0.122978,1.264745
0.123270,1.264310
0.123561,1.263874
0.123853,1.263439
0.124144,1.263004
0.124436,1.262568
0.124727,1.262132
0.125017,1.261696
0.125308,1.261260
0.125598,1.260824
0.125888,1.260388
0.126178,1.259951
0.126467,1.259515
0.126757,1.259078
0.127046,1.258641
0.127334,1.258204
0.127623,1.257766
0.127912,1.257329
0.128200,1.256891
0.128488,1.256454
0.128775,1.256016
0.129063,1.255578
0.129350,1.255140
0.129637,1.254701
0.129924,1.254263
0.130210,1.253824
0.130497,1.253385
0.130783,1.252946
0.131069,1.252507
0.131354,1.252068
0.131640,1.251629
0.131925,1.251189
0.132210,1.250749
0.132495,1.250310
0.132779,1.249870
0.133064,1.249429
0.133348,1.248989
0.133631,1.248549
0.133915,1.248108
0.134198,1.247667
0.134481,1.247227
0.134764,1.246786
0.135047,1.246344
0.135329,1.245903
0.135611,1.245462
0.135893,1.245020
0.136175,1.244578
0.136457,1.244136
0.136738,1.243694
0.137019,1.243252
0.137300,1.242810
0.137580,1.242367
0.137861,1.241925
0.138141,1.241482
0.138421,1.241039
0.138700,1.240596
0.138980,1.240153
0.139259,1.239709
0.139538,1.239266
0.139816,1.238822
0.140095,1.238378
0.140373,1.237934
0.140651,1.237490
0.140929,1.237046
0.141207,1.236601
0.141484,1.236157
0.141761,1.235712
0.142038,1.235267
0.142314,1.234822
0.142591,1.234377
0.142867,1.233932
0.143143,1.233487
0.143418,1.233041
0.143694,1.232595
0.143969,1.232149
0.144244,1.231703
0.144519,1.231257
0.144793,1.230811
0.145068,1.230365
0.145342,1.229918
0.145616,1.229471
0.145889,1.229024
0.146162,1.228577
0.146436,1.228130
0.146708,1.227683
0.146981,1.227236
0.147253,1.226788
0.147526,1.226340
0.147798,1.225892
0.148069,1.225444
0.148341,1.224996
0.148612,1.224548
0.148883,1.224100
0.149154,1.223651
0.149424,1.223202
0.149695,1.222754
0.149965,1.222305
0.150234,1.221855
0.150504,1.221406
0.150773,1.220957
0.151042,1.220507
0.151311,1.220057
0.151580,1.219608
0.151848,1.219158
0.152117,1.218708
0.152384,1.218257
0.152652,1.217807
0.152920,1.217356
0.153187,1.216906
0.153454,1.216455
0.153721,1.216004
0.153987,1.215553
0.154253,1.215102
0.154519,1.214650
0.154785,1.214199
0.155051,1.213747
0.155316,1.213295
0.155581,1.212843
0.155846,1.212391
0.156111,1.211939
0.156375,1.211487
0.156639,1.211034
0.156903,1.210582
0.157167,1.210129
0.157430,1.209676
0.157693,1.209223
0.157956,1.208770
0.158219,1.208316
0.158482,1.207863
0.158744,1.207409
0.159006,1.206956
0.159268,1.206502
0.159529,1.206048
0.159791,1.205594
0.160052,1.205139
0.160312,1.204685
0.160573,1.204230
0.160833,1.203776
0.161093,1.203321
0.161353,1.202866
0.161613,1.202411
0.161872,1.201955
0.162132,1.201500
0.162390,1.201045
0.162649,1.200589
0.162908,1.200133
0.163166,1.199677
0.163424,1.199221
0.163681,1.198765
0.163939,1.198309
0.164196,1.197852
0.164453,1.197396
0.164710,1.196939
0.164966,1.196482
0.165223,1.196025
0.165479,1.195568
0.165735,1.195111
0.165990,1.194653
0.166246,1.194196
0.166501,1.193738
0.166755,1.193280
0.167010,1.192822
0.167264,1.192364
0.167519,1.191906
0.167772,1.191448
0.168026,1.190989
0.168280,1.190531
0.168533,1.190072
0.168786,1.189613
0.169038,1.189154
0.169291,1.188695
0.169543,1.188236
0.169795,1.187777
0.170047,1.187317
0.170298,1.186857
0.170549,1.186398
0.170800,1.185938
0.171051,1.185478
0.171302,1.185017
0.171552,1.184557
0.171802,1.184097
0.172052,1.183636
0.172301,1.183175
0.172551,1.182715
0.172800,1.182254
0.173049,1.181793
0.173297,1.181331
0.173545,1.180870
0.173794,1.180408
0.174041,1.179947
0.174289,1.179485
0.174536,1.179023
0.174784,1.178561
0.175031,1.178099
0.175277,1.177637
0.175524,1.177175
0.175770,1.176712
0.176016,1.176249
0.176261,1.175787
0.176507,1.175324
0.176752,1.174861
0.176997,1.174397
0.177242,1.173934
0.177486,1.173471
0.177730,1.173007
0.177974,1.172544
0.178218,1.172080
0.178462,1.171616
0.178705,1.171152
0.178948,1.170688
0.179191,1.170223
0.179433,1.169759
0.179675,1.169294
0.179917,1.168830
0.180159,1.168365
0.180401,1.167900
0.180642,1.167435
0.180883,1.166970
0.181124,1.166504
0.181365,1.166039
0.181605,1.165573
0.181845,1.165107
0.182085,1.164642
0.182324,1.164176
0.182564,1.163710
0.182803,1.163243
0.183042,1.162777
0.183280,1.162311
0.183519,1.161844
0.183757,1.161377
0.183995,1.160911
0.184233,1.160444
0.184470,1.159977
0.184707,1.159509
0.184944,1.159042
0.185181,1.158575
0.185417,1.158107
0.185653,1.157639
0.185889,1.157171
0.186125,1.156703
0.186360,1.156235
0.186596,1.155767
0.186830,1.155299
0.187065,1.154830
0.187300,1.154362
0.187534,1.153893
0.187768,1.153424
0.188002,1.152955
0.188235,1.152486
0.188468,1.152017
0.188701,1.151548
0.188934,1.151079
0.189166,1.150609
0.189399,1.150139
0.189631,1.149670
0.189862,1.149200
0.190094,1.148730
0.190325,1.148259
0.190556,1.147789
0.190787,1.147319
0.191018,1.146848
0.191248,1.146378
0.191478,1.145907
0.191708,1.145436
0.191937,1.144965
0.192167,1.144494
0.192396,1.144023
0.192624,1.143551
0.192853,1.143080
0.193081,1.142608
0.193309,1.142137
0.193537,1.141665
0.193765,1.141193
0.193992,1.140721
0.194219,1.140249
0.194446,1.139776
0.194672,1.139304
0.194899,1.138831
0.195125,1.138359
0.195351,1.137886
0.195576,1.137413
0.195802,1.136940
0.196027,1.136467
0.196251,1.135994
0.196476,1.135520
0.196700,1.135047
0.196925,1.134573
0.197148,1.134099
0.197372,1.133625
0.197595,1.133152
0.197818,1.132677
0.198041,1.132203
0.198264,1.131729
0.198486,1.131255
0.198708,1.130780
0.198930,1.130305
0.199152,1.129831
0.199373,1.129356
0.199594,1.128881
0.199815,1.128406
0.200036,1.127930
0.200256,1.127455
0.200476,1.126979
0.200696,1.126504
0.200916,1.126028
0.201135,1.125552
0.201354,1.125076
0.201573,1.124600
0.201792,1.124124
0.202010,1.123648
0.202228,1.123172
0.202446,1.122695
0.202664,1.122218
0.202881,1.121742
0.203098,1.121265
0.203315,1.120788
0.203532,1.120311
0.203748,1.119834
0.203964,1.119356
0.204180,1.118879
0.204396,1.118401
0.204611,1.117924
0.204826,1.117446
0.205041,1.116968
0.205256,1.116490
0.205470,1.116012
0.205684,1.115534
0.205898,1.115056
0.206112,1.114577
0.206325,1.114099
0.206538,1.113620
0.206751,1.113141
0.206964,1.112662
0.207176,1.112183
0.207388,1.111704
0.207600,1.111225
0.207812,1.110746
0.208023,1.110266
0.208234,1.109787
0.208445,1.109307
0.208655,1.108827
0.208866,1.108348
0.209076,1.107868
0.209286,1.107388
0.209495,1.106907
0.209705,1.106427
0.209914,1.105947
0.210123,1.105466
0.210331,1.104985
0.210540,1.104505
0.210748,1.104024
0.210956,1.103543
0.211163,1.103062
0.211370,1.102581
0.211578,1.102099
0.211784,1.101618
0.211991,1.101136
0.212197,1.100655
0.212403,1.100173
0.212609,1.099691
0.212815,1.099209
0.213020,1.098727
0.213225,1.098245
0.213430,1.097763
0.213634,1.097281
0.213839,1.096798
0.214043,1.096315
0.214247,1.095833
0.214450,1.095350
0.214653,1.094867
0.214857,1.094384
0.215059,1.093901
0.215262,1.093418
0.215464,1.092934
0.215666,1.092451
0.215868,1.091967
0.216069,1.091484
0.216271,1.091000
0.216472,1.090516
0.216672,1.090032
0.216873,1.089548
0.217073,1.089064
0.217273,1.088580
0.217473,1.088095
0.217672,1.087611
0.217872,1.087126
0.218071,1.086642
0.218269,1.086157
0.218468,1.085672
0.218666,1.085187
0.218864,1.084702
0.219062,1.084217
0.219259,1.083731
0.219456,1.083246
0.219653,1.082760
0.219850,1.082275
0.220047,1.081789
0.220243,1.081303
0.220439,1.080817
0.220634,1.080331
0.220830,1.079845
0.221025,1.079359
0.221220,1.078872
0.221414,1.078386
0.221609,1.077899
0.221803,1.077413
0.221997,1.076926
0.222191,1.076439
0.222384,1.075952
0.222577,1.075465
0.222770,1.074978
0.222963,1.074491
0.223155,1.074003
0.223347,1.073516
0.223539,1.073028
0.223731,1.072541
0.223922,1.072053
0.224113,1.071565
0.224304,1.071077
0.224494,1.070589
0.224685,1.070101
0.224875,1.069613
0.225065,1.069124
0.225254,1.068636
0.225443,1.068147
0.225632,1.067659
0.225821,1.067170
0.226010,1.066681
0.226198,1.066192
0.226386,1.065703
0.226574,1.065214
0.226761,1.064725
0.226948,1.064235
0.227135,1.063746
0.227322,1.063256
0.227509,1.062767
0.227695,1.062277
0.227881,1.061787
0.228067,1.061297
0.228252,1.060807
0.228437,1.060317
0.228622,1.059827
0.228807,1.059336
0.228991,1.058846
0.229175,1.058355
0.229359,1.057865
0.229543,1.057374
0.229726,1.056883
0.229910,1.056392
0.230092,1.055901
0.230275,1.055410
0.230457,1.054919
0.230639,1.054428
0.230821,1.053937
0.231003,1.053445
0.231184,1.052953
0.231365,1.052462
0.231546,1.051970
0.231727,1.051478
0.231907,1.050986
0.232087,1.050494
0.232267,1.050002
0.232446,1.049510
0.232626,1.049018
0.232805,1.048525
0.232983,1.048033
0.233162,1.047540
0.233340,1.047047
0.233518,1.046554
0.233696,1.046062
0.233873,1.045569
0.234051,1.045076
0.234227,1.044582
0.234404,1.044089
0.234581,1.043596
0.234757,1.043102
0.234933,1.042609
0.235108,1.042115
0.235284,1.041621
0.235459,1.041128
0.235634,1.040634
0.235808,1.040140
0.235983,1.039646
0.236157,1.039151
0.236331,1.038657
0.236504,1.038163
0.236678,1.037668
0.236851,1.037174
0.237023,1.036679
0.237196,1.036185
0.237368,1.035690
0.237540,1.035195
0.237712,1.034700
0.237884,1.034205
0.238055,1.033710
0.238226,1.033214
0.238397,1.032719
0.238567,1.032224
0.238737,1.031728
0.238907,1.031232
0.239077,1.030737
0.239246,1.030241
0.239416,1.029745
0.239584,1.029249
0.239753,1.028753
0.239922,1.028257
0.240090,1.027761
0.240258,1.027264
0.240425,1.026768
0.240593,1.026271
0.240760,1.025775
0.240926,1.025278
0.241093,1.024781
0.241259,1.024284
0.241425,1.023788
0.241591,1.023290
0.241757,1.022793
0.241922,1.022296
0.242087,1.021799
0.242252,1.021302
0.242416,1.020804
0.242580,1.020307
0.242744,1.019809
0.242908,1.019311
0.243072,1.018813
0.243235,1.018315
0.243398,1.017818
0.243560,1.017319
0.243723,1.016821
0.243885,1.016323
0.244047,1.015825
0.244208,1.015326
0.244370,1.014828
0.244531,1.014329
0.244692,1.013831
0.244852,1.013332
0.245013,1.012833
0.245173,1.012334
0.245332,1.011835
0.245492,1.011336
0.245651,1.010837
0.245810,1.010338
0.245969,1.009838
0.246128,1.009339
0.246286,1.008840
0.246444,1.008340
0.246601,1.007840
0.246759,1.007341
0.246916,1.006841
0.247073,1.006341
0.247230,1.005841
0.247386,1.005341
0.247542,1.004841
0.247698,1.004340
0.247854,1.003840
0.248009,1.003340
0.248164,1.002839
0.248319,1.002339
0.248473,1.001838
0.248628,1.001337
0.248782,1.000837
0.248935,1.000336
0.249089,0.999835
0.249242,0.999334
0.249395,0.998833
0.249548,0.998331
0.249700,0.997830
0.249853,0.997329
0.250004,0.996827
0.250156,0.996326
0.250308,0.995824
0.250459,0.995323
0.250610,0.994821
0.250760,0.994319
0.250911,0.993817
0.251061,0.993315
0.251210,0.992813
0.251360,0.992311
0.251509,0.991809
0.251658,0.991306
0.251807,0.990804
0.251956,0.990301
0.252104,0.989799
0.252252,0.989296
0.252400,0.988794
0.252547,0.988291
0.252694,0.987788
0.252841,0.987285
0.252988,0.986782
0.253134,0.986279
0.253280,0.985776
0.253426,0.985273
0.253572,0.984769
0.253717,0.984266
0.253862,0.983762
0.254007,0.983259
0.254152,0.982755
0.254296,0.982252
0.254440,0.981748
0.254584,0.981244
0.254727,0.980740
0.254871,0.980236
0.255014,0.979732
0.255156,0.979228
0.255299,0.978724
0.255441,0.978219
0.255583,0.977715
0.255724,0.977211
0.255866,0.976706
0.256007,0.976202
0.256148,0.975697
0.256288,0.975192
0.256429,0.974687
0.256569,0.974182
0.256709,0.973678
0.256848,0.973172
0.256987,0.972667
0.257126,0.972162
0.257265,0.971657
0.257404,0.971152
0.257542,0.970646
0.257680,0.970141
0.257817,0.969635
0.257955,0.969130
0.258092,0.968624
0.258229,0.968118
0.258366,0.967612
0.258502,0.967107
0.258638,0.966601
0.258774,0.966095
0.258909,0.965588
0.259045,0.965082
0.259180,0.964576
0.259314,0.964070
0.259449,0.963563
0.259583,0.963057
0.259717,0.962550
0.259851,0.962044
0.259984,0.961537
0.260118,0.961030
0.260250,0.960523
0.260383,0.960017
0.260515,0.959510
0.260648,0.959003
0.260779,0.958496
0.260911,0.957988
0.261042,0.957481
0.261173,0.956974
0.261304,0.956466
0.261435,0.955959
0.261565,0.955452
0.261695,0.954944
0.261825,0.954436
0.261954,0.953929
0.262083,0.953421
0.262212,0.952913
0.262341,0.952405
0.262469,0.951897
0.262597,0.951389
0.262725,0.950881
0.262853,0.950373
0.262980,0.949865
0.263107,0.949356
0.263234,0.948848
0.263361,0.948339
0.263487,0.947831
0.263613,0.947322
0.263739,0.946814
0.263864,0.946305
0.263989,0.945796
0.264114,0.945287
0.264239,0.944779
0.264363,0.944270
0.264487,0.943761
0.264611,0.943251
0.264735,0.942742
0.264858,0.942233
0.264981,0.941724
0.265104,0.941214
0.265226,0.940705
0.265349,0.940195
0.265471,0.939686
0.265592,0.939176
0.265714,0.938667
0.265835,0.938157
0.265956,0.937647
0.266077,0.937137
0.266197,0.936627
0.266317,0.936117
0.266437,0.935607
0.266557,0.935097
0.266676,0.934587
0.266795,0.934077
0.266914,0.933566
0.267032,0.933056
0.267151,0.932546
0.267269,0.932035
0.267386,0.931525
0.267504,0.931014
0.267621,0.930503
0.267738,0.929993
0.267854,0.929482
0.267971,0.928971
0.268087,0.928460
0.268203,0.927949
0.268318,0.927438
0.268434,0.926927
0.268549,0.926416
0.268663,0.925904
0.268778,0.925393
0.268892,0.924882
0.269006,0.924370
0.269120,0.923859
0.269233,0.923347
0.269346,0.922836
0.269459,0.922324
0.269572,0.921813
0.269684,0.921301
0.269796,0.920789
0.269908,0.920277
0.270020,0.919765
0.270131,0.919253
0.270242,0.918741
0.270353,0.918229
0.270463,0.917717
0.270574,0.917205
0.270684,0.916692
0.270793,0.916180
0.270903,0.915668
0.271012,0.915155
0.271121,0.914643
0.271229,0.914130
0.271338,0.913617
0.271446,0.913105
0.271553,0.912592
0.271661,0.912079
0.271768,0.911566
0.271875,0.911053
0.271982,0.910540
0.272088,0.910027
0.272195,0.909514
0.272300,0.909001
0.272406,0.908488
0.272512,0.907975
0.272617,0.907462
0.272721,0.906948
0.272826,0.906435
0.272930,0.905921
0.273034,0.905408
0.273138,0.904894
0.273242,0.904381
0.273345,0.903867
0.273448,0.903353
0.273551,0.902839
0.273653,0.902326
0.273755,0.901812
0.273857,0.901298
0.273959,0.900784
0.274060,0.900270
0.274161,0.899756
0.274262,0.899241
0.274362,0.898727
0.274463,0.898213
0.274563,0.897699
0.274662,0.897184
0.274762,0.896670
0.274861,0.896155
0.274960,0.895641
0.275059,0.895126
0.275157,0.894612
0.275255,0.894097
0.275353,0.893582
0.275450,0.893067
0.275548,0.892553
0.275645,0.892038
0.275742,0.891523
0.275838,0.891008
0.275934,0.890493
0.276030,0.889978
0.276126,0.889463
0.276221,0.888947
0.276316,0.888432
0.276411,0.887917
0.276506,0.887401
0.276600,0.886886
0.276694,0.886371
0.276788,0.885855
0.276882,0.885340
0.276975,0.884824
0.277068,0.884308
0.277160,0.883793
0.277253,0.883277
0.277345,0.882761
0.277437,0.882245
0.277529,0.881730
0.277620,0.881214
0.277711,0.880698
0.277802,0.880182
0.277892,0.879666
0.277983,0.879149
0.278073,0.878633
0.278162,0.878117
0.278252,0.877601
0.278341,0.877085
0.278430,0.876568
0.278519,0.876052
0.278607,0.875535
0.278695,0.875019
0.278783,0.874502
0.278871,0.873986
0.278958,0.873469
0.279045,0.872952
0.279132,0.872436
0.279218,0.871919
0.279304,0.871402
0.279390,0.870885
0.279476,0.870368
0.279561,0.869851
0.279647,0.869334
0.279731,0.868817
0.279816,0.868300
0.279900,0.867783
0.279984,0.867266
0.280068,0.866749
0.280152,0.866232
0.280235,0.865714
0.280318,0.865197
0.280401,0.864680
0.280483,0.864162
0.280565,0.863645
0.280647,0.863127
0.280729,0.862610
0.280810,0.862092
0.280891,0.861574
0.280972,0.861057
0.281052,0.860539
0.281133,0.860021
0.281213,0.859503
0.281292,0.858986
0.281372,0.858468
0.281451,0.857950
0.281530,0.857432
0.281608,0.856914
0.281687,0.856396
0.281765,0.855878
0.281843,0.855360
0.281920,0.854841
0.281998,0.854323
0.282075,0.853805
0.282151,0.853287
0.282228,0.852768
0.282304,0.852250
0.282380,0.851731
0.282455,0.851213
0.282531,0.850694
0.282606,0.850176
0.282681,0.849657
0.282755,0.849139
0.282830,0.848620
0.282904,0.848101
0.282977,0.847583
0.283051,0.847064
0.283124,0.846545
0.283197,0.846026
0.283270,0.845507
0.283342,0.844988
0.283414,0.844469
0.283486,0.843950
0.283557,0.843431
0.283629,0.842912
0.283700,0.842393
0.283770,0.841874
0.283841,0.841355
0.283911,0.840836
0.283981,0.840316
0.284051,0.839797
0.284120,0.839278
0.284189,0.838758
0.284258,0.838239
0.284327,0.837720
0.284395,0.837200
0.284463,0.836681
0.284531,0.836161
0.284598,0.835641
0.284665,0.835122
0.284732,0.834602
0.284799,0.834082
0.284865,0.833563
0.284932,0.833043
0.284997,0.832523
0.285063,0.832003
0.285128,0.831483
0.285193,0.830964
0.285258,0.830444
0.285323,0.829924
0.285387,0.829404
0.285451,0.828884
0.285514,0.828364
0.285578,0.827844
0.285641,0.827323
0.285704,0.826803
0.285766,0.826283
0.285829,0.825763
0.285891,0.825243
0.285952,0.824722
0.286014,0.824202
0.286075,0.823682
0.286136,0.823161
0.286197,0.822641
0.286257,0.822120
0.286317,0.821600
0.286377,0.821079
0.286437,0.820559
0.286496,0.820038
0.286555,0.819518
0.286614,0.818997
0.286672,0.818476
0.286731,0.817956
0.286788,0.817435
0.286846,0.816914
0.286904,0.816393
0.286961,0.815872
0.287017,0.815352
0.287074,0.814831
0.287130,0.814310
0.287186,0.813789
0.287242,0.813268
0.287298,0.812747
0.287353,0.812226
0.287408,0.811705
0.287462,0.811184
0.287517,0.810663
0.287571,0.810141
0.287625,0.809620
0.287678,0.809099
0.287732,0.808578
0.287785,0.808057
0.287838,0.807535
0.287890,0.807014
0.287942,0.806493
0.287994,0.805971
0.288046,0.805450
0.288097,0.804928
0.288148,0.804407
0.288199,0.803885
0.288250,0.803364
0.288300,0.802842
0.288350,0.802321
0.288400,0.801799
0.288449,0.801278
0.288498,0.800756
0.288547,0.800234
0.288596,0.799713
0.288644,0.799191
0.288693,0.798669
0.288740,0.798148
0.288788,0.797626
0.288835,0.797104
0.288882,0.796582
0.288929,0.796060
0.288975,0.795538
0.289022,0.795016
0.289068,0.794495
0.289113,0.793973
0.289159,0.793451
0.289204,0.792929
0.289249,0.792407
0.289293,0.791884
0.289337,0.791362
0.289381,0.790840
0.289425,0.790318
0.289469,0.789796
0.289512,0.789274
0.289555,0.788752
0.289597,0.788229
0.289640,0.787707
0.289682,0.787185
0.289724,0.786663
0.289765,0.786140
0.289806,0.785618
0.289847,0.785096
0.289888,0.784573
0.289929,0.784051
0.289969,0.783529
0.290009,0.783006
0.290048,0.782484
0.290088,0.781961
0.290127,0.781439
0.290166,0.780916
0.290204,0.780394
0.290242,0.779871
0.290280,0.779349
0.290318,0.778826
0.290356,0.778303
0.290393,0.777781
0.290430,0.777258
0.290466,0.776735
0.290503,0.776213
0.290539,0.775690
0.290574,0.775167
0.290610,0.774645
0.290645,0.774122
0.290680,0.773599
0.290715,0.773076
0.290749,0.772553
0.290783,0.772031
0.290817,0.771508
0.290851,0.770985
0.290884,0.770462
0.290917,0.769939
0.290950,0.769416
0.290983,0.768893
0.291015,0.768370
0.291047,0.767847
0.291078,0.767324
0.291110,0.766801
0.291141,0.766278
0.291172,0.765755
0.291203,0.765232
0.291233,0.764709
0.291263,0.764186
0.291293,0.763663
0.291322,0.763140
0.291351,0.762617
0.291380,0.762094
0.291409,0.761570
0.291437,0.761047
0.291465,0.760524
0.291493,0.760001
0.291521,0.759478
0.291548,0.758954
0.291575,0.758431
0.291602,0.757908
0.291628,0.757385
0.291655,0.756861
0.291681,0.756338
0.291706,0.755815
0.291732,0.755291
0.291757,0.754768
0.291782,0.754245
0.291806,0.753721
0.291830,0.753198
0.291854,0.752674
0.291878,0.752151
0.291902,0.751628
0.291925,0.751104
0.291948,0.750581
0.291970,0.750057
0.291993,0.749534
0.292015,0.749010
0.292037,0.748487
0.292058,0.747963
0.292080,0.747440
0.292101,0.746916
0.292121,0.746393
0.292142,0.745869
0.292162,0.745346
0.292182,0.744822
0.292201,0.744299
0.292221,0.743775
0.292240,0.743251
0.292259,0.742728
0.292277,0.742204
0.292295,0.741680
0.292313,0.741157
0.292331,0.740633
0.292348,0.740110
0.292366,0.739586
0.292383,0.739062
0.292399,0.738538
0.292415,0.738015
0.292432,0.737491
0.292447,0.736967
0.292463,0.736444
0.292478,0.735920
0.292493,0.735396
0.292508,0.734872
0.292522,0.734349
0.292536,0.733825
0.292550,0.733301
0.292564,0.732777
0.292577,0.732254
0.292590,0.731730
0.292603,0.731206
0.292615,0.730682
0.292627,0.730158
0.292639,0.729635
0.292651,0.729111
0.292662,0.728587
0.292674,0.728063
0.292684,0.727539
0.292695,0.727015
0.292705,0.726492
0.292715,0.725968
0.292725,0.725444
0.292735,0.724920
0.292744,0.724396
0.292753,0.723872
0.292761,0.723348
0.292770,0.722825
0.292778,0.722301
0.292786,0.721777
0.292793,0.721253
0.292800,0.720729
0.292807,0.720205
0.292814,0.719681
0.292821,0.719157
0.292827,0.718633
0.292833,0.718109
0.292838,0.717586
0.292844,0.717062
0.292849,0.716538
0.292854,0.716014
0.292858,0.715490
0.292862,0.714966
0.292866,0.714442
0.292870,0.713918
0.292873,0.713394
0.292877,0.712870
0.292879,0.712346
0.292882,0.711822
0.292884,0.711298
0.292886,0.710774
0.292888,0.710250
0.292890,0.709727
0.292891,0.709203
0.292892,0.708679
0.292893,0.708155
0.292893,0.707631
0.292893,0.707107
0.292893,0.706583
0.292893,0.706059
0.292892,0.705535
0.292891,0.705011
0.292890,0.704487
0.292888,0.703963
0.292886,0.703439
0.292884,0.702915
0.292882,0.702391
0.292879,0.701867
0.292877,0.701343
0.292873,0.700819
0.292870,0.700296
0.292866,0.699772
0.292862,0.699248
0.292858,0.698724
0.292854,0.698200
0.292849,0.697676
0.292844,0.697152
0.292838,0.696628
0.292833,0.696104
0.292827,0.695580
0.292821,0.695056
0.292814,0.694532
0.292807,0.694008
0.292800,0.693485
0.292793,0.692961
0.292786,0.692437
0.292778,0.691913
0.292770,0.691389
0.292761,0.690865
0.292753,0.690341
0.292744,0.689817
0.292735,0.689293
0.292725,0.688770
0.292715,0.688246
0.292705,0.687722
0.292695,0.687198
0.292684,0.686674
0.292674,0.686150
0.292662,0.685627
0.292651,0.685103
0.292639,0.684579
0.292627,0.684055
0.292615,0.683531
0.292603,0.683008
0.292590,0.682484
0.292577,0.681960
0.292564,0.681436
0.292550,0.680912
0.292536,0.680389
0.292522,0.679865
0.292508,0.679341
0.292493,0.678817
0.292478,0.678294
0.292463,0.677770
0.292447,0.677246
0.292432,0.676722
0.292415,0.676199
0.292399,0.675675
0.292383,0.675151
0.292366,0.674628
0.292348,0.674104
0.292331,0.673580
0.292313,0.673057
0.292295,0.672533
0.292277,0.672009
0.292259,0.671486
0.292240,0.670962
0.292221,0.670439
0.292201,0.669915
0.292182,0.669391
0.292162,0.668868
0.292142,0.668344
0.292121,0.667821
0.292101,0.667297
0.292080,0.666774
0.292058,0.666250
0.292037,0.665727
0.292015,0.665203
0.291993,0.664680
0.291970,0.664156
0.291948,0.663633
0.291925,0.663109
0.291902,0.662586
0.291878,0.662062
0.291854,0.661539
0.291830,0.661016
0.291806,0.660492
0.291782,0.659969
0.291757,0.659446
0.291732,0.658922
0.291706,0.658399
0.291681,0.657876
0.291655,0.657352
0.291628,0.656829
0.291602,0.656306
0.291575,0.655782
0.291548,0.655259
0.291521,0.654736
0.291493,0.654213
0.291465,0.653690
0.291437,0.653166
0.291409,0.652643
0.291380,0.652120
0.291351,0.651597
0.291322,0.651074
0.291293,0.650551
0.291263,0.650027
0.291233,0.649504
0.291203,0.648981
0.291172,0.648458
0.291141,0.647935
0.291110,0.647412
0.291078,0.646889
0.291047,0.646366
0.291015,0.645843
0.290983,0.645320
0.290950,0.644797
0.290917,0.644274
0.290884,0.643752
0.290851,0.643229
0.290817,0.642706
0.290783,0.642183
0.290749,0.641660
0.290715,0.641137
0.290680,0.640614
0.290645,0.640092
0.290610,0.639569
0.290574,0.639046
0.290539,0.638523
0.290503,0.638001
0.290466,0.637478
0.290430,0.636955
0.290393,0.636433
0.290356,0.635910
0.290318,0.635388
0.290280,0.634865
0.290242,0.634342
0.290204,0.633820
0.290166,0.633297
0.290127,0.632775
0.290088,0.632252
0.290048,0.631730
0.290009,0.631207
0.289969,0.630685
0.289929,0.630163
0.289888,0.629640
0.289847,0.629118
0.289806,0.628595
0.289765,0.628073
0.289724,0.627551
0.289682,0.627029
0.289640,0.626506
0.289597,0.625984
0.289555,0.625462
0.289512,0.624940
0.289469,0.624418
0.289425,0.623895
0.289381,0.623373
0.289337,0.622851
0.289293,0.622329
0.289249,0.621807
0.289204,0.621285
0.289159,0.620763
0.289113,0.620241
0.289068,0.619719
0.289022,0.619197
0.288975,0.618675
0.288929,0.618153
0.288882,0.617631
0.288835,0.617110
0.288788,0.616588
0.288740,0.616066
0.288693,0.615544
0.288644,0.615023
0.288596,0.614501
0.288547,0.613979
0.288498,0.613458
0.288449,0.612936
0.288400,0.612414
0.288350,0.611893
0.288300,0.611371
0.288250,0.610850
0.288199,0.610328
0.288148,0.609807
0.288097,0.609285
0.288046,0.608764
0.287994,0.608242
0.287942,0.607721
0.287890,0.607200
0.287838,0.606678
0.287785,0.606157
0.287732,0.605636
0.287678,0.605115
0.287625,0.604593
0.287571,0.604072
0.287517,0.603551
0.287462,0.603030
0.287408,0.602509
0.287353,0.601988
0.287298,0.601467
0.287242,0.600946
0.287186,0.600425
0.287130,0.599904
0.287074,0.599383
0.287017,0.598862
0.286961,0.598341
0.286904,0.597820
0.286846,0.597300
0.286788,0.596779
0.286731,0.596258
0.286672,0.595737
0.286614,0.595217
0.286555,0.594696
0.286496,0.594175
0.286437,0.593655
0.286377,0.593134
0.286317,0.592614
0.286257,0.592093
0.286197,0.591573
0.286136,0.591052
0.286075,0.590532
0.286014,0.590012
0.285952,0.589491
0.285891,0.588971
0.285829,0.588451
0.285766,0.587931
0.285704,0.587410
0.285641,0.586890
0.285578,0.586370
0.285514,0.585850
0.285451,0.585330
0.285387,0.584810
0.285323,0.584290
0.285258,0.583770
0.285193,0.583250
0.285128,0.582730
0.285063,0.582210
0.284997,0.581690
0.284932,0.581171
0.284865,0.580651
0.284799,0.580131
0.284732,0.579611
0.284665,0.579092
0.284598,0.578572
0.284531,0.578053
0.284463,0.577533
0.284395,0.577013
0.284327,0.576494
0.284258,0.575975
0.284189,0.575455
0.284120,0.574936
0.284051,0.574416
0.283981,0.573897
0.283911,0.573378
0.283841,0.572859
0.283770,0.572339
0.283700,0.571820
0.283629,0.571301
0.283557,0.570782
0.283486,0.570263
0.283414,0.569744
0.283342,0.569225
0.283270,0.568706
0.283197,0.568187
0.283124,0.567668
0.283051,0.567150
0.282977,0.566631
0.282904,0.566112
0.282830,0.565593
0.282755,0.565075
0.282681,0.564556
0.282606,0.564038
0.282531,0.563519
0.282455,0.563001
0.282380,0.562482
0.282304,0.561964
0.282228,0.561445
0.282151,0.560927
0.282075,0.560409
0.281998,0.559890
0.281920,0.559372
0.281843,0.558854
0.281765,0.558336
0.281687,0.557818
0.281608,0.557300
0.281530,0.556782
0.281451,0.556264
0.281372,0.555746
0.281292,0.555228
0.281213,0.554710
0.281133,0.554192
0.281052,0.553675
0.280972,0.553157
0.280891,0.552639
0.280810,0.552121
0.280729,0.551604
0.280647,0.551086
0.280565,0.550569
0.280483,0.550051
0.280401,0.549534
0.280318,0.549017
0.280235,0.548499
0.280152,0.547982
0.280068,0.547465
0.279984,0.546947
0.279900,0.546430
0.279816,0.545913
0.279731,0.545396
0.279647,0.544879
0.279561,0.544362
0.279476,0.543845
0.279390,0.543328
0.279304,0.542811
0.279218,0.542295
0.279132,0.541778
0.279045,0.541261
0.278958,0.540744
0.278871,0.540228
0.278783,0.539711
0.278695,0.539195
0.278607,0.538678
0.278519,0.538162
0.278430,0.537645
0.278341,0.537129
0.278252,0.536613
0.278162,0.536096
0.278073,0.535580
0.277983,0.535064
0.277892,0.534548
0.277802,0.534032
0.277711,0.533516
0.277620,0.533000
0.277529,0.532484
0.277437,0.531968
0.277345,0.531452
0.277253,0.530937
0.277160,0.530421
0.277068,0.529905
0.276975,0.529390
0.276882,0.528874
0.276788,0.528358
0.276694,0.527843
0.276600,0.527327
0.276506,0.526812
0.276411,0.526297
0.276316,0.525781
0.276221,0.525266
0.276126,0.524751
0.276030,0.524236
0.275934,0.523721
0.275838,0.523206
0.275742,0.522691
0.275645,0.522176
0.275548,0.521661
0.275450,0.521146
0.275353,0.520631
0.275255,0.520117
0.275157,0.519602
0.275059,0.519087
0.274960,0.518573
0.274861,0.518058
0.274762,0.517544
0.274662,0.517029
0.274563,0.516515
0.274463,0.516001
0.274362,0.515486
0.274262,0.514972
0.274161,0.514458
0.274060,0.513944
0.273959,0.513430
0.273857,0.512916
0.273755,0.512402
0.273653,0.511888
0.273551,0.511374
0.273448,0.510860
0.273345,0.510347
0.273242,0.509833
0.273138,0.509319
0.273034,0.508806
0.272930,0.508292
0.272826,0.507779
0.272721,0.507265
0.272617,0.506752
0.272512,0.506239
0.272406,0.505725
0.272300,0.505212
0.272195,0.504699
0.272088,0.504186
0.271982,0.503673
0.271875,0.503160
0.271768,0.502647
0.271661,0.502134
0.271553,0.501622
0.271446,0.501109
0.271338,0.500596
0.271229,0.500084
0.271121,0.499571
0.271012,0.499058
0.270903,0.498546
0.270793,0.498034
0.270684,0.497521
0.270574,0.497009
0.270463,0.496497
0.270353,0.495985
0.270242,0.495472
0.270131,0.494960
0.270020,0.494448
0.269908,0.493936
0.269796,0.493425
0.269684,0.492913
0.269572,0.492401
0.269459,0.491889
0.269346,0.491378
0.269233,0.490866
0.269120,0.490355
0.269006,0.489843
0.268892,0.489332
0.268778,0.488820
0.268663,0.488309
0.268549,0.487798
0.268434,0.487287
0.268318,0.486776
0.268203,0.486265
0.268087,0.485754
0.267971,0.485243
0.267854,0.484732
0.267738,0.484221
0.267621,0.483710
0.267504,0.483200
0.267386,0.482689
0.267269,0.482178
0.267151,0.481668
0.267032,0.481157
0.266914,0.480647
0.266795,0.480137
0.266676,0.479627
0.266557,0.479116
0.266437,0.478606
0.266317,0.478096
0.266197,0.477586
0.266077,0.477076
0.265956,0.476566
0.265835,0.476057
0.265714,0.475547
0.265592,0.475037
0.265471,0.474528
0.265349,0.474018
0.265226,0.473509
0.265104,0.472999
0.264981,0.472490
0.264858,0.471981
0.264735,0.471471
0.264611,0.470962
0.264487,0.470453
0.264363,0.469944
0.264239,0.469435
0.264114,0.468926
0.263989,0.468417
0.263864,0.467909
0.263739,0.467400
0.263613,0.466891
0.263487,0.466383
0.263361,0.465874
0.263234,0.465366
0.263107,0.464857
0.262980,0.464349
0.262853,0.463841
0.262725,0.463333
0.262597,0.462824
0.262469,0.462316
0.262341,0.461808
0.262212,0.461301
0.262083,0.460793
0.261954,0.460285
0.261825,0.459777
0.261695,0.459270
0.261565,0.458762
0.261435,0.458255
0.261304,0.457747
0.261173,0.457240
0.261042,0.456732
0.260911,0.456225
0.260779,0.455718
0.260648,0.455211
0.260515,0.454704
0.260383,0.454197
0.260250,0.453690
0.260118,0.453183
0.259984,0.452677
0.259851,0.452170
0.259717,0.451663
0.259583,0.451157
0.259449,0.450650
0.259314,0.450144
0.259180,0.449638
0.259045,0.449131
0.258909,0.448625
0.258774,0.448119
0.258638,0.447613
0.258502,0.447107
0.258366,0.446601
0.258229,0.446095
0.258092,0.445590
0.257955,0.445084
0.257817,0.444578
0.257680,0.444073
0.257542,0.443567
0.257404,0.443062
0.257265,0.442557
0.257126,0.442051
0.256987,0.441546
0.256848,0.441041
0.256709,0.440536
0.256569,0.440031
0.256429,0.439526
0.256288,0.439021
0.256148,0.438517
0.256007,0.438012
0.255866,0.437507
0.255724,0.437003
0.255583,0.436498
0.255441,0.435994
0.255299,0.435490
0.255156,0.434986
0.255014,0.434481
0.254871,0.433977
0.254727,0.433473
0.254584,0.432970
0.254440,0.432466
0.254296,0.431962
0.254152,0.431458
0.254007,0.430955
0.253862,0.430451
0.253717,0.429948
0.253572,0.429444
0.253426,0.428941
0.253280,0.428438
0.253134,0.427935
0.252988,0.427431
0.252841,0.426928
0.252694,0.426426
0.252547,0.425923
0.252400,0.425420
0.252252,0.424917
0.252104,0.424415
0.251956,0.423912
0.251807,0.423410
0.251658,0.422907
0.251509,0.422405
0.251360,0.421903
0.251210,0.421401
0.251061,0.420898
0.250911,0.420397
0.250760,0.419895
0.250610,0.419393
0.250459,0.418891
0.250308,0.418389
0.250156,0.417888
0.250004,0.417386
0.249853,0.416885
0.249700,0.416383
0.249548,0.415882
0.249395,0.415381
0.249242,0.414880
0.249089,0.414379
0.248935,0.413878
0.248782,0.413377
0.248628,0.412876
0.248473,0.412375
0.248319,0.411875
0.248164,0.411374
0.248009,0.410874
0.247854,0.410373
0.247698,0.409873
0.247542,0.409373
0.247386,0.408873
0.247230,0.408373
0.247073,0.407873
0.246916,0.407373
0.246759,0.406873
0.246601,0.406373
0.246444,0.405874
0.246286,0.405374
0.246128,0.404875
0.245969,0.404375
0.245810,0.403876
0.245651,0.403377
0.245492,0.402877
0.245332,0.402378
0.245173,0.401879
0.245013,0.401380
0.244852,0.400882
0.244692,0.400383
0.244531,0.399884
0.244370,0.399386
0.244208,0.398887
0.244047,0.398389
0.243885,0.397890
0.243723,0.397392
0.243560,0.396894
0.243398,0.396396
0.243235,0.395898
0.243072,0.395400
0.242908,0.394902
0.242744,0.394405
0.242580,0.393907
0.242416,0.393409
0.242252,0.392912
0.242087,0.392415
0.241922,0.391917
0.241757,0.391420
0.241591,0.390923
0.241425,0.390426
0.241259,0.389929
0.241093,0.389432
0.240926,0.388935
0.240760,0.388439
0.240593,0.387942
0.240425,0.387446
0.240258,0.386949
0.240090,0.386453
0.239922,0.385957
0.239753,0.385461
0.239584,0.384965
0.239416,0.384469
0.239246,0.383973
0.239077,0.383477
0.238907,0.382981
0.238737,0.382486
0.238567,0.381990
0.238397,0.381495
0.238226,0.380999
0.238055,0.380504
0.237884,0.380009
0.237712,0.379514
0.237540,0.379019
0.237368,0.378524
0.237196,0.378029
0.237023,0.377534
0.236851,0.377040
0.236678,0.376545
0.236504,0.376051
0.236331,0.375556
0.236157,0.375062
0.235983,0.374568
0.235808,0.374074
0.235634,0.373580
0.235459,0.373086
0.235284,0.372592
0.235108,0.372098
0.234933,0.371605
0.234757,0.371111
0.234581,0.370618
0.234404,0.370124
0.234227,0.369631
0.234051,0.369138
0.233873,0.368645
0.233696,0.368152
0.233518,0.367659
0.233340,0.367166
0.233162,0.366674
0.232983,0.366181
0.232805,0.365688
0.232626,0.365196
0.232446,0.364704
0.232267,0.364211
0.232087,0.363719
0.231907,0.363227
0.231727,0.362735
0.231546,0.362244
0.231365,0.361752
0.231184,0.361260
0.231003,0.360769
0.230821,0.360277
0.230639,0.359786
0.230457,0.359294
0.230275,0.358803
0.230092,0.358312
0.229910,0.357821
0.229726,0.357330
0.229543,0.356839
0.229359,0.356349
0.229175,0.355858
0.228991,0.355368
0.228807,0.354877
0.228622,0.354387
0.228437,0.353897
0.228252,0.353406
0.228067,0.352916
0.227881,0.352427
0.227695,0.351937
0.227509,0.351447
0.227322,0.350957
0.227135,0.350468
0.226948,0.349978
0.226761,0.349489
0.226574,0.349000
0.226386,0.348511
0.226198,0.348022
0.226010,0.347533
0.225821,0.347044
0.225632,0.346555
0.225443,0.346066
0.225254,0.345578
0.225065,0.345089
0.224875,0.344601
0.224685,0.344113
0.224494,0.343625
0.224304,0.343136
0.224113,0.342648
0.223922,0.342161
0.223731,0.341673
0.223539,0.341185
0.223347,0.340698
0.223155,0.340210
0.222963,0.339723
0.222770,0.339236
0.222577,0.338748
0.222384,0.338261
0.222191,0.337774
0.221997,0.337288
0.221803,0.336801
0.221609,0.336314
0.221414,0.335828
0.221220,0.335341
0.221025,0.334855
0.220830,0.334369
0.220634,0.333882
0.220439,0.333396
0.220243,0.332910
0.220047,0.332425
0.219850,0.331939
0.219653,0.331453
0.219456,0.330968
0.219259,0.330482
0.219062,0.329997
0.218864,0.329512
0.218666,0.329027
0.218468,0.328542
0.218269,0.328057
0.218071,0.327572
0.217872,0.327087
0.217672,0.326603
0.217473,0.326118
0.217273,0.325634
0.217073,0.325150
0.216873,0.324665
0.216672,0.324181
0.216472,0.323697
0.216271,0.323214
0.216069,0.322730
0.215868,0.322246
0.215666,0.321763
0.215464,0.321279
0.215262,0.320796
0.215059,0.320313
0.214857,0.319829
0.214653,0.319346
0.214450,0.318864
0.214247,0.318381
0.214043,0.317898
0.213839,0.317416
0.213634,0.316933
0.213430,0.316451
0.213225,0.315968
0.213020,0.315486
0.212815,0.315004
0.212609,0.314522
0.212403,0.314040
0.212197,0.313559
0.211991,0.313077
0.211784,0.312596
0.211578,0.312114
0.211370,0.311633
0.211163,0.311152
0.210956,0.310671
0.210748,0.310190
0.210540,0.309709
0.210331,0.309228
0.210123,0.308747
0.209914,0.308267
0.209705,0.307787
0.209495,0.307306
0.209286,0.306826
0.209076,0.306346
0.208866,0.305866
0.208655,0.305386
0.208445,0.304906
0.208234,0.304427
0.208023,0.303947
0.207812,0.303468
0.207600,0.302988
0.207388,0.302509
0.207176,0.302030
0.206964,0.301551
0.206751,0.301072
0.206538,0.300594
0.206325,0.300115
0.206112,0.299636
0.205898,0.299158
0.205684,0.298680
0.205470,0.298201
0.205256,0.297723
0.205041,0.297245
0.204826,0.296767
0.204611,0.296290
0.204396,0.295812
0.204180,0.295335
0.203964,0.294857
0.203748,0.294380
0.203532,0.293903
0.203315,0.293426
0.203098,0.292949
0.202881,0.292472
0.202664,0.291995
0.202446,0.291518
0.202228,0.291042
0.202010,0.290566
0.201792,0.290089
0.201573,0.289613
0.201354,0.289137
0.201135,0.288661
0.200916,0.288185
0.200696,0.287710
0.200476,0.287234
0.200256,0.286759
0.200036,0.286283
0.199815,0.285808
0.199594,0.285333
0.199373,0.284858
0.199152,0.284383
0.198930,0.283908
0.198708,0.283434
0.198486,0.282959
0.198264,0.282485
0.198041,0.282010
0.197818,0.281536
0.197595,0.281062
0.197372,0.280588
0.197148,0.280114
0.196925,0.279640
0.196700,0.279167
0.196476,0.278693
0.196251,0.278220
0.196027,0.277747
0.195802,0.277274
0.195576,0.276801
0.195351,0.276328
0.195125,0.275855
0.194899,0.275382
0.194672,0.274910
0.194446,0.274437
0.194219,0.273965
0.193992,0.273493
0.193765,0.273021
0.193537,0.272549
0.193309,0.272077
0.193081,0.271605
0.192853,0.271134
0.192624,0.270662
0.192396,0.270191
0.192167,0.269720
0.191937,0.269248
0.191708,0.268777
0.191478,0.268307
0.191248,0.267836
0.191018,0.267365
0.190787,0.266895
0.190556,0.266424
0.190325,0.265954
0.190094,0.265484
0.189862,0.265014
0.189631,0.264544
0.189399,0.264074
0.189166,0.263605
0.188934,0.263135
0.188701,0.262666
0.188468,0.262196
0.188235,0.261727
0.188002,0.261258
0.187768,0.260789
0.187534,0.260320
0.187300,0.259852
0.187065,0.259383
0.186830,0.258915
0.186596,0.258446
0.186360,0.257978
0.186125,0.257510
0.185889,0.257042
0.185653,0.256574
0.185417,0.256107
0.185181,0.255639
0.184944,0.255172
0.184707,0.254704
0.184470,0.254237
0.184233,0.253770
0.183995,0.253303
0.183757,0.252836
0.183519,0.252369
0.183280,0.251903
0.183042,0.251436
0.182803,0.250970
0.182564,0.250504
0.182324,0.250038
0.182085,0.249572
0.181845,0.249106
0.181605,0.248640
0.181365,0.248175
0.181124,0.247709
0.180883,0.247244
0.180642,0.246779
0.180401,0.246314
0.180159,0.245849
0.179917,0.245384
0.179675,0.244919
0.179433,0.244455
0.179191,0.243990
0.178948,0.243526
0.178705,0.243062
0.178462,0.242598
0.178218,0.242134
0.177974,0.241670
0.177730,0.241206
0.177486,0.240743
0.177242,0.240279
0.176997,0.239816
0.176752,0.239353
0.176507,0.238890
0.176261,0.238427
0.176016,0.237964
0.175770,0.237502
0.175524,0.237039
0.175277,0.236577
0.175031,0.236114
0.174784,0.235652
0.174536,0.235190
0.174289,0.234728
0.174041,0.234267
0.173794,0.233805
0.173545,0.233344
0.173297,0.232882
0.173049,0.232421
0.172800,0.231960
0.172551,0.231499
0.172301,0.231038
0.172052,0.230577
0.171802,0.230117
0.171552,0.229656
0.171302,0.229196
0.171051,0.228736
0.170800,0.228276
0.170549,0.227816
0.170298,0.227356
0.170047,0.226897
0.169795,0.226437
0.169543,0.225978
0.169291,0.225518
0.169038,0.225059
0.168786,0.224600
0.168533,0.224141
0.168280,0.223683
0.168026,0.223224
0.167772,0.222766
0.167519,0.222307
0.167264,0.221849
0.167010,0.221391
0.166755,0.220933
0.166501,0.220475
0.166246,0.220018
0.165990,0.219560
0.165735,0.219103
0.165479,0.218646
0.165223,0.218188
0.164966,0.217731
0.164710,0.217275
0.164453,0.216818
0.164196,0.216361
0.163939,0.215905
0.163681,0.215449
0.163424,0.214992
0.163166,0.214536
0.162908,0.214080
0.162649,0.213625
0.162390,0.213169
0.162132,0.212713
0.161872,0.212258
0.161613,0.211803
0.161353,0.211348
0.161093,0.210893
0.160833,0.210438
0.160573,0.209983
0.160312,0.209529
0.160052,0.209074
0.159791,0.208620
0.159529,0.208166
0.159268,0.207712
0.159006,0.207258
0.158744,0.206804
0.158482,0.206351
0.158219,0.205897
0.157956,0.205444
0.157693,0.204991
0.157430,0.204538
0.157167,0.204085
0.156903,0.203632
0.156639,0.203179
0.156375,0.202727
0.156111,0.202275
0.155846,0.201822
0.155581,0.201370
0.155316,0.200918
0.155051,0.200467
0.154785,0.200015
0.154519,0.199563
0.154253,0.199112
0.153987,0.198661
0.153721,0.198210
0.153454,0.197759
0.153187,0.197308
0.152920,0.196857
0.152652,0.196407
0.152384,0.195956
0.152117,0.195506
0.151848,0.195056
0.151580,0.194606
0.151311,0.194156
0.151042,0.193706
0.150773,0.193257
0.150504,0.192807
0.150234,0.192358
0.149965,0.191909
0.149695,0.191460
0.149424,0.191011
0.149154,0.190562
0.148883,0.190114
0.148612,0.189665
0.148341,0.189217
0.148069,0.188769
0.147798,0.188321
0.147526,0.187873
0.147253,0.187426
0.146981,0.186978
0.146708,0.186531
0.146436,0.186083
0.146162,0.185636
0.145889,0.185189
0.145616,0.184742
0.145342,0.184296
0.145068,0.183849
0.144793,0.183403
0.144519,0.182956
0.144244,0.182510
0.143969,0.182064
0.143694,0.181618
0.143418,0.181173
0.143143,0.180727
0.142867,0.180282
0.142591,0.179836
0.142314,0.179391
0.142038,0.178946
0.141761,0.178501
0.141484,0.178057
0.141207,0.177612
0.140929,0.177168
0.140651,0.176724
0.140373,0.176279
0.140095,0.175835
0.139816,0.175392
0.139538,0.174948
0.139259,0.174504
0.138980,0.174061
0.138700,0.173618
0.138421,0.173175
0.138141,0.172732
0.137861,0.172289
0.137580,0.171846
0.137300,0.171404
0.137019,0.170962
0.136738,0.170519
0.136457,0.170077
0.136175,0.169635
0.135893,0.169194
0.135611,0.168752
0.135329,0.168310
0.135047,0.167869
0.134764,0.167428
0.134481,0.166987
0.134198,0.166546
0.133915,0.166105
0.133631,0.165665
0.133348,0.165224
0.133064,0.164784
0.132779,0.164344
0.132495,0.163904
0.132210,0.163464
0.131925,0.163024
0.131640,0.162585
0.131354,0.162146
0.131069,0.161706
0.130783,0.161267
0.130497,0.160828
0.130210,0.160390
0.129924,0.159951
0.129637,0.159512
0.129350,0.159074
0.129063,0.158636
0.128775,0.158198
0.128488,0.157760
0.128200,0.157322
0.127912,0.156885
0.127623,0.156447
0.127334,0.156010
0.127046,0.155573
0.126757,0.155136
0.126467,0.154699
0.126178,0.154262
0.125888,0.153826
0.125598,0.153389
0.125308,0.152953
0.125017,0.152517
0.124727,0.152081
0.124436,0.151645
0.124144,0.151210
0.123853,0.150774
0.123561,0.150339
0.123270,0.149904
0.122978,0.149469
0.122685,0.149034
0.122393,0.148599
0.122100,0.148165
0.121807,0.147730
0.121514,0.147296
0.121220,0.146862
0.120927,0.146428
0.120633,0.145994
0.120339,0.145561
0.120044,0.145127
0.119750,0.144694
0.119455,0.144261
0.119160,0.143828
0.118865,0.143395
0.118569,0.142962
0.118274,0.142530
0.117978,0.142098
0.117682,0.141665
0.117385,0.141233
0.117089,0.140801
0.116792,0.140370
0.116495,0.139938
0.116197,0.139506
0.115900,0.139075
0.115602,0.138644
0.115304,0.138213
0.115006,0.137782
0.114708,0.137352
0.114409,0.136921
0.114110,0.136491
0.113811,0.136061
0.113512,0.135631
0.113212,0.135201
0.112913,0.134771
0.112613,0.134341
0.112312,0.133912
0.112012,0.133483
0.111711,0.133054
0.111410,0.132625
0.111109,0.132196
0.110808,0.131767
0.110506,0.131339
0.110205,0.130910
0.109903,0.130482
0.109600,0.130054
0.109298,0.129626
0.108995,0.129199
0.108692,0.128771
0.108389,0.128344
0.108086,0.127917
0.107782,0.127490
0.107478,0.127063
0.107174,0.126636
0.106870,0.126210
0.106566,0.125783
0.106261,0.125357
0.105956,0.124931
0.105651,0.124505
0.105346,0.124079
0.105040,0.123654
0.104734,0.123228
0.104428,0.122803
0.104122,0.122378
0.103815,0.121953
0.103509,0.121528
0.103202,0.121103
0.102895,0.120679
0.102587,0.120254
0.102280,0.119830
0.101972,0.119406
0.101664,0.118982
0.101356,0.118559
0.101047,0.118135
0.100738,0.117712
0.100429,0.117289
0.100120,0.116866
0.099811,0.116443
0.099501,0.116020
0.099191,0.115598
0.098881,0.115175
0.098571,0.114753
0.098261,0.114331
0.097950,0.113909
0.097639,0.113487
0.097328,0.113066
0.097017,0.112644
0.096705,0.112223
0.096393,0.111802
0.096081,0.111381
0.095769,0.110960
0.095457,0.110540
0.095144,0.110119
0.094831,0.109699
0.094518,0.109279
0.094205,0.108859
0.093891,0.108439
0.093577,0.108020
0.093263,0.107600
0.092949,0.107181
0.092634,0.106762
0.092320,0.106343
0.092005,0.105924
0.091690,0.105506
0.091375,0.105087
0.091059,0.104669
0.090743,0.104251
0.090427,0.103833
0.090111,0.103415
0.089795,0.102997
0.089478,0.102580
0.089161,0.102163
0.088844,0.101746
0.088527,0.101329
0.088209,0.100912
0.087892,0.100495
0.087574,0.100079
0.087256,0.099662
0.086937,0.099246
0.086619,0.098830
0.086300,0.098415
0.085981,0.097999
0.085661,0.097584
0.085342,0.097168
0.085022,0.096753
0.084702,0.096338
0.084382,0.095923
0.084062,0.095509
0.083741,0.095094
0.083421,0.094680
0.083100,0.094266
0.082778,0.093852
0.082457,0.093438
0.082135,0.093025
0.081813,0.092611
0.081491,0.092198
0.081169,0.091785
0.080847,0.091372
0.080524,0.090959
0.080201,0.090547
0.079878,0.090134
0.079554,0.089722
0.079231,0.089310
0.078907,0.088898
0.078583,0.088486
0.078259,0.088075
0.077934,0.087663
0.077610,0.087252
0.077285,0.086841
0.076960,0.086430
0.076634,0.086019
0.076309,0.085609
0.075983,0.085198
0.075657,0.084788
0.075331,0.084378
0.075005,0.083968
0.074678,0.083558
0.074351,0.083149
0.074024,0.082740
0.073697,0.082330
0.073369,0.081921
0.073042,0.081513
0.072714,0.081104
0.072386,0.080695
0.072058,0.080287
0.071729,0.079879
0.071400,0.079471
0.071071,0.079063
0.070742,0.078655
0.070413,0.078248
0.070083,0.077841
0.069753,0.077434
0.069423,0.077027
0.069093,0.076620
0.068763,0.076213
0.068432,0.075807
0.068101,0.075401
0.067770,0.074994
0.067439,0.074589
0.067107,0.074183
0.066775,0.073777
0.066444,0.073372
0.066111,0.072967
0.065779,0.072562
0.065446,0.072157
0.065114,0.071752
0.064781,0.071348
0.064447,0.070943
0.064114,0.070539
0.063780,0.070135
0.063447,0.069731
0.063112,0.069328
0.062778,0.068924
0.062444,0.068521
0.062109,0.068118
0.061774,0.067715
0.061439,0.067312
0.061104,0.066909
0.060768,0.066507
0.060432,0.066105
0.060096,0.065703
0.059760,0.065301
0.059424,0.064899
0.059087,0.064498
0.058751,0.064096
0.058414,0.063695
0.058076,0.063294
0.057739,0.062893
0.057401,0.062493
0.057063,0.062092
0.056725,0.061692
0.056387,0.061292
0.056049,0.060892
0.055710,0.060492
0.055371,0.060092
0.055032,0.059693
0.054693,0.059294
0.054353,0.058895
0.054013,0.058496
0.053673,0.058097
0.053333,0.057699
0.052993,0.057300
0.052652,0.056902
0.052312,0.056504
0.051971,0.056106
0.051629,0.055709
0.051288,0.055311
0.050946,0.054914
0.050604,0.054517
0.050262,0.054120
0.049920,0.053723
0.049578,0.053327
0.049235,0.052930
0.048892,0.052534
0.048549,0.052138
0.048206,0.051742
0.047862,0.051347
0.047519,0.050951
0.047175,0.050556
0.046831,0.050161
0.046486,0.049766
0.046142,0.049371
0.045797,0.048976
0.045452,0.048582
0.045107,0.048188
0.044762,0.047794
0.044416,0.047400
0.044071,0.047006
0.043725,0.046613
0.043378,0.046219
0.043032,0.045826
0.042685,0.045433
0.042339,0.045041
0.041992,0.044648
0.041644,0.044256
0.041297,0.043863
0.040949,0.043471
0.040602,0.043080
0.040254,0.042688
0.039905,0.042296
0.039557,0.041905
0.039208,0.041514
0.038859,0.041123
0.038510,0.040732
0.038161,0.040342
0.037812,0.039951
0.037462,0.039561
0.037112,0.039171
0.036762,0.038781
0.036412,0.038392
0.036061,0.038002
0.035711,0.037613
0.035360,0.037224
0.035009,0.036835
0.034657,0.036446
0.034306,0.036058
0.033954,0.035669
0.033602,0.035281
0.033250,0.034893
0.032898,0.034505
0.032545,0.034118
0.032193,0.033730
0.031840,0.033343
0.031487,0.032956
0.031133,0.032569
0.030780,0.032182
0.030426,0.031796
0.030072,0.031409
0.029718,0.031023
0.029364,0.030637
0.029009,0.030251
0.028654,0.029866
0.028300,0.029480
0.027944,0.029095
0.027589,0.028710
0.027234,0.028325
0.026878,0.027941
0.026522,0.027556
0.026166,0.027172
0.025809,0.026788
0.025453,0.026404
0.025096,0.026020
0.024739,0.025637
0.024382,0.025253
0.024025,0.024870
0.023667,0.024487
0.023309,0.024104
0.022951,0.023722
0.022593,0.023339
0.022235,0.022957
0.021876,0.022575
0.021517,0.022193
0.021158,0.021811
0.020799,0.021430
0.020440,0.021049
0.020080,0.020668
0.019721,0.020287
0.019361,0.019906
0.019001,0.019525
0.018640,0.019145
0.018280,0.018765
0.017919,0.018385
0.017558,0.018005
0.017197,0.017626
0.016835,0.017246
0.016474,0.016867
0.016112,0.016488
0.015750,0.016109
0.015388,0.015730
0.015026,0.015352
0.014663,0.014974
0.014300,0.014596
0.013937,0.014218
0.013574,0.013840
0.013211,0.013463
0.012847,0.013085
0.012484,0.012708
0.012120,0.012331
0.011756,0.011954
0.011391,0.011578
0.011027,0.011202
0.010662,0.010825
0.010297,0.010449
0.009932,0.010074
0.009567,0.009698
0.009201,0.009323
0.008836,0.008947
0.008470,0.008572
0.008104,0.008198
0.007737,0.007823
0.007371,0.007448
0.007004,0.007074
0.006637,0.006700
0.006270,0.006326
0.005903,0.005953
0.005535,0.005579
0.005168,0.005206
0.004800,0.004833
0.004432,0.004460
0.004064,0.004087
0.003695,0.003715
0.003327,0.003342
0.002958,0.002970
0.002589,0.002598
0.002219,0.002226
0.001850,0.001855
0.001480,0.001484
0.001111,0.001112
0.000741,0.000741
0.000370,0.000371
-0.000000,-0.000000
0.707107,0.707107
