0.000000,1.414214
0.003717,1.410477
0.007415,1.406720
0.011093,1.402944
0.014751,1.399148
0.018389,1.395334
0.022006,1.391500
0.025604,1.387647
0.029181,1.383776
0.032737,1.379885
0.036273,1.375976
0.039788,1.372048
0.043283,1.368102
0.046757,1.364138
0.050210,1.360155
0.053641,1.356154
0.057052,1.352135
0.060441,1.348098
0.063810,1.344043
0.067156,1.339971
0.070481,1.335881
0.073785,1.331773
0.077067,1.327649
0.080327,1.323506
0.083565,1.319347
0.086781,1.315171
0.089975,1.310978
0.093147,1.306768
0.096297,1.302541
0.099424,1.298298
0.102529,1.294039
0.105612,1.289763
0.108672,1.285471
0.111709,1.281163
0.114724,1.276839
0.117715,1.272499
0.120684,1.268143
0.123630,1.263772
0.126553,1.259386
0.129452,1.254984
0.132329,1.250566
0.135181,1.246134
0.138011,1.241687
0.140817,1.237225
0.143600,1.232748
0.146359,1.228256
0.149094,1.223750
0.151805,1.219230
0.154493,1.214696
0.157156,1.210147
0.159796,1.205584
0.162411,1.201008
0.165003,1.196418
0.167570,1.191814
0.170112,1.187197
0.172631,1.182566
0.175125,1.177922
0.177594,1.173265
0.180039,1.168596
0.182459,1.163913
0.184855,1.159218
0.187226,1.154510
0.189572,1.149789
0.191893,1.145057
0.194189,1.140312
0.196460,1.135555
0.198705,1.130786
0.200926,1.126006
0.203121,1.121214
0.205292,1.116410
0.207436,1.111595
0.209556,1.106769
0.211650,1.101931
0.213718,1.097083
0.215761,1.092224
0.217778,1.087354
0.219770,1.082473
0.221735,1.077583
0.223675,1.072681
0.225589,1.067770
0.227477,1.062849
0.229340,1.057918
0.231176,1.052977
0.232986,1.048026
0.234770,1.043066
0.236528,1.038097
0.238259,1.033118
0.239964,1.028130
0.241643,1.023134
0.243296,1.018128
0.244922,1.013114
0.246522,1.008092
0.248095,1.003061
0.249642,0.998022
0.251162,0.992975
0.252656,0.987920
0.254123,0.982857
0.255563,0.977786
0.256976,0.972708
0.258363,0.967623
0.259723,0.962530
0.261056,0.957430
0.262362,0.952323
0.263641,0.947210
0.264893,0.942089
0.266118,0.936963
0.267316,0.931830
0.268487,0.926690
0.269631,0.921545
0.270748,0.916393
0.271837,0.911236
0.272900,0.906073
0.273935,0.900904
0.274943,0.895731
0.275923,0.890552
0.276877,0.885367
0.277803,0.880178
0.278701,0.874984
0.279572,0.869786
0.280416,0.864582
0.281232,0.859375
0.282021,0.854163
0.282783,0.848947
0.283517,0.843728
0.284223,0.838504
0.284902,0.833277
0.285553,0.828046
0.286177,0.822812
0.286773,0.817575
0.287341,0.812334
0.287882,0.807091
0.288395,0.801845
0.288881,0.796596
0.289339,0.791345
0.289769,0.786091
0.290172,0.780836
0.290546,0.775578
0.290893,0.770318
0.291213,0.765057
0.291504,0.759794
0.291768,0.754529
0.292004,0.749263
0.292213,0.743996
0.292393,0.738728
0.292546,0.733459
0.292671,0.728190
0.292768,0.722920
0.292838,0.717649
0.292879,0.712378
0.292893,0.707107
0.292879,0.701836
0.292838,0.696565
0.292768,0.691294
0.292671,0.686024
0.292546,0.680754
0.292393,0.675485
0.292213,0.670217
0.292004,0.664950
0.291768,0.659684
0.291504,0.654420
0.291213,0.649157
0.290893,0.643895
0.290546,0.638636
0.290172,0.633378
0.289769,0.628122
0.289339,0.622869
0.288881,0.617617
0.288395,0.612369
0.287882,0.607123
0.287341,0.601879
0.286773,0.596639
0.286177,0.591402
0.285553,0.586168
0.284902,0.580937
0.284223,0.575710
0.283517,0.570486
0.282783,0.565266
0.282021,0.560050
0.281232,0.554839
0.280416,0.549631
0.279572,0.544428
0.278701,0.539229
0.277803,0.534035
0.276877,0.528846
0.275923,0.523662
0.274943,0.518483
0.273935,0.513309
0.272900,0.508141
0.271837,0.502978
0.270748,0.497820
0.269631,0.492669
0.268487,0.487523
0.267316,0.482384
0.266118,0.477251
0.264893,0.472124
0.263641,0.467004
0.262362,0.461890
0.261056,0.456783
0.259723,0.451684
0.258363,0.446591
0.256976,0.441505
0.255563,0.436427
0.254123,0.431357
0.252656,0.426294
0.251162,0.421239
0.249642,0.416192
0.248095,0.411153
0.246522,0.406122
0.244922,0.401099
0.243296,0.396085
0.241643,0.391080
0.239964,0.386083
0.238259,0.381096
0.236528,0.376117
0.234770,0.371148
0.232986,0.366188
0.231176,0.361237
0.229340,0.356296
0.227477,0.351365
0.225589,0.346443
0.223675,0.341532
0.221735,0.336631
0.219770,0.331740
0.217778,0.326860
0.215761,0.321990
0.213718,0.317131
0.211650,0.312282
0.209556,0.307445
0.207436,0.302619
0.205292,0.297804
0.203121,0.293000
0.200926,0.288208
0.198705,0.283427
0.196460,0.278658
0.194189,0.273902
0.191893,0.269157
0.189572,0.264424
0.187226,0.259704
0.184855,0.254996
0.182459,0.250301
0.180039,0.245618
0.177594,0.240948
0.175125,0.236291
0.172631,0.231647
0.170112,0.227017
0.167570,0.222400
0.165003,0.217796
0.162411,0.213206
0.159796,0.208629
0.157156,0.204067
0.154493,0.199518
0.151805,0.194983
0.149094,0.190463
0.146359,0.185957
0.143600,0.181466
0.140817,0.176989
0.138011,0.172527
0.135181,0.168079
0.132329,0.163647
0.129452,0.159230
0.126553,0.154828
0.123630,0.150441
0.120684,0.146070
0.117715,0.141715
0.114724,0.137375
0.111709,0.133051
0.108672,0.128743
0.105612,0.124451
0.102529,0.120175
0.099424,0.115915
0.096297,0.111672
0.093147,0.107446
0.089975,0.103236
0.086781,0.099043
0.083565,0.094866
0.080327,0.090707
0.077067,0.086565
0.073785,0.082440
0.070481,0.078333
0.067156,0.074243
0.063810,0.070170
0.060441,0.066116
0.057052,0.062079
0.053641,0.058060
0.050210,0.054059
0.046757,0.050076
0.043283,0.046111
0.039788,0.042165
0.036273,0.038237
0.032737,0.034328
0.029181,0.030438
0.025604,0.026566
0.022006,0.022713
0.018389,0.018880
0.014751,0.015065
0.011093,0.011270
0.007415,0.007494
0.003717,0.003737
-0.000000,-0.000000
0.707107,0.707107
