0.000000,1.414214
0.000556,1.413657
0.001111,1.413101
0.001666,1.412544
0.002220,1.411986
0.002774,1.411429
0.003328,1.410870
0.003881,1.410311
0.004433,1.409752
0.004986,1.409193
0.005537,1.408633
0.006089,1.408072
0.006639,1.407511
0.007190,1.406950
0.007740,1.406388
0.008289,1.405826
0.008838,1.405263
0.009387,1.404700
0.009935,1.404137
0.010483,1.403573
0.011030,1.403008
0.011577,1.402443
0.012124,1.401878
0.012670,1.401313
0.013215,1.400746
0.013760,1.400180
0.014305,1.399613
0.014849,1.399046
0.015393,1.398478
0.015936,1.397910
0.016479,1.397341
0.017022,1.396772
0.017564,1.396202
0.018105,1.395632
0.018646,1.395062
0.019187,1.394491
0.019727,1.393920
0.020267,1.393348
0.020806,1.392776
0.021345,1.392204
0.021883,1.391631
0.022421,1.391058
0.022959,1.390484
0.023496,1.389910
0.024032,1.389335
0.024569,1.388760
0.025104,1.388185
0.025639,1.387609
0.026174,1.387032
0.026709,1.386456
0.027242,1.385879
0.027776,1.385301
0.028309,1.384723
0.028841,1.384145
0.029373,1.383566
0.029905,1.382987
0.030436,1.382407
0.030967,1.381827
0.031497,1.381247
0.032027,1.380666
0.032556,1.380084
0.033085,1.379503
0.033613,1.378921
0.034141,1.378338
0.034669,1.377755
0.035196,1.377172
0.035722,1.376588
0.036248,1.376004
0.036774,1.375419
0.037299,1.374834
0.037824,1.374249
0.038348,1.373663
0.038872,1.373076
0.039395,1.372490
0.039918,1.371903
0.040441,1.371315
0.040963,1.370727
0.041484,1.370139
0.042005,1.369550
0.042526,1.368961
0.043046,1.368371
0.043566,1.367782
0.044085,1.367191
0.044603,1.366600
0.045122,1.366009
0.045639,1.365418
0.046157,1.364826
0.046674,1.364233
0.047190,1.363640
0.047706,1.363047
0.048221,1.362454
0.048736,1.361859
0.049251,1.361265
0.049765,1.360670
0.050279,1.360075
0.050792,1.359479
0.051304,1.358883
0.051817,1.358287
0.052328,1.357690
0.052839,1.357093
0.053350,1.356495
0.053861,1.355897
0.054370,1.355299
0.054880,1.354700
0.055389,1.354100
0.055897,1.353501
0.056405,1.352901
0.056912,1.352300
0.057419,1.351699
0.057926,1.351098
0.058432,1.350496
0.058938,1.349894
0.059443,1.349292
0.059947,1.348689
0.060452,1.348086
0.060955,1.347482
0.061458,1.346878
0.061961,1.346274
0.062463,1.345669
0.062965,1.345064
0.063467,1.344458
0.063967,1.343852
0.064468,1.343246
0.064968,1.342639
0.065467,1.342032
0.065966,1.341424
0.066464,1.340816
0.066962,1.340208
0.067460,1.339599
0.067957,1.338990
0.068453,1.338380
0.068950,1.337770
0.069445,1.337160
0.069940,1.336549
0.070435,1.335938
0.070929,1.335327
0.071423,1.334715
0.071916,1.334103
0.072408,1.333490
0.072901,1.332877
0.073392,1.332264
0.073884,1.331650
0.074374,1.331036
0.074865,1.330421
0.075355,1.329806
0.075844,1.329191
0.076333,1.328575
0.076821,1.327959
0.077309,1.327342
0.077796,1.326725
0.078283,1.326108
0.078770,1.325490
0.079255,1.324872
0.079741,1.324254
0.080226,1.323635
0.080710,1.323016
0.081194,1.322396
0.081678,1.321777
0.082161,1.321156
0.082643,1.320536
0.083125,1.319914
0.083607,1.319293
0.084088,1.318671
0.084568,1.318049
0.085049,1.317426
0.085528,1.316803
0.086007,1.316180
0.086486,1.315556
0.086964,1.314932
0.087442,1.314308
0.087919,1.313683
0.088395,1.313058
0.088871,1.312432
0.089347,1.311806
0.089822,1.311180
0.090297,1.310553
0.090771,1.309926
0.091245,1.309298
0.091718,1.308671
0.092191,1.308042
0.092663,1.307414
0.093135,1.306785
0.093606,1.306156
0.094076,1.305526
0.094547,1.304896
0.095016,1.304265
0.095486,1.303635
0.095954,1.303003
0.096423,1.302372
0.096890,1.301740
0.097358,1.301108
0.097824,1.300475
0.098291,1.299842
0.098756,1.299209
0.099222,1.298575
0.099686,1.297941
0.100151,1.297306
0.100614,1.296672
0.101078,1.296036
0.101540,1.295401
0.102003,1.294765
0.102464,1.294129
0.102926,1.293492
0.103386,1.292855
0.103847,1.292217
0.104306,1.291580
0.104766,1.290942
0.105224,1.290303
0.105683,1.289664
0.106140,1.289025
0.106598,1.288386
0.107054,1.287746
0.107511,1.287105
0.107966,1.286465
0.108422,1.285824
0.108876,1.285183
0.109331,1.284541
0.109784,1.283899
0.110237,1.283256
0.110690,1.282614
0.111142,1.281971
0.111594,1.281327
0.112045,1.280683
0.112496,1.280039
0.112946,1.279394
0.113396,1.278750
0.113845,1.278104
0.114294,1.277459
0.114742,1.276813
0.115189,1.276167
0.115637,1.275520
0.116083,1.274873
0.116529,1.274226
0.116975,1.273578
0.117420,1.272930
0.117865,1.272281
0.118309,1.271633
0.118752,1.270983
0.119195,1.270334
0.119638,1.269684
0.120080,1.269034
0.120521,1.268384
0.120962,1.267733
0.121403,1.267082
0.121843,1.266430
0.122282,1.265778
0.122721,1.265126
0.123160,1.264473
0.123598,1.263820
0.124035,1.263167
0.124472,1.262514
0.124908,1.261860
0.125344,1.261205
0.125780,1.260551
0.126215,1.259896
0.126649,1.259240
0.127083,1.258585
0.127516,1.257929
0.127949,1.257272
0.128381,1.256616
0.128813,1.255959
0.129244,1.255301
0.129675,1.254644
0.130105,1.253986
0.130535,1.253327
0.130964,1.252669
0.131392,1.252010
0.131821,1.251350
0.132248,1.250690
0.132675,1.250030
0.133102,1.249370
0.133528,1.248709
0.133953,1.248048
0.134379,1.247387
0.134803,1.246725
0.135227,1.246063
0.135650,1.245401
0.136073,1.244738
0.136496,1.244075
0.136918,1.243411
0.137339,1.242748
0.137760,1.242084
0.138180,1.241419
0.138600,1.240755
0.139019,1.240089
0.139438,1.239424
0.139856,1.238758
0.140274,1.238092
0.140691,1.237426
0.141108,1.236759
0.141524,1.236092
0.141940,1.235425
0.142355,1.234757
0.142769,1.234089
0.143183,1.233421
0.143597,1.232752
0.144010,1.232083
0.144422,1.231414
0.144834,1.230744
0.145246,1.230074
0.145657,1.229404
0.146067,1.228734
0.146477,1.228063
0.146886,1.227391
0.147295,1.226720
0.147703,1.226048
0.148111,1.225376
0.148518,1.224703
0.148925,1.224031
0.149331,1.223357
0.149736,1.222684
0.150141,1.222010
0.150546,1.221336
0.150950,1.220662
0.151354,1.219987
0.151756,1.219312
0.152159,1.218636
0.152561,1.217961
0.152962,1.217285
0.153363,1.216608
0.153763,1.215932
0.154163,1.215255
0.154562,1.214577
0.154961,1.213900
0.155359,1.213222
0.155757,1.212544
0.156154,1.211865
0.156550,1.211186
0.156946,1.210507
0.157342,1.209828
0.157737,1.209148
0.158131,1.208468
0.158525,1.207787
0.158919,1.207107
0.159311,1.206426
0.159704,1.205744
0.160095,1.205063
0.160487,1.204381
0.160877,1.203699
0.161268,1.203016
0.161657,1.202333
0.162046,1.201650
0.162435,1.200967
0.162823,1.200283
0.163210,1.199599
0.163597,1.198914
0.163984,1.198230
0.164369,1.197545
0.164755,1.196859
0.165139,1.196174
0.165524,1.195488
0.165907,1.194802
0.166290,1.194115
0.166673,1.193428
0.167055,1.192741
0.167437,1.192054
0.167818,1.191366
0.168198,1.190678
0.168578,1.189990
0.168957,1.189301
0.169336,1.188612
0.169714,1.187923
0.170092,1.187234
0.170469,1.186544
0.170846,1.185854
0.171222,1.185163
0.171598,1.184473
0.171973,1.183782
0.172347,1.183091
0.172721,1.182399
0.173095,1.181707
0.173467,1.181015
0.173840,1.180323
0.174212,1.179630
0.174583,1.178937
0.174953,1.178243
0.175324,1.177550
0.175693,1.176856
0.176062,1.176162
0.176431,1.175467
0.176799,1.174773
0.177166,1.174077
0.177533,1.173382
0.177899,1.172687
0.178265,1.171991
0.178630,1.171294
0.178995,1.170598
0.179359,1.169901
0.179722,1.169204
0.180085,1.168507
0.180448,1.167809
0.180810,1.167111
0.181171,1.166413
0.181532,1.165714
0.181892,1.165016
0.182252,1.164317
0.182611,1.163617
0.182970,1.162918
0.183328,1.162218
0.183685,1.161518
0.184042,1.160817
0.184399,1.160116
0.184755,1.159415
0.185110,1.158714
0.185465,1.158012
0.185819,1.157311
0.186173,1.156608
0.186526,1.155906
0.186878,1.155203
0.187230,1.154500
0.187582,1.153797
0.187933,1.153094
0.188283,1.152390
0.188633,1.151686
0.188982,1.150981
0.189331,1.150277
0.189679,1.149572
0.190027,1.148867
0.190374,1.148161
0.190720,1.147455
0.191066,1.146749
0.191411,1.146043
0.191756,1.145337
0.192100,1.144630
0.192444,1.143923
0.192787,1.143215
0.193130,1.142508
0.193472,1.141800
0.193813,1.141092
0.194154,1.140383
0.194495,1.139675
0.194834,1.138966
0.195174,1.138256
0.195512,1.137547
0.195850,1.136837
0.196188,1.136127
0.196525,1.135417
0.196862,1.134706
0.197197,1.133995
0.197533,1.133284
0.197868,1.132573
0.198202,1.131861
0.198535,1.131150
0.198868,1.130437
0.199201,1.129725
0.199533,1.129012
0.199864,1.128299
0.200195,1.127586
0.200526,1.126873
0.200855,1.126159
0.201184,1.125445
0.201513,1.124731
0.201841,1.124017
0.202169,1.123302
0.202496,1.122587
0.202822,1.121872
0.203148,1.121156
0.203473,1.120440
0.203798,1.119724
0.204122,1.119008
0.204445,1.118292
0.204768,1.117575
0.205091,1.116858
0.205413,1.116140
0.205734,1.115423
0.206055,1.114705
0.206375,1.113987
0.206694,1.113269
0.207013,1.112550
0.207332,1.111831
0.207650,1.111112
0.207967,1.110393
0.208284,1.109674
0.208600,1.108954
0.208916,1.108234
0.209231,1.107513
0.209545,1.106793
0.209859,1.106072
0.210173,1.105351
0.210485,1.104630
0.210798,1.103908
0.211109,1.103187
0.211420,1.102465
0.211731,1.101742
0.212041,1.101020
0.212350,1.100297
0.212659,1.099574
0.212967,1.098851
0.213275,1.098127
0.213582,1.097404
0.213889,1.096680
0.214195,1.095956
0.214500,1.095231
0.214805,1.094506
0.215109,1.093781
0.215413,1.093056
0.215716,1.092331
0.216019,1.091605
0.216321,1.090879
0.216622,1.090153
0.216923,1.089427
0.217223,1.088700
0.217523,1.087974
0.217822,1.087247
0.218121,1.086519
0.218419,1.085792
0.218716,1.085064
0.219013,1.084336
0.219309,1.083608
0.219605,1.082879
0.219900,1.082151
0.220195,1.081422
0.220489,1.080693
0.220782,1.079963
0.221075,1.079234
0.221367,1.078504
0.221659,1.077774
0.221950,1.077043
0.222241,1.076313
0.222531,1.075582
0.222820,1.074851
0.223109,1.074120
0.223397,1.073389
0.223685,1.072657
0.223972,1.071925
0.224259,1.071193
0.224544,1.070461
0.224830,1.069728
0.225115,1.068995
0.225399,1.068262
0.225683,1.067529
0.225966,1.066796
0.226248,1.066062
0.226530,1.065328
0.226811,1.064594
0.227092,1.063859
0.227372,1.063125
0.227652,1.062390
0.227931,1.061655
0.228209,1.060920
0.228487,1.060184
0.228765,1.059449
0.229041,1.058713
0.229317,1.057977
0.229593,1.057241
0.229868,1.056504
0.230142,1.055767
0.230416,1.055030
0.230689,1.054293
0.230962,1.053556
0.231234,1.052818
0.231506,1.052080
0.231777,1.051342
0.232047,1.050604
0.232317,1.049866
0.232586,1.049127
0.232854,1.048388
0.233122,1.047649
0.233390,1.046910
0.233657,1.046170
0.233923,1.045430
0.234189,1.044691
0.234454,1.043950
0.234718,1.043210
0.234982,1.042469
0.235246,1.041729
0.235508,1.040988
0.235771,1.040247
0.236032,1.039505
0.236293,1.038764
0.236554,1.038022
0.236814,1.037280
0.237073,1.036538
0.237332,1.035795
0.237590,1.035053
0.237847,1.034310
0.238104,1.033567
0.238361,1.032824
0.238616,1.032080
0.238872,1.031337
0.239126,1.030593
0.239380,1.029849
0.239634,1.029105
0.239887,1.028360
0.240139,1.027616
0.240390,1.026871
0.240642,1.026126
0.240892,1.025380
0.241142,1.024635
0.241391,1.023889
0.241640,1.023144
0.241888,1.022398
0.242136,1.021652
0.242383,1.020905
0.242629,1.020159
0.242875,1.019412
0.243120,1.018665
0.243365,1.017918
0.243609,1.017170
0.243853,1.016423
0.244095,1.015675
0.244338,1.014927
0.244579,1.014179
0.244821,1.013431
0.245061,1.012682
0.245301,1.011934
0.245540,1.011185
0.245779,1.010436
0.246017,1.009686
0.246255,1.008937
0.246492,1.008187
0.246728,1.007438
0.246964,1.006688
0.247199,1.005938
0.247434,1.005187
0.247668,1.004437
0.247902,1.003686
0.248134,1.002935
0.248367,1.002184
0.248598,1.001433
0.248829,1.000681
0.249060,0.999930
0.249290,0.999178
0.249519,0.998426
0.249748,0.997674
0.249976,0.996921
0.250204,0.996169
0.250431,0.995416
0.250657,0.994663
0.250883,0.993910
0.251108,0.993157
0.251333,0.992403
0.251557,0.991650
0.251780,0.990896
0.252003,0.990142
0.252225,0.989388
0.252447,0.988634
0.252668,0.987879
0.252888,0.987124
0.253108,0.986370
0.253327,0.985615
0.253546,0.984860
0.253764,0.984104
0.253981,0.983349
0.254198,0.982593
0.254415,0.981837
0.254630,0.981081
0.254845,0.980325
0.255060,0.979569
0.255274,0.978812
0.255487,0.978055
0.255700,0.977299
0.255912,0.976541
0.256123,0.975784
0.256334,0.975027
0.256545,0.974269
0.256754,0.973512
0.256964,0.972754
0.257172,0.971996
0.257380,0.971238
0.257587,0.970479
0.257794,0.969721
0.258000,0.968962
0.258206,0.968203
0.258411,0.967444
0.258615,0.966685
0.258819,0.965926
0.259022,0.965166
0.259225,0.964407
0.259427,0.963647
0.259628,0.962887
0.259829,0.962127
0.260029,0.961367
0.260229,0.960606
0.260428,0.959846
0.260626,0.959085
0.260824,0.958324
0.261021,0.957563
0.261218,0.956802
0.261414,0.956040
0.261609,0.955279
0.261804,0.954517
0.261998,0.953755
0.262192,0.952993
0.262385,0.952231
0.262577,0.951469
0.262769,0.950707
0.262960,0.949944
0.263151,0.949181
0.263341,0.948418
0.263530,0.947655
0.263719,0.946892
0.263907,0.946129
0.264095,0.945365
0.264282,0.944602
0.264468,0.943838
0.264654,0.943074
0.264839,0.942310
0.265024,0.941546
0.265208,0.940781
0.265391,0.940017
0.265574,0.939252
0.265756,0.938488
0.265938,0.937723
0.266119,0.936958
0.266299,0.936192
0.266479,0.935427
0.266659,0.934662
0.266837,0.933896
0.267015,0.933130
0.267192,0.932364
0.267369,0.931598
0.267545,0.930832
0.267721,0.930066
0.267896,0.929299
0.268070,0.928533
0.268244,0.927766
0.268417,0.926999
0.268590,0.926232
0.268762,0.925465
0.268933,0.924698
0.269104,0.923930
0.269274,0.923163
0.269444,0.922395
0.269613,0.921627
0.269781,0.920859
0.269949,0.920091
0.270116,0.919323
0.270283,0.918555
0.270448,0.917786
0.270614,0.917017
0.270779,0.916249
0.270943,0.915480
0.271106,0.914711
0.271269,0.913942
0.271431,0.913172
0.271593,0.912403
0.271754,0.911634
0.271915,0.910864
0.272075,0.910094
0.272234,0.909324
0.272393,0.908554
0.272551,0.907784
0.272708,0.907014
0.272865,0.906244
0.273021,0.905473
0.273177,0.904702
0.273332,0.903932
0.273486,0.903161
0.273640,0.902390
0.273793,0.901619
0.273946,0.900848
0.274098,0.900076
0.274249,0.899305
0.274400,0.898533
0.274550,0.897761
0.274700,0.896990
0.274849,0.896218
0.274997,0.895446
0.275145,0.894673
0.275292,0.893901
0.275439,0.893129
0.275585,0.892356
0.275730,0.891584
0.275875,0.890811
0.276019,0.890038
0.276162,0.889265
0.276305,0.888492
0.276448,0.887719
0.276589,0.886945
0.276730,0.886172
0.276871,0.885398
0.277011,0.884625
0.277150,0.883851
0.277289,0.883077
0.277427,0.882303
0.277564,0.881529
0.277701,0.880755
0.277837,0.879981
0.277973,0.879206
0.278108,0.878432
0.278242,0.877657
0.278376,0.876882
0.278509,0.876108
0.278642,0.875333
0.278774,0.874558
0.278905,0.873783
0.279036,0.873007
0.279166,0.872232
0.279295,0.871456
0.279424,0.870681
0.279553,0.869905
0.279680,0.869130
0.279807,0.868354
0.279934,0.867578
0.280060,0.866802
0.280185,0.866026
0.280310,0.865249
0.280434,0.864473
0.280557,0.863697
0.280680,0.862920
0.280802,0.862143
0.280924,0.861367
0.281044,0.860590
0.281165,0.859813
0.281285,0.859036
0.281404,0.858259
0.281522,0.857482
0.281640,0.856704
0.281757,0.855927
0.281874,0.855149
0.281990,0.854372
0.282106,0.853594
0.282221,0.852816
0.282335,0.852039
0.282448,0.851261
0.282562,0.850483
0.282674,0.849705
0.282786,0.848926
0.282897,0.848148
0.283008,0.847370
0.283117,0.846591
0.283227,0.845813
0.283336,0.845034
0.283444,0.844255
0.283551,0.843477
0.283658,0.842698
0.283764,0.841919
0.283870,0.841140
0.283975,0.840361
0.284080,0.839581
0.284183,0.838802
0.284287,0.838023
0.284389,0.837243
0.284491,0.836464
0.284593,0.835684
0.284693,0.834904
0.284794,0.834125
0.284893,0.833345
0.284992,0.832565
0.285090,0.831785
0.285188,0.831005
0.285285,0.830225
0.285382,0.829444
0.285478,0.828664
0.285573,0.827884
0.285668,0.827103
0.285762,0.826323
0.285855,0.825542
0.285948,0.824761
0.286040,0.823981
0.286132,0.823200
0.286223,0.822419
0.286313,0.821638
0.286403,0.820857
0.286492,0.820076
0.286580,0.819294
0.286668,0.818513
0.286755,0.817732
0.286842,0.816950
0.286928,0.816169
0.287014,0.815388
0.287098,0.814606
0.287183,0.813824
0.287266,0.813043
0.287349,0.812261
0.287432,0.811479
0.287513,0.810697
0.287594,0.809915
0.287675,0.809133
0.287755,0.808351
0.287834,0.807569
0.287913,0.806786
0.287991,0.806004
0.288068,0.805222
0.288145,0.804439
0.288221,0.803657
0.288297,0.802874
0.288372,0.802092
0.288446,0.801309
0.288520,0.800526
0.288593,0.799744
0.288666,0.798961
0.288738,0.798178
0.288809,0.797395
0.288880,0.796612
0.288950,0.795829
0.289019,0.795046
0.289088,0.794263
0.289156,0.793479
0.289224,0.792696
0.289291,0.791913
0.289357,0.791129
0.289423,0.790346
0.289488,0.789562
0.289552,0.788779
0.289616,0.787995
0.289680,0.787212
0.289742,0.786428
0.289804,0.785644
0.289866,0.784860
0.289927,0.784077
0.289987,0.783293
0.290046,0.782509
0.290105,0.781725
0.290164,0.780941
0.290221,0.780157
0.290279,0.779373
0.290335,0.778589
0.290391,0.777804
0.290446,0.777020
0.290501,0.776236
0.290555,0.775452
0.290608,0.774667
0.290661,0.773883
0.290713,0.773098
0.290765,0.772314
0.290816,0.771529
0.290866,0.770745
0.290916,0.769960
0.290965,0.769175
0.291014,0.768391
0.291061,0.767606
0.291109,0.766821
0.291155,0.766036
0.291201,0.765252
0.291247,0.764467
0.291292,0.763682
0.291336,0.762897
0.291379,0.762112
0.291422,0.761327
0.291465,0.760542
0.291506,0.759757
0.291547,0.758972
0.291588,0.758187
0.291628,0.757401
0.291667,0.756616
0.291705,0.755831
0.291743,0.755046
0.291781,0.754260
0.291818,0.753475
0.291854,0.752690
0.291889,0.751904
0.291924,0.751119
0.291959,0.750333
0.291992,0.749548
0.292025,0.748762
0.292058,0.747977
0.292090,0.747191
0.292121,0.746406
0.292151,0.745620
0.292181,0.744835
0.292211,0.744049
0.292239,0.743263
0.292267,0.742478
0.292295,0.741692
0.292322,0.740906
0.292348,0.740121
0.292374,0.739335
0.292399,0.738549
0.292423,0.737763
0.292447,0.736977
0.292470,0.736191
0.292493,0.735406
0.292515,0.734620
0.292536,0.733834
0.292557,0.733048
0.292577,0.732262
0.292596,0.731476
0.292615,0.730690
0.292633,0.729904
0.292651,0.729118
0.292668,0.728332
0.292684,0.727546
0.292700,0.726760
0.292715,0.725974
0.292730,0.725188
0.292744,0.724402
0.292757,0.723616
0.292770,0.722830
0.292782,0.722044
0.292793,0.721258
0.292804,0.720472
0.292814,0.719685
0.292824,0.718899
0.292833,0.718113
0.292841,0.717327
0.292849,0.716541
0.292856,0.715755
0.292862,0.714969
0.292868,0.714182
0.292873,0.713396
0.292878,0.712610
0.292882,0.711824
0.292885,0.711038
0.292888,0.710252
0.292890,0.709465
0.292892,0.708679
0.292893,0.707893
0.292893,0.707107
0.292893,0.706321
0.292892,0.705534
0.292890,0.704748
0.292888,0.703962
0.292885,0.703176
0.292882,0.702390
0.292878,0.701604
0.292873,0.700817
0.292868,0.700031
0.292862,0.699245
0.292856,0.698459
0.292849,0.697673
0.292841,0.696887
0.292833,0.696100
0.292824,0.695314
0.292814,0.694528
0.292804,0.693742
0.292793,0.692956
0.292782,0.692170
0.292770,0.691384
0.292757,0.690598
0.292744,0.689812
0.292730,0.689026
0.292715,0.688239
0.292700,0.687453
0.292684,0.686667
0.292668,0.685881
0.292651,0.685095
0.292633,0.684309
0.292615,0.683523
0.292596,0.682737
0.292577,0.681952
0.292557,0.681166
0.292536,0.680380
0.292515,0.679594
0.292493,0.678808
0.292470,0.678022
0.292447,0.677236
0.292423,0.676450
0.292399,0.675665
0.292374,0.674879
0.292348,0.674093
0.292322,0.673307
0.292295,0.672522
0.292267,0.671736
0.292239,0.670950
0.292211,0.670165
0.292181,0.669379
0.292151,0.668593
0.292121,0.667808
0.292090,0.667022
0.292058,0.666237
0.292025,0.665451
0.291992,0.664666
0.291959,0.663880
0.291924,0.663095
0.291889,0.662309
0.291854,0.661524
0.291818,0.660739
0.291781,0.659953
0.291743,0.659168
0.291705,0.658383
0.291667,0.657597
0.291628,0.656812
0.291588,0.656027
0.291547,0.655242
0.291506,0.654457
0.291465,0.653672
0.291422,0.652887
0.291379,0.652102
0.291336,0.651317
0.291292,0.650532
0.291247,0.649747
0.291201,0.648962
0.291155,0.648177
0.291109,0.647392
0.291061,0.646608
0.291014,0.645823
0.290965,0.645038
0.290916,0.644253
0.290866,0.643469
0.290816,0.642684
0.290765,0.641900
0.290713,0.641115
0.290661,0.640331
0.290608,0.639546
0.290555,0.638762
0.290501,0.637978
0.290446,0.637193
0.290391,0.636409
0.290335,0.635625
0.290279,0.634841
0.290221,0.634057
0.290164,0.633273
0.290105,0.632489
0.290046,0.631705
0.289987,0.630921
0.289927,0.630137
0.289866,0.629353
0.289804,0.628569
0.289742,0.627786
0.289680,0.627002
0.289616,0.626218
0.289552,0.625435
0.289488,0.624651
0.289423,0.623868
0.289357,0.623084
0.289291,0.622301
0.289224,0.621518
0.289156,0.620734
0.289088,0.619951
0.289019,0.619168
0.288950,0.618385
0.288880,0.617602
0.288809,0.616819
0.288738,0.616036
0.288666,0.615253
0.288593,0.614470
0.288520,0.613687
0.288446,0.612905
0.288372,0.612122
0.288297,0.611339
0.288221,0.610557
0.288145,0.609774
0.288068,0.608992
0.287991,0.608209
0.287913,0.607427
0.287834,0.606645
0.287755,0.605863
0.287675,0.605081
0.287594,0.604299
0.287513,0.603517
0.287432,0.602735
0.287349,0.601953
0.287266,0.601171
0.287183,0.600389
0.287098,0.599608
0.287014,0.598826
0.286928,0.598045
0.286842,0.597263
0.286755,0.596482
0.286668,0.595700
0.286580,0.594919
0.286492,0.594138
0.286403,0.593357
0.286313,0.592576
0.286223,0.591795
0.286132,0.591014
0.286040,0.590233
0.285948,0.589452
0.285855,0.588672
0.285762,0.587891
0.285668,0.587110
0.285573,0.586330
0.285478,0.585550
0.285382,0.584769
0.285285,0.583989
0.285188,0.583209
0.285090,0.582429
0.284992,0.581649
0.284893,0.580869
0.284794,0.580089
0.284693,0.579309
0.284593,0.578529
0.284491,0.577750
0.284389,0.576970
0.284287,0.576191
0.284183,0.575411
0.284080,0.574632
0.283975,0.573853
0.283870,0.573074
0.283764,0.572295
0.283658,0.571516
0.283551,0.570737
0.283444,0.569958
0.283336,0.569179
0.283227,0.568401
0.283117,0.567622
0.283008,0.566844
0.282897,0.566065
0.282786,0.565287
0.282674,0.564509
0.282562,0.563731
0.282448,0.562953
0.282335,0.562175
0.282221,0.561397
0.282106,0.560619
0.281990,0.559842
0.281874,0.559064
0.281757,0.558287
0.281640,0.557509
0.281522,0.556732
0.281404,0.555955
0.281285,0.555178
0.281165,0.554401
0.281044,0.553624
0.280924,0.552847
0.280802,0.552070
0.280680,0.551294
0.280557,0.550517
0.280434,0.549741
0.280310,0.548964
0.280185,0.548188
0.280060,0.547412
0.279934,0.546636
0.279807,0.545860
0.279680,0.545084
0.279553,0.544308
0.279424,0.543533
0.279295,0.542757
0.279166,0.541982
0.279036,0.541206
0.278905,0.540431
0.278774,0.539656
0.278642,0.538881
0.278509,0.538106
0.278376,0.537331
0.278242,0.536556
0.278108,0.535782
0.277973,0.535007
0.277837,0.534233
0.277701,0.533459
0.277564,0.532684
0.277427,0.531910
0.277289,0.531136
0.277150,0.530363
0.277011,0.529589
0.276871,0.528815
0.276730,0.528042
0.276589,0.527268
0.276448,0.526495
0.276305,0.525722
0.276162,0.524949
0.276019,0.524176
0.275875,0.523403
0.275730,0.522630
0.275585,0.521857
0.275439,0.521085
0.275292,0.520312
0.275145,0.519540
0.274997,0.518768
0.274849,0.517996
0.274700,0.517224
0.274550,0.516452
0.274400,0.515680
0.274249,0.514909
0.274098,0.514137
0.273946,0.513366
0.273793,0.512595
0.273640,0.511824
0.273486,0.511053
0.273332,0.510282
0.273177,0.509511
0.273021,0.508740
0.272865,0.507970
0.272708,0.507200
0.272551,0.506429
0.272393,0.505659
0.272234,0.504889
0.272075,0.504119
0.271915,0.503350
0.271754,0.502580
0.271593,0.501810
0.271431,0.501041
0.271269,0.500272
0.271106,0.499503
0.270943,0.498734
0.270779,0.497965
0.270614,0.497196
0.270448,0.496428
0.270283,0.495659
0.270116,0.494891
0.269949,0.494122
0.269781,0.493354
0.269613,0.492586
0.269444,0.491819
0.269274,0.491051
0.269104,0.490283
0.268933,0.489516
0.268762,0.488749
0.268590,0.487982
0.268417,0.487215
0.268244,0.486448
0.268070,0.485681
0.267896,0.484914
0.267721,0.484148
0.267545,0.483382
0.267369,0.482615
0.267192,0.481849
0.267015,0.481083
0.266837,0.480318
0.266659,0.479552
0.266479,0.478787
0.266299,0.478021
0.266119,0.477256
0.265938,0.476491
0.265756,0.475726
0.265574,0.474961
0.265391,0.474197
0.265208,0.473432
0.265024,0.472668
0.264839,0.471904
0.264654,0.471139
0.264468,0.470376
0.264282,0.469612
0.264095,0.468848
0.263907,0.468085
0.263719,0.467321
0.263530,0.466558
0.263341,0.465795
0.263151,0.465032
0.262960,0.464270
0.262769,0.463507
0.262577,0.462745
0.262385,0.461982
0.262192,0.461220
0.261998,0.460458
0.261804,0.459696
0.261609,0.458935
0.261414,0.458173
0.261218,0.457412
0.261021,0.456651
0.260824,0.455890
0.260626,0.455129
0.260428,0.454368
0.260229,0.453607
0.260029,0.452847
0.259829,0.452087
0.259628,0.451327
0.259427,0.450567
0.259225,0.449807
0.259022,0.449047
0.258819,0.448288
0.258615,0.447528
0.258411,0.446769
0.258206,0.446010
0.258000,0.445251
0.257794,0.444493
0.257587,0.443734
0.257380,0.442976
0.257172,0.442218
0.256964,0.441460
0.256754,0.440702
0.256545,0.439944
0.256334,0.439187
0.256123,0.438429
0.255912,0.437672
0.255700,0.436915
0.255487,0.436158
0.255274,0.435402
0.255060,0.434645
0.254845,0.433889
0.254630,0.433132
0.254415,0.432376
0.254198,0.431621
0.253981,0.430865
0.253764,0.430109
0.253546,0.429354
0.253327,0.428599
0.253108,0.427844
0.252888,0.427089
0.252668,0.426334
0.252447,0.425580
0.252225,0.424826
0.252003,0.424072
0.251780,0.423318
0.251557,0.422564
0.251333,0.421810
0.251108,0.421057
0.250883,0.420304
0.250657,0.419550
0.250431,0.418798
0.250204,0.418045
0.249976,0.417292
0.249748,0.416540
0.249519,0.415788
0.249290,0.415036
0.249060,0.414284
0.248829,0.413532
0.248598,0.412781
0.248367,0.412030
0.248134,0.411279
0.247902,0.410528
0.247668,0.409777
0.247434,0.409026
0.247199,0.408276
0.246964,0.407526
0.246728,0.406776
0.246492,0.406026
0.246255,0.405276
0.246017,0.404527
0.245779,0.403778
0.245540,0.403029
0.245301,0.402280
0.245061,0.401531
0.244821,0.400783
0.244579,0.400034
0.244338,0.399286
0.244095,0.398538
0.243853,0.397791
0.243609,0.397043
0.243365,0.396296
0.243120,0.395549
0.242875,0.394802
0.242629,0.394055
0.242383,0.393308
0.242136,0.392562
0.241888,0.391816
0.241640,0.391070
0.241391,0.390324
0.241142,0.389578
0.240892,0.388833
0.240642,0.388088
0.240390,0.387343
0.240139,0.386598
0.239887,0.385853
0.239634,0.385109
0.239380,0.384365
0.239126,0.383621
0.238872,0.382877
0.238616,0.382133
0.238361,0.381390
0.238104,0.380647
0.237847,0.379904
0.237590,0.379161
0.237332,0.378418
0.237073,0.377676
0.236814,0.376934
0.236554,0.376192
0.236293,0.375450
0.236032,0.374708
0.235771,0.373967
0.235508,0.373226
0.235246,0.372485
0.234982,0.371744
0.234718,0.371004
0.234454,0.370263
0.234189,0.369523
0.233923,0.368783
0.233657,0.368043
0.233390,0.367304
0.233122,0.366565
0.232854,0.365826
0.232586,0.365087
0.232317,0.364348
0.232047,0.363610
0.231777,0.362871
0.231506,0.362133
0.231234,0.361395
0.230962,0.360658
0.230689,0.359920
0.230416,0.359183
0.230142,0.358446
0.229868,0.357710
0.229593,0.356973
0.229317,0.356237
0.229041,0.355501
0.228765,0.354765
0.228487,0.354029
0.228209,0.353294
0.227931,0.352558
0.227652,0.351823
0.227372,0.351089
0.227092,0.350354
0.226811,0.349620
0.226530,0.348886
0.226248,0.348152
0.225966,0.347418
0.225683,0.346685
0.225399,0.345951
0.225115,0.345218
0.224830,0.344486
0.224544,0.343753
0.224259,0.343021
0.223972,0.342289
0.223685,0.341557
0.223397,0.340825
0.223109,0.340094
0.222820,0.339362
0.222531,0.338631
0.222241,0.337901
0.221950,0.337170
0.221659,0.336440
0.221367,0.335710
0.221075,0.334980
0.220782,0.334250
0.220489,0.333521
0.220195,0.332792
0.219900,0.332063
0.219605,0.331334
0.219309,0.330606
0.219013,0.329878
0.218716,0.329150
0.218419,0.328422
0.218121,0.327694
0.217822,0.326967
0.217523,0.326240
0.217223,0.325513
0.216923,0.324787
0.216622,0.324060
0.216321,0.323334
0.216019,0.322608
0.215716,0.321883
0.215413,0.321157
0.215109,0.320432
0.214805,0.319707
0.214500,0.318982
0.214195,0.318258
0.213889,0.317534
0.213582,0.316810
0.213275,0.316086
0.212967,0.315363
0.212659,0.314640
0.212350,0.313917
0.212041,0.313194
0.211731,0.312471
0.211420,0.311749
0.211109,0.311027
0.210798,0.310305
0.210485,0.309584
0.210173,0.308862
0.209859,0.308141
0.209545,0.307421
0.209231,0.306700
0.208916,0.305980
0.208600,0.305260
0.208284,0.304540
0.207967,0.303820
0.207650,0.303101
0.207332,0.302382
0.207013,0.301663
0.206694,0.300945
0.206375,0.300227
0.206055,0.299508
0.205734,0.298791
0.205413,0.298073
0.205091,0.297356
0.204768,0.296639
0.204445,0.295922
0.204122,0.295206
0.203798,0.294489
0.203473,0.293773
0.203148,0.293057
0.202822,0.292342
0.202496,0.291627
0.202169,0.290912
0.201841,0.290197
0.201513,0.289483
0.201184,0.288768
0.200855,0.288054
0.200526,0.287341
0.200195,0.286627
0.199864,0.285914
0.199533,0.285201
0.199201,0.284489
0.198868,0.283776
0.198535,0.283064
0.198202,0.282352
0.197868,0.281641
0.197533,0.280929
0.197197,0.280218
0.196862,0.279507
0.196525,0.278797
0.196188,0.278086
0.195850,0.277376
0.195512,0.276667
0.195174,0.275957
0.194834,0.275248
0.194495,0.274539
0.194154,0.273830
0.193813,0.273122
0.193472,0.272414
0.193130,0.271706
0.192787,0.270998
0.192444,0.270291
0.192100,0.269584
0.191756,0.268877
0.191411,0.268170
0.191066,0.267464
0.190720,0.266758
0.190374,0.266052
0.190027,0.265347
0.189679,0.264642
0.189331,0.263937
0.188982,0.263232
0.188633,0.262528
0.188283,0.261824
0.187933,0.261120
0.187582,0.260417
0.187230,0.259713
0.186878,0.259010
0.186526,0.258308
0.186173,0.257605
0.185819,0.256903
0.185465,0.256201
0.185110,0.255500
0.184755,0.254798
0.184399,0.254097
0.184042,0.253397
0.183685,0.252696
0.183328,0.251996
0.182970,0.251296
0.182611,0.250596
0.182252,0.249897
0.181892,0.249198
0.181532,0.248499
0.181171,0.247801
0.180810,0.247102
0.180448,0.246405
0.180085,0.245707
0.179722,0.245010
0.179359,0.244312
0.178995,0.243616
0.178630,0.242919
0.178265,0.242223
0.177899,0.241527
0.177533,0.240831
0.177166,0.240136
0.176799,0.239441
0.176431,0.238746
0.176062,0.238052
0.175693,0.237358
0.175324,0.236664
0.174953,0.235970
0.174583,0.235277
0.174212,0.234584
0.173840,0.233891
0.173467,0.233199
0.173095,0.232506
0.172721,0.231815
0.172347,0.231123
0.171973,0.230432
0.171598,0.229741
0.171222,0.229050
0.170846,0.228360
0.170469,0.227670
0.170092,0.226980
0.169714,0.226290
0.169336,0.225601
0.168957,0.224912
0.168578,0.224224
0.168198,0.223535
0.167818,0.222847
0.167437,0.222160
0.167055,0.221472
0.166673,0.220785
0.166290,0.220098
0.165907,0.219412
0.165524,0.218726
0.165139,0.218040
0.164755,0.217354
0.164369,0.216669
0.163984,0.215984
0.163597,0.215299
0.163210,0.214615
0.162823,0.213931
0.162435,0.213247
0.162046,0.212563
0.161657,0.211880
0.161268,0.211197
0.160877,0.210515
0.160487,0.209833
0.160095,0.209151
0.159704,0.208469
0.159311,0.207788
0.158919,0.207107
0.158525,0.206426
0.158131,0.205746
0.157737,0.205066
0.157342,0.204386
0.156946,0.203706
0.156550,0.203027
0.156154,0.202348
0.155757,0.201670
0.155359,0.200992
0.154961,0.200314
0.154562,0.199636
0.154163,0.198959
0.153763,0.198282
0.153363,0.197605
0.152962,0.196929
0.152561,0.196253
0.152159,0.195577
0.151756,0.194902
0.151354,0.194227
0.150950,0.193552
0.150546,0.192878
0.150141,0.192203
0.149736,0.191530
0.149331,0.190856
0.148925,0.190183
0.148518,0.189510
0.148111,0.188838
0.147703,0.188166
0.147295,0.187494
0.146886,0.186822
0.146477,0.186151
0.146067,0.185480
0.145657,0.184809
0.145246,0.184139
0.144834,0.183469
0.144422,0.182799
0.144010,0.182130
0.143597,0.181461
0.143183,0.180793
0.142769,0.180124
0.142355,0.179456
0.141940,0.178789
0.141524,0.178121
0.141108,0.177454
0.140691,0.176788
0.140274,0.176121
0.139856,0.175455
0.139438,0.174789
0.139019,0.174124
0.138600,0.173459
0.138180,0.172794
0.137760,0.172130
0.137339,0.171466
0.136918,0.170802
0.136496,0.170139
0.136073,0.169476
0.135650,0.168813
0.135227,0.168151
0.134803,0.167488
0.134379,0.166827
0.133953,0.166165
0.133528,0.165504
0.133102,0.164844
0.132675,0.164183
0.132248,0.163523
0.131821,0.162863
0.131392,0.162204
0.130964,0.161545
0.130535,0.160886
0.130105,0.160228
0.129675,0.159570
0.129244,0.158912
0.128813,0.158255
0.128381,0.157598
0.127949,0.156941
0.127516,0.156285
0.127083,0.155629
0.126649,0.154973
0.126215,0.154318
0.125780,0.153663
0.125344,0.153008
0.124908,0.152354
0.124472,0.151700
0.124035,0.151046
0.123598,0.150393
0.123160,0.149740
0.122721,0.149088
0.122282,0.148435
0.121843,0.147784
0.121403,0.147132
0.120962,0.146481
0.120521,0.145830
0.120080,0.145179
0.119638,0.144529
0.119195,0.143880
0.118752,0.143230
0.118309,0.142581
0.117865,0.141932
0.117420,0.141284
0.116975,0.140636
0.116529,0.139988
0.116083,0.139341
0.115637,0.138694
0.115189,0.138047
0.114742,0.137401
0.114294,0.136755
0.113845,0.136109
0.113396,0.135464
0.112946,0.134819
0.112496,0.134175
0.112045,0.133530
0.111594,0.132887
0.111142,0.132243
0.110690,0.131600
0.110237,0.130957
0.109784,0.130315
0.109331,0.129673
0.108876,0.129031
0.108422,0.128390
0.107966,0.127749
0.107511,0.127108
0.107054,0.126468
0.106598,0.125828
0.106140,0.125188
0.105683,0.124549
0.105224,0.123910
0.104766,0.123272
0.104306,0.122634
0.103847,0.121996
0.103386,0.121359
0.102926,0.120722
0.102464,0.120085
0.102003,0.119449
0.101540,0.118813
0.101078,0.118177
0.100614,0.117542
0.100151,0.116907
0.099686,0.116273
0.099222,0.115639
0.098756,0.115005
0.098291,0.114372
0.097824,0.113739
0.097358,0.113106
0.096890,0.112474
0.096423,0.111842
0.095954,0.111210
0.095486,0.110579
0.095016,0.109948
0.094547,0.109318
0.094076,0.108688
0.093606,0.108058
0.093135,0.107429
0.092663,0.106800
0.092191,0.106171
0.091718,0.105543
0.091245,0.104915
0.090771,0.104288
0.090297,0.103661
0.089822,0.103034
0.089347,0.102407
0.088871,0.101782
0.088395,0.101156
0.087919,0.100531
0.087442,0.099906
0.086964,0.099281
0.086486,0.098657
0.086007,0.098034
0.085528,0.097410
0.085049,0.096787
0.084568,0.096165
0.084088,0.095542
0.083607,0.094921
0.083125,0.094299
0.082643,0.093678
0.082161,0.093057
0.081678,0.092437
0.081194,0.091817
0.080710,0.091198
0.080226,0.090578
0.079741,0.089960
0.079255,0.089341
0.078770,0.088723
0.078283,0.088105
0.077796,0.087488
0.077309,0.086871
0.076821,0.086255
0.076333,0.085639
0.075844,0.085023
0.075355,0.084408
0.074865,0.083793
0.074374,0.083178
0.073884,0.082564
0.073392,0.081950
0.072901,0.081337
0.072408,0.080724
0.071916,0.080111
0.071423,0.079499
0.070929,0.078887
0.070435,0.078275
0.069940,0.077664
0.069445,0.077053
0.068950,0.076443
0.068453,0.075833
0.067957,0.075224
0.067460,0.074615
0.066962,0.074006
0.066464,0.073397
0.065966,0.072789
0.065467,0.072182
0.064968,0.071575
0.064468,0.070968
0.063967,0.070361
0.063467,0.069755
0.062965,0.069150
0.062463,0.068545
0.061961,0.067940
0.061458,0.067335
0.060955,0.066731
0.060452,0.066128
0.059947,0.065524
0.059443,0.064922
0.058938,0.064319
0.058432,0.063717
0.057926,0.063115
0.057419,0.062514
0.056912,0.061913
0.056405,0.061313
0.055897,0.060713
0.055389,0.060113
0.054880,0.059514
0.054370,0.058915
0.053861,0.058317
0.053350,0.057719
0.052839,0.057121
0.052328,0.056524
0.051817,0.055927
0.051304,0.055330
0.050792,0.054734
0.050279,0.054139
0.049765,0.053543
0.049251,0.052949
0.048736,0.052354
0.048221,0.051760
0.047706,0.051166
0.047190,0.050573
0.046674,0.049980
0.046157,0.049388
0.045639,0.048796
0.045122,0.048204
0.044603,0.047613
0.044085,0.047022
0.043566,0.046432
0.043046,0.045842
0.042526,0.045253
0.042005,0.044663
0.041484,0.044075
0.040963,0.043486
0.040441,0.042898
0.039918,0.042311
0.039395,0.041724
0.038872,0.041137
0.038348,0.040551
0.037824,0.039965
0.037299,0.039380
0.036774,0.038795
0.036248,0.038210
0.035722,0.037626
0.035196,0.037042
0.034669,0.036459
0.034141,0.035876
0.033613,0.035293
0.033085,0.034711
0.032556,0.034129
0.032027,0.033548
0.031497,0.032967
0.030967,0.032386
0.030436,0.031806
0.029905,0.031227
0.029373,0.030648
0.028841,0.030069
0.028309,0.029490
0.027776,0.028912
0.027242,0.028335
0.026709,0.027758
0.026174,0.027181
0.025639,0.026605
0.025104,0.026029
0.024569,0.025453
0.024032,0.024878
0.023496,0.024304
0.022959,0.023730
0.022421,0.023156
0.021883,0.022583
0.021345,0.022010
0.020806,0.021437
0.020267,0.020865
0.019727,0.020294
0.019187,0.019722
0.018646,0.019152
0.018105,0.018581
0.017564,0.018011
0.017022,0.017442
0.016479,0.016873
0.015936,0.016304
0.015393,0.015736
0.014849,0.015168
0.014305,0.014601
0.013760,0.014034
0.013215,0.013467
0.012670,0.012901
0.012124,0.012335
0.011577,0.011770
0.011030,0.011205
0.010483,0.010641
0.009935,0.010077
0.009387,0.009513
0.008838,0.008950
0.008289,0.008388
0.007740,0.007826
0.007190,0.007264
0.006639,0.006702
0.006089,0.006141
0.005537,0.005581
0.004986,0.005021
0.004433,0.004461
0.003881,0.003902
0.003328,0.003343
0.002774,0.002785
0.002220,0.002227
0.001666,0.001670
0.001111,0.001113
0.000556,0.000556
-0.000000,-0.000000
0.707107,0.707107
