0.000000,1.414214
0.000278,1.413936
0.000555,1.413658
0.000833,1.413380
0.001110,1.413101
0.001388,1.412823
0.001665,1.412545
0.001942,1.412266
0.002219,1.411988
0.002496,1.411709
0.002773,1.411430
0.003049,1.411151
0.003326,1.410872
0.003602,1.410593
0.003879,1.410313
0.004155,1.410034
0.004431,1.409755
0.004707,1.409475
0.004983,1.409195
0.005259,1.408915
0.005534,1.408635
0.005810,1.408355
0.006086,1.408075
0.006361,1.407795
0.006636,1.407515
0.006911,1.407234
0.007186,1.406953
0.007461,1.406673
0.007736,1.406392
0.008011,1.406111
0.008285,1.405830
0.008560,1.405549
0.008834,1.405268
0.009108,1.404986
0.009382,1.404705
0.009657,1.404423
0.009930,1.404142
0.010204,1.403860
0.010478,1.403578
0.010752,1.403296
0.011025,1.403014
0.011298,1.402732
0.011572,1.402449
0.011845,1.402167
0.012118,1.401884
0.012391,1.401602
0.012664,1.401319
0.012936,1.401036
0.013209,1.400753
0.013481,1.400470
0.013754,1.400187
0.014026,1.399904
0.014298,1.399620
0.014570,1.399337
0.014842,1.399053
0.015114,1.398770
0.015385,1.398486
0.015657,1.398202
0.015929,1.397918
0.016200,1.397634
0.016471,1.397349
0.016742,1.397065
0.017013,1.396781
0.017284,1.396496
0.017555,1.396211
0.017826,1.395927
0.018096,1.395642
0.018367,1.395357
0.018637,1.395072
0.018907,1.394787
0.019177,1.394501
0.019447,1.394216
0.019717,1.393930
0.019987,1.393645
0.020257,1.393359
0.020526,1.393073
0.020796,1.392787
0.021065,1.392501
0.021334,1.392215
0.021604,1.391929
0.021873,1.391642
0.022141,1.391356
0.022410,1.391069
0.022679,1.390783
0.022948,1.390496
0.023216,1.390209
0.023484,1.389922
0.023753,1.389635
0.024021,1.389348
0.024289,1.389060
0.024556,1.388773
0.024824,1.388486
0.025092,1.388198
0.025359,1.387910
0.025627,1.387622
0.025894,1.387334
0.026161,1.387046
0.026428,1.386758
0.026695,1.386470
0.026962,1.386182
0.027229,1.385893
0.027496,1.385605
0.027762,1.385316
0.028029,1.385027
0.028295,1.384738
0.028561,1.384449
0.028827,1.384160
0.029093,1.383871
0.029359,1.383582
0.029625,1.383292
0.029890,1.383003
0.030156,1.382713
0.030421,1.382423
0.030686,1.382134
0.030952,1.381844
0.031217,1.381554
0.031482,1.381263
0.031746,1.380973
0.032011,1.380683
0.032276,1.380392
0.032540,1.380102
0.032805,1.379811
0.033069,1.379520
0.033333,1.379230
0.033597,1.378939
0.033861,1.378648
0.034125,1.378356
0.034388,1.378065
0.034652,1.377774
0.034915,1.377482
0.035179,1.377191
0.035442,1.376899
0.035705,1.376607
0.035968,1.376315
0.036231,1.376023
0.036494,1.375731
0.036756,1.375439
0.037019,1.375147
0.037281,1.374854
0.037543,1.374562
0.037806,1.374269
0.038068,1.373976
0.038330,1.373684
0.038591,1.373391
0.038853,1.373098
0.039115,1.372804
0.039376,1.372511
0.039638,1.372218
0.039899,1.371924
0.040160,1.371631
0.040421,1.371337
0.040682,1.371043
0.040943,1.370750
0.041204,1.370456
0.041464,1.370162
0.041725,1.369867
0.041985,1.369573
0.042245,1.369279
0.042505,1.368984
0.042765,1.368690
0.043025,1.368395
0.043285,1.368100
0.043544,1.367805
0.043804,1.367510
0.044063,1.367215
0.044323,1.366920
0.044582,1.366625
0.044841,1.366330
0.045100,1.366034
0.045359,1.365738
0.045617,1.365443
0.045876,1.365147
0.046135,1.364851
0.046393,1.364555
0.046651,1.364259
0.046909,1.363963
0.047167,1.363666
0.047425,1.363370
0.047683,1.363074
0.047941,1.362777
0.048198,1.362480
0.048456,1.362183
0.048713,1.361887
0.048970,1.361590
0.049227,1.361292
0.049484,1.360995
0.049741,1.360698
0.049998,1.360400
0.050254,1.360103
0.050511,1.359805
0.050767,1.359508
0.051024,1.359210
0.051280,1.358912
0.051536,1.358614
0.051792,1.358316
0.052047,1.358018
0.052303,1.357719
0.052559,1.357421
0.052814,1.357122
0.053069,1.356824
0.053325,1.356525
0.053580,1.356226
0.053835,1.355927
0.054090,1.355628
0.054344,1.355329
0.054599,1.355030
0.054854,1.354731
0.055108,1.354431
0.055362,1.354132
0.055616,1.353832
0.055870,1.353532
0.056124,1.353232
0.056378,1.352933
0.056632,1.352632
0.056885,1.352332
0.057139,1.352032
0.057392,1.351732
0.057645,1.351431
0.057898,1.351131
0.058151,1.350830
0.058404,1.350530
0.058657,1.350229
0.058910,1.349928
0.059162,1.349627
0.059414,1.349326
0.059667,1.349024
0.059919,1.348723
0.060171,1.348422
0.060423,1.348120
0.060675,1.347819
0.060926,1.347517
0.061178,1.347215
0.061429,1.346913
0.061681,1.346611
0.061932,1.346309
0.062183,1.346007
0.062434,1.345705
0.062685,1.345402
0.062935,1.345100
0.063186,1.344797
0.063437,1.344494
0.063687,1.344192
0.063937,1.343889
0.064187,1.343586
0.064437,1.343283
0.064687,1.342979
0.064937,1.342676
0.065187,1.342373
0.065436,1.342069
0.065686,1.341766
0.065935,1.341462
0.066184,1.341158
0.066433,1.340854
0.066682,1.340550
0.066931,1.340246
0.067180,1.339942
0.067428,1.339638
0.067677,1.339334
0.067925,1.339029
0.068173,1.338725
0.068421,1.338420
0.068669,1.338115
0.068917,1.337810
0.069165,1.337505
0.069412,1.337200
0.069660,1.336895
0.069907,1.336590
0.070155,1.336285
0.070402,1.335979
0.070649,1.335674
0.070896,1.335368
0.071142,1.335062
0.071389,1.334757
0.071636,1.334451
0.071882,1.334145
0.072128,1.333839
0.072375,1.333532
0.072621,1.333226
0.072866,1.332920
0.073112,1.332613
0.073358,1.332307
0.073604,1.332000
0.073849,1.331693
0.074094,1.331386
0.074340,1.331079
0.074585,1.330772
0.074830,1.330465
0.075075,1.330158
0.075319,1.329850
0.075564,1.329543
0.075808,1.329235
0.076053,1.328928
0.076297,1.328620
0.076541,1.328312
0.076785,1.328004
0.077029,1.327696
0.077273,1.327388
0.077516,1.327080
0.077760,1.326771
0.078003,1.326463
0.078247,1.326154
0.078490,1.325846
0.078733,1.325537
0.078976,1.325228
0.079219,1.324919
0.079461,1.324610
0.079704,1.324301
0.079946,1.323992
0.080189,1.323683
0.080431,1.323374
0.080673,1.323064
0.080915,1.322754
0.081157,1.322445
0.081398,1.322135
0.081640,1.321825
0.081881,1.321515
0.082123,1.321205
0.082364,1.320895
0.082605,1.320585
0.082846,1.320275
0.083087,1.319964
0.083327,1.319654
0.083568,1.319343
0.083809,1.319032
0.084049,1.318722
0.084289,1.318411
0.084529,1.318100
0.084769,1.317789
0.085009,1.317477
0.085249,1.317166
0.085489,1.316855
0.085728,1.316543
0.085967,1.316232
0.086207,1.315920
0.086446,1.315608
0.086685,1.315297
0.086924,1.314985
0.087163,1.314673
0.087401,1.314361
0.087640,1.314048
0.087878,1.313736
0.088116,1.313424
0.088355,1.313111
0.088593,1.312799
0.088830,1.312486
0.089068,1.312173
0.089306,1.311860
0.089543,1.311547
0.089781,1.311234
0.090018,1.310921
0.090255,1.310608
0.090492,1.310295
0.090729,1.309981
0.090966,1.309668
0.091203,1.309354
0.091439,1.309040
0.091676,1.308727
0.091912,1.308413
0.092148,1.308099
0.092384,1.307785
0.092620,1.307470
0.092856,1.307156
0.093092,1.306842
0.093327,1.306527
0.093563,1.306213
0.093798,1.305898
0.094033,1.305584
0.094268,1.305269
0.094503,1.304954
0.094738,1.304639
0.094973,1.304324
0.095208,1.304009
0.095442,1.303693
0.095676,1.303378
0.095911,1.303062
0.096145,1.302747
0.096379,1.302431
0.096612,1.302116
0.096846,1.301800
0.097080,1.301484
0.097313,1.301168
0.097547,1.300852
0.097780,1.300536
0.098013,1.300219
0.098246,1.299903
0.098479,1.299586
0.098711,1.299270
0.098944,1.298953
0.099176,1.298636
0.099409,1.298320
0.099641,1.298003
0.099873,1.297686
0.100105,1.297369
0.100337,1.297051
0.100569,1.296734
0.100800,1.296417
0.101032,1.296099
0.101263,1.295782
0.101494,1.295464
0.101725,1.295146
0.101956,1.294828
0.102187,1.294511
0.102418,1.294193
0.102649,1.293874
0.102879,1.293556
0.103109,1.293238
0.103340,1.292920
0.103570,1.292601
0.103800,1.292283
0.104030,1.291964
0.104259,1.291645
0.104489,1.291326
0.104718,1.291007
0.104948,1.290688
0.105177,1.290369
0.105406,1.290050
0.105635,1.289731
0.105864,1.289411
0.106093,1.289092
0.106321,1.288772
0.106550,1.288453
0.106778,1.288133
0.107006,1.287813
0.107234,1.287493
0.107462,1.287173
0.107690,1.286853
0.107918,1.286533
0.108145,1.286213
0.108373,1.285893
0.108600,1.285572
0.108827,1.285252
0.109055,1.284931
0.109281,1.284610
0.109508,1.284289
0.109735,1.283969
0.109962,1.283648
0.110188,1.283326
0.110414,1.283005
0.110641,1.282684
0.110867,1.282363
0.111093,1.282041
0.111318,1.281720
0.111544,1.281398
0.111770,1.281077
0.111995,1.280755
0.112221,1.280433
0.112446,1.280111
0.112671,1.279789
0.112896,1.279467
0.113121,1.279145
0.113345,1.278822
0.113570,1.278500
0.113794,1.278177
0.114019,1.277855
0.114243,1.277532
0.114467,1.277209
0.114691,1.276887
0.114914,1.276564
0.115138,1.276241
0.115362,1.275917
0.115585,1.275594
0.115808,1.275271
0.116032,1.274948
0.116255,1.274624
0.116478,1.274301
0.116700,1.273977
0.116923,1.273653
0.117145,1.273330
0.117368,1.273006
0.117590,1.272682
0.117812,1.272358
0.118034,1.272033
0.118256,1.271709
0.118478,1.271385
0.118700,1.271060
0.118921,1.270736
0.119143,1.270411
0.119364,1.270087
0.119585,1.269762
0.119806,1.269437
0.120027,1.269112
0.120248,1.268787
0.120468,1.268462
0.120689,1.268137
0.120909,1.267812
0.121129,1.267486
0.121349,1.267161
0.121569,1.266835
0.121789,1.266510
0.122009,1.266184
0.122228,1.265858
0.122448,1.265532
0.122667,1.265206
0.122887,1.264880
0.123106,1.264554
0.123325,1.264228
0.123543,1.263901
0.123762,1.263575
0.123981,1.263249
0.124199,1.262922
0.124417,1.262595
0.124636,1.262269
0.124854,1.261942
0.125072,1.261615
0.125289,1.261288
0.125507,1.260961
0.125725,1.260634
0.125942,1.260306
0.126159,1.259979
0.126376,1.259652
0.126593,1.259324
0.126810,1.258996
0.127027,1.258669
0.127244,1.258341
0.127460,1.258013
0.127677,1.257685
0.127893,1.257357
0.128109,1.257029
0.128325,1.256701
0.128541,1.256373
0.128757,1.256044
0.128972,1.255716
0.129188,1.255387
0.129403,1.255059
0.129618,1.254730
0.129833,1.254401
0.130048,1.254072
0.130263,1.253743
0.130478,1.253414
0.130693,1.253085
0.130907,1.252756
0.131121,1.252427
0.131335,1.252097
0.131550,1.251768
0.131763,1.251438
0.131977,1.251109
0.132191,1.250779
0.132404,1.250449
0.132618,1.250119
0.132831,1.249789
0.133044,1.249459
0.133257,1.249129
0.133470,1.248799
0.133683,1.248469
0.133896,1.248138
0.134108,1.247808
0.134321,1.247477
0.134533,1.247147
0.134745,1.246816
0.134957,1.246485
0.135169,1.246154
0.135380,1.245823
0.135592,1.245492
0.135803,1.245161
0.136015,1.244830
0.136226,1.244498
0.136437,1.244167
0.136648,1.243836
0.136859,1.243504
0.137070,1.243172
0.137280,1.242841
0.137491,1.242509
0.137701,1.242177
0.137911,1.241845
0.138121,1.241513
0.138331,1.241181
0.138541,1.240849
0.138750,1.240516
0.138960,1.240184
0.139169,1.239852
0.139378,1.239519
0.139588,1.239186
0.139797,1.238854
0.140005,1.238521
0.140214,1.238188
0.140423,1.237855
0.140631,1.237522
0.140840,1.237189
0.141048,1.236856
0.141256,1.236522
0.141464,1.236189
0.141672,1.235856
0.141879,1.235522
0.142087,1.235189
0.142294,1.234855
0.142501,1.234521
0.142709,1.234187
0.142916,1.233853
0.143123,1.233519
0.143329,1.233185
0.143536,1.232851
0.143742,1.232517
0.143949,1.232182
0.144155,1.231848
0.144361,1.231514
0.144567,1.231179
0.144773,1.230844
0.144979,1.230510
0.145184,1.230175
0.145390,1.229840
0.145595,1.229505
0.145800,1.229170
0.146005,1.228835
0.146210,1.228499
0.146415,1.228164
0.146620,1.227829
0.146824,1.227493
0.147028,1.227158
0.147233,1.226822
0.147437,1.226486
0.147641,1.226151
0.147845,1.225815
0.148048,1.225479
0.148252,1.225143
0.148456,1.224807
0.148659,1.224470
0.148862,1.224134
0.149065,1.223798
0.149268,1.223461
0.149471,1.223125
0.149674,1.222788
0.149876,1.222452
0.150079,1.222115
0.150281,1.221778
0.150483,1.221441
0.150685,1.221104
0.150887,1.220767
0.151089,1.220430
0.151290,1.220093
0.151492,1.219755
0.151693,1.219418
0.151894,1.219081
0.152095,1.218743
0.152296,1.218405
0.152497,1.218068
0.152698,1.217730
0.152898,1.217392
0.153099,1.217054
0.153299,1.216716
0.153499,1.216378
0.153699,1.216040
0.153899,1.215702
0.154099,1.215363
0.154299,1.215025
0.154498,1.214687
0.154697,1.214348
0.154897,1.214009
0.155096,1.213671
0.155295,1.213332
0.155493,1.212993
0.155692,1.212654
0.155891,1.212315
0.156089,1.211976
0.156287,1.211637
0.156486,1.211297
0.156684,1.210958
0.156882,1.210619
0.157079,1.210279
0.157277,1.209940
0.157474,1.209600
0.157672,1.209260
0.157869,1.208920
0.158066,1.208581
0.158263,1.208241
0.158460,1.207901
0.158657,1.207560
0.158853,1.207220
0.159050,1.206880
0.159246,1.206540
0.159442,1.206199
0.159638,1.205859
0.159834,1.205518
0.160030,1.205177
0.160225,1.204837
0.160421,1.204496
0.160616,1.204155
0.160811,1.203814
0.161006,1.203473
0.161201,1.203132
0.161396,1.202791
0.161591,1.202449
0.161785,1.202108
0.161980,1.201767
0.162174,1.201425
0.162368,1.201084
0.162562,1.200742
0.162756,1.200400
0.162950,1.200058
0.163144,1.199717
0.163337,1.199375
0.163530,1.199033
0.163724,1.198690
0.163917,1.198348
0.164110,1.198006
0.164302,1.197664
0.164495,1.197321
0.164688,1.196979
0.164880,1.196636
0.165072,1.196294
0.165264,1.195951
0.165456,1.195608
0.165648,1.195265
0.165840,1.194922
0.166032,1.194579
0.166223,1.194236
0.166414,1.193893
0.166606,1.193550
0.166797,1.193206
0.166988,1.192863
0.167178,1.192520
0.167369,1.192176
0.167559,1.191832
0.167750,1.191489
0.167940,1.191145
0.168130,1.190801
0.168320,1.190457
0.168510,1.190113
0.168700,1.189769
0.168889,1.189425
0.169079,1.189081
0.169268,1.188737
0.169457,1.188392
0.169646,1.188048
0.169835,1.187703
0.170024,1.187359
0.170212,1.187014
0.170401,1.186669
0.170589,1.186324
0.170778,1.185980
0.170966,1.185635
0.171154,1.185290
0.171341,1.184944
0.171529,1.184599
0.171717,1.184254
0.171904,1.183909
0.172091,1.183563
0.172278,1.183218
0.172465,1.182872
0.172652,1.182527
0.172839,1.182181
0.173026,1.181835
0.173212,1.181489
0.173398,1.181143
0.173584,1.180798
0.173771,1.180451
0.173956,1.180105
0.174142,1.179759
0.174328,1.179413
0.174513,1.179066
0.174699,1.178720
0.174884,1.178374
0.175069,1.178027
0.175254,1.177680
0.175439,1.177334
0.175623,1.176987
0.175808,1.176640
0.175992,1.176293
0.176177,1.175946
0.176361,1.175599
0.176545,1.175252
0.176729,1.174905
0.176912,1.174557
0.177096,1.174210
0.177279,1.173863
0.177463,1.173515
0.177646,1.173167
0.177829,1.172820
0.178012,1.172472
0.178195,1.172124
0.178377,1.171776
0.178560,1.171428
0.178742,1.171080
0.178924,1.170732
0.179107,1.170384
0.179288,1.170036
0.179470,1.169688
0.179652,1.169339
0.179833,1.168991
0.180015,1.168642
0.180196,1.168294
0.180377,1.167945
0.180558,1.167596
0.180739,1.167248
0.180920,1.166899
0.181100,1.166550
0.181281,1.166201
0.181461,1.165852
0.181641,1.165503
0.181821,1.165153
0.182001,1.164804
0.182181,1.164455
0.182361,1.164105
0.182540,1.163756
0.182720,1.163406
0.182899,1.163057
0.183078,1.162707
0.183257,1.162357
0.183436,1.162007
0.183614,1.161657
0.183793,1.161307
0.183971,1.160957
0.184149,1.160607
0.184327,1.160257
0.184505,1.159907
0.184683,1.159556
0.184861,1.159206
0.185038,1.158855
0.185216,1.158505
0.185393,1.158154
0.185570,1.157804
0.185747,1.157453
0.185924,1.157102
0.186101,1.156751
0.186278,1.156400
0.186454,1.156049
0.186630,1.155698
0.186807,1.155347
0.186983,1.154995
0.187158,1.154644
0.187334,1.154293
0.187510,1.153941
0.187685,1.153590
0.187861,1.153238
0.188036,1.152887
0.188211,1.152535
0.188386,1.152183
0.188561,1.151831
0.188735,1.151479
0.188910,1.151127
0.189084,1.150775
0.189259,1.150423
0.189433,1.150071
0.189607,1.149718
0.189780,1.149366
0.189954,1.149014
0.190128,1.148661
0.190301,1.148309
0.190474,1.147956
0.190648,1.147603
0.190821,1.147251
0.190993,1.146898
0.191166,1.146545
0.191339,1.146192
0.191511,1.145839
0.191683,1.145486
0.191856,1.145133
0.192028,1.144779
0.192200,1.144426
0.192371,1.144073
0.192543,1.143719
0.192714,1.143366
0.192886,1.143012
0.193057,1.142659
0.193228,1.142305
0.193399,1.141951
0.193570,1.141597
0.193740,1.141243
0.193911,1.140889
0.194081,1.140535
0.194251,1.140181
0.194421,1.139827
0.194591,1.139473
0.194761,1.139119
0.194931,1.138764
0.195100,1.138410
0.195270,1.138055
0.195439,1.137701
0.195608,1.137346
0.195777,1.136991
0.195946,1.136637
0.196115,1.136282
0.196283,1.135927
0.196452,1.135572
0.196620,1.135217
0.196788,1.134862
0.196956,1.134506
0.197124,1.134151
0.197292,1.133796
0.197459,1.133441
0.197627,1.133085
0.197794,1.132730
0.197961,1.132374
0.198128,1.132018
0.198295,1.131663
0.198462,1.131307
0.198628,1.130951
0.198795,1.130595
0.198961,1.130239
0.199127,1.129883
0.199293,1.129527
0.199459,1.129171
0.199625,1.128815
0.199791,1.128459
0.199956,1.128102
0.200121,1.127746
0.200287,1.127389
0.200452,1.127033
0.200616,1.126676
0.200781,1.126319
0.200946,1.125963
0.201110,1.125606
0.201275,1.125249
0.201439,1.124892
0.201603,1.124535
0.201767,1.124178
0.201931,1.123821
0.202094,1.123464
0.202258,1.123107
0.202421,1.122749
0.202585,1.122392
0.202748,1.122034
0.202911,1.121677
0.203073,1.121319
0.203236,1.120962
0.203399,1.120604
0.203561,1.120246
0.203723,1.119888
0.203885,1.119530
0.204047,1.119173
0.204209,1.118814
0.204371,1.118456
0.204532,1.118098
0.204694,1.117740
0.204855,1.117382
0.205016,1.117023
0.205177,1.116665
0.205338,1.116307
0.205499,1.115948
0.205659,1.115589
0.205820,1.115231
0.205980,1.114872
0.206140,1.114513
0.206300,1.114154
0.206460,1.113796
0.206620,1.113437
0.206779,1.113078
0.206939,1.112718
0.207098,1.112359
0.207257,1.112000
0.207416,1.111641
0.207575,1.111281
0.207734,1.110922
0.207892,1.110563
0.208051,1.110203
0.208209,1.109843
0.208367,1.109484
0.208525,1.109124
0.208683,1.108764
0.208841,1.108404
0.208998,1.108045
0.209156,1.107685
0.209313,1.107325
0.209470,1.106965
0.209627,1.106604
0.209784,1.106244
0.209941,1.105884
0.210098,1.105524
0.210254,1.105163
0.210411,1.104803
0.210567,1.104442
0.210723,1.104082
0.210879,1.103721
0.211034,1.103360
0.211190,1.102999
0.211345,1.102639
0.211501,1.102278
0.211656,1.101917
0.211811,1.101556
0.211966,1.101195
0.212121,1.100834
0.212275,1.100472
0.212430,1.100111
0.212584,1.099750
0.212738,1.099388
0.212892,1.099027
0.213046,1.098666
0.213200,1.098304
0.213354,1.097942
0.213507,1.097581
0.213661,1.097219
0.213814,1.096857
0.213967,1.096495
0.214120,1.096133
0.214273,1.095771
0.214425,1.095409
0.214578,1.095047
0.214730,1.094685
0.214882,1.094323
0.215034,1.093961
0.215186,1.093598
0.215338,1.093236
0.215490,1.092873
0.215641,1.092511
0.215792,1.092148
0.215944,1.091786
0.216095,1.091423
0.216246,1.091060
0.216396,1.090697
0.216547,1.090335
0.216698,1.089972
0.216848,1.089609
0.216998,1.089246
0.217148,1.088883
0.217298,1.088519
0.217448,1.088156
0.217598,1.087793
0.217747,1.087430
0.217896,1.087066
0.218046,1.086703
0.218195,1.086339
0.218344,1.085976
0.218492,1.085612
0.218641,1.085248
0.218790,1.084885
0.218938,1.084521
0.219086,1.084157
0.219234,1.083793
0.219382,1.083429
0.219530,1.083065
0.219678,1.082701
0.219825,1.082337
0.219972,1.081972
0.220120,1.081608
0.220267,1.081244
0.220414,1.080879
0.220560,1.080515
0.220707,1.080150
0.220853,1.079786
0.221000,1.079421
0.221146,1.079057
0.221292,1.078692
0.221438,1.078327
0.221584,1.077962
0.221729,1.077597
0.221875,1.077232
0.222020,1.076867
0.222166,1.076502
0.222311,1.076137
0.222455,1.075772
0.222600,1.075407
0.222745,1.075041
0.222889,1.074676
0.223034,1.074311
0.223178,1.073945
0.223322,1.073580
0.223466,1.073214
0.223610,1.072848
0.223753,1.072483
0.223897,1.072117
0.224040,1.071751
0.224183,1.071385
0.224326,1.071019
0.224469,1.070653
0.224612,1.070287
0.224755,1.069921
0.224897,1.069555
0.225039,1.069189
0.225182,1.068823
0.225324,1.068456
0.225466,1.068090
0.225607,1.067723
0.225749,1.067357
0.225890,1.066990
0.226032,1.066624
0.226173,1.066257
0.226314,1.065890
0.226455,1.065524
0.226596,1.065157
0.226736,1.064790
0.226877,1.064423
0.227017,1.064056
0.227157,1.063689
0.227297,1.063322
0.227437,1.062955
0.227577,1.062588
0.227716,1.062220
0.227856,1.061853
0.227995,1.061486
0.228134,1.061118
0.228273,1.060751
0.228412,1.060383
0.228551,1.060016
0.228690,1.059648
0.228828,1.059280
0.228966,1.058912
0.229104,1.058545
0.229242,1.058177
0.229380,1.057809
0.229518,1.057441
0.229656,1.057073
0.229793,1.056705
0.229930,1.056337
0.230067,1.055969
0.230204,1.055600
0.230341,1.055232
0.230478,1.054864
0.230615,1.054495
0.230751,1.054127
0.230887,1.053758
0.231023,1.053390
0.231159,1.053021
0.231295,1.052652
0.231431,1.052284
0.231566,1.051915
0.231702,1.051546
0.231837,1.051177
0.231972,1.050808
0.232107,1.050439
0.232242,1.050070
0.232377,1.049701
0.232511,1.049332
0.232646,1.048963
0.232780,1.048594
0.232914,1.048224
0.233048,1.047855
0.233182,1.047486
0.233315,1.047116
0.233449,1.046747
0.233582,1.046377
0.233715,1.046007
0.233848,1.045638
0.233981,1.045268
0.234114,1.044898
0.234247,1.044528
0.234379,1.044158
0.234512,1.043789
0.234644,1.043419
0.234776,1.043049
0.234908,1.042678
0.235040,1.042308
0.235171,1.041938
0.235303,1.041568
0.235434,1.041198
0.235565,1.040827
0.235696,1.040457
0.235827,1.040086
0.235958,1.039716
0.236089,1.039345
0.236219,1.038975
0.236349,1.038604
0.236480,1.038233
0.236610,1.037863
0.236739,1.037492
0.236869,1.037121
0.236999,1.036750
0.237128,1.036379
0.237258,1.036008
0.237387,1.035637
0.237516,1.035266
0.237645,1.034895
0.237773,1.034524
0.237902,1.034152
0.238030,1.033781
0.238159,1.033410
0.238287,1.033038
0.238415,1.032667
0.238542,1.032295
0.238670,1.031924
0.238798,1.031552
0.238925,1.031180
0.239052,1.030809
0.239179,1.030437
0.239306,1.030065
0.239433,1.029693
0.239560,1.029321
0.239686,1.028949
0.239813,1.028577
0.239939,1.028205
0.240065,1.027833
0.240191,1.027461
0.240317,1.027089
0.240443,1.026716
0.240568,1.026344
0.240693,1.025972
0.240819,1.025599
0.240944,1.025227
0.241069,1.024854
0.241193,1.024482
0.241318,1.024109
0.241442,1.023737
0.241567,1.023364
0.241691,1.022991
0.241815,1.022618
0.241939,1.022245
0.242063,1.021873
0.242186,1.021500
0.242310,1.021127
0.242433,1.020754
0.242556,1.020380
0.242679,1.020007
0.242802,1.019634
0.242925,1.019261
0.243047,1.018888
0.243170,1.018514
0.243292,1.018141
0.243414,1.017767
0.243536,1.017394
0.243658,1.017020
0.243780,1.016647
0.243901,1.016273
0.244023,1.015900
0.244144,1.015526
0.244265,1.015152
0.244386,1.014778
0.244507,1.014404
0.244627,1.014031
0.244748,1.013657
0.244868,1.013283
0.244988,1.012908
0.245109,1.012534
0.245228,1.012160
0.245348,1.011786
0.245468,1.011412
0.245587,1.011038
0.245707,1.010663
0.245826,1.010289
0.245945,1.009914
0.246064,1.009540
0.246183,1.009165
0.246301,1.008791
0.246420,1.008416
0.246538,1.008042
0.246656,1.007667
0.246774,1.007292
0.246892,1.006917
0.247010,1.006542
0.247127,1.006168
0.247245,1.005793
0.247362,1.005418
0.247479,1.005043
0.247596,1.004668
0.247713,1.004292
0.247830,1.003917
0.247946,1.003542
0.248063,1.003167
0.248179,1.002791
0.248295,1.002416
0.248411,1.002041
0.248527,1.001665
0.248642,1.001290
0.248758,1.000914
0.248873,1.000539
0.248988,1.000163
0.249103,0.999787
0.249218,0.999412
0.249333,0.999036
0.249448,0.998660
0.249562,0.998284
0.249677,0.997908
0.249791,0.997532
0.249905,0.997156
0.250019,0.996780
0.250132,0.996404
0.250246,0.996028
0.250359,0.995652
0.250473,0.995276
0.250586,0.994900
0.250699,0.994523
0.250812,0.994147
0.250924,0.993771
0.251037,0.993394
0.251149,0.993018
0.251262,0.992641
0.251374,0.992265
0.251486,0.991888
0.251598,0.991511
0.251709,0.991135
0.251821,0.990758
0.251932,0.990381
0.252043,0.990004
0.252154,0.989627
0.252265,0.989251
0.252376,0.988874
0.252487,0.988497
0.252597,0.988120
0.252708,0.987742
0.252818,0.987365
0.252928,0.986988
0.253038,0.986611
0.253147,0.986234
0.253257,0.985856
0.253366,0.985479
0.253476,0.985102
0.253585,0.984724
0.253694,0.984347
0.253803,0.983969
0.253911,0.983592
0.254020,0.983214
0.254128,0.982836
0.254237,0.982459
0.254345,0.982081
0.254453,0.981703
0.254561,0.981325
0.254668,0.980948
0.254776,0.980570
0.254883,0.980192
0.254990,0.979814
0.255097,0.979436
0.255204,0.979058
0.255311,0.978680
0.255418,0.978301
0.255524,0.977923
0.255631,0.977545
0.255737,0.977167
0.255843,0.976788
0.255949,0.976410
0.256054,0.976032
0.256160,0.975653
0.256265,0.975275
0.256371,0.974896
0.256476,0.974518
0.256581,0.974139
0.256686,0.973760
0.256790,0.973382
0.256895,0.973003
0.256999,0.972624
0.257104,0.972245
0.257208,0.971867
0.257312,0.971488
0.257415,0.971109
0.257519,0.970730
0.257623,0.970351
0.257726,0.969972
0.257829,0.969593
0.257932,0.969213
0.258035,0.968834
0.258138,0.968455
0.258240,0.968076
0.258343,0.967696
0.258445,0.967317
0.258547,0.966938
0.258649,0.966558
0.258751,0.966179
0.258853,0.965799
0.258954,0.965420
0.259056,0.965040
0.259157,0.964661
0.259258,0.964281
0.259359,0.963901
0.259460,0.963521
0.259561,0.963142
0.259661,0.962762
0.259762,0.962382
0.259862,0.962002
0.259962,0.961622
0.260062,0.961242
0.260162,0.960862
0.260261,0.960482
0.260361,0.960102
0.260460,0.959722
0.260559,0.959342
0.260658,0.958962
0.260757,0.958581
0.260856,0.958201
0.260954,0.957821
0.261053,0.957440
0.261151,0.957060
0.261249,0.956679
0.261347,0.956299
0.261445,0.955918
0.261543,0.955538
0.261640,0.955157
0.261738,0.954777
0.261835,0.954396
0.261932,0.954015
0.262029,0.953635
0.262126,0.953254
0.262222,0.952873
0.262319,0.952492
0.262415,0.952111
0.262511,0.951730
0.262607,0.951349
0.262703,0.950968
0.262799,0.950587
0.262895,0.950206
0.262990,0.949825
0.263085,0.949444
0.263180,0.949063
0.263275,0.948681
0.263370,0.948300
0.263465,0.947919
0.263560,0.947537
0.263654,0.947156
0.263748,0.946775
0.263842,0.946393
0.263936,0.946012
0.264030,0.945630
0.264124,0.945248
0.264217,0.944867
0.264310,0.944485
0.264404,0.944104
0.264497,0.943722
0.264590,0.943340
0.264682,0.942958
0.264775,0.942576
0.264867,0.942195
0.264960,0.941813
0.265052,0.941431
0.265144,0.941049
0.265236,0.940667
0.265327,0.940285
0.265419,0.939903
0.265510,0.939521
0.265601,0.939138
0.265693,0.938756
0.265784,0.938374
0.265874,0.937992
0.265965,0.937609
0.266055,0.937227
0.266146,0.936845
0.266236,0.936462
0.266326,0.936080
0.266416,0.935697
0.266506,0.935315
0.266595,0.934932
0.266685,0.934550
0.266774,0.934167
0.266863,0.933784
0.266952,0.933402
0.267041,0.933019
0.267130,0.932636
0.267218,0.932253
0.267306,0.931871
0.267395,0.931488
0.267483,0.931105
0.267571,0.930722
0.267659,0.930339
0.267746,0.929956
0.267834,0.929573
0.267921,0.929190
0.268008,0.928807
0.268095,0.928424
0.268182,0.928041
0.268269,0.927657
0.268355,0.927274
0.268442,0.926891
0.268528,0.926508
0.268614,0.926124
0.268700,0.925741
0.268786,0.925357
0.268872,0.924974
0.268957,0.924590
0.269043,0.924207
0.269128,0.923823
0.269213,0.923440
0.269298,0.923056
0.269383,0.922673
0.269467,0.922289
0.269552,0.921905
0.269636,0.921521
0.269720,0.921138
0.269804,0.920754
0.269888,0.920370
0.269972,0.919986
0.270055,0.919602
0.270139,0.919218
0.270222,0.918834
0.270305,0.918450
0.270388,0.918066
0.270471,0.917682
0.270553,0.917298
0.270636,0.916914
0.270718,0.916530
0.270801,0.916146
0.270883,0.915761
0.270965,0.915377
0.271046,0.914993
0.271128,0.914609
0.271209,0.914224
0.271291,0.913840
0.271372,0.913455
0.271453,0.913071
0.271534,0.912686
0.271614,0.912302
0.271695,0.911917
0.271775,0.911533
0.271855,0.911148
0.271936,0.910763
0.272016,0.910379
0.272095,0.909994
0.272175,0.909609
0.272254,0.909225
0.272334,0.908840
0.272413,0.908455
0.272492,0.908070
0.272571,0.907685
0.272650,0.907300
0.272728,0.906915
0.272807,0.906530
0.272885,0.906145
0.272963,0.905760
0.273041,0.905375
0.273119,0.904990
0.273196,0.904605
0.273274,0.904220
0.273351,0.903835
0.273429,0.903449
0.273506,0.903064
0.273583,0.902679
0.273659,0.902293
0.273736,0.901908
0.273812,0.901523
0.273889,0.901137
0.273965,0.900752
0.274041,0.900366
0.274117,0.899981
0.274192,0.899595
0.274268,0.899210
0.274343,0.898824
0.274419,0.898439
0.274494,0.898053
0.274569,0.897667
0.274643,0.897282
0.274718,0.896896
0.274793,0.896510
0.274867,0.896124
0.274941,0.895738
0.275015,0.895353
0.275089,0.894967
0.275163,0.894581
0.275236,0.894195
0.275310,0.893809
0.275383,0.893423
0.275456,0.893037
0.275529,0.892651
0.275602,0.892265
0.275675,0.891879
0.275747,0.891492
0.275820,0.891106
0.275892,0.890720
0.275964,0.890334
0.276036,0.889948
0.276108,0.889561
0.276179,0.889175
0.276251,0.888789
0.276322,0.888402
0.276393,0.888016
0.276464,0.887629
0.276535,0.887243
0.276606,0.886856
0.276676,0.886470
0.276747,0.886083
0.276817,0.885697
0.276887,0.885310
0.276957,0.884924
0.277027,0.884537
0.277096,0.884150
0.277166,0.883764
0.277235,0.883377
0.277304,0.882990
0.277373,0.882603
0.277442,0.882216
0.277511,0.881830
0.277579,0.881443
0.277648,0.881056
0.277716,0.880669
0.277784,0.880282
0.277852,0.879895
0.277920,0.879508
0.277988,0.879121
0.278055,0.878734
0.278123,0.878347
0.278190,0.877960
0.278257,0.877573
0.278324,0.877186
0.278390,0.876798
0.278457,0.876411
0.278523,0.876024
0.278590,0.875637
0.278656,0.875249
0.278722,0.874862
0.278788,0.874475
0.278853,0.874087
0.278919,0.873700
0.278984,0.873312
0.279050,0.872925
0.279115,0.872538
0.279180,0.872150
0.279244,0.871763
0.279309,0.871375
0.279373,0.870987
0.279438,0.870600
0.279502,0.870212
0.279566,0.869825
0.279630,0.869437
0.279693,0.869049
0.279757,0.868661
0.279820,0.868274
0.279884,0.867886
0.279947,0.867498
0.280010,0.867110
0.280072,0.866723
0.280135,0.866335
0.280198,0.865947
0.280260,0.865559
0.280322,0.865171
0.280384,0.864783
0.280446,0.864395
0.280508,0.864007
0.280569,0.863619
0.280631,0.863231
0.280692,0.862843
0.280753,0.862455
0.280814,0.862066
0.280875,0.861678
0.280935,0.861290
0.280996,0.860902
0.281056,0.860514
0.281117,0.860125
0.281177,0.859737
0.281236,0.859349
0.281296,0.858960
0.281356,0.858572
0.281415,0.858184
0.281474,0.857795
0.281534,0.857407
0.281593,0.857019
0.281651,0.856630
0.281710,0.856242
0.281769,0.855853
0.281827,0.855464
0.281885,0.855076
0.281943,0.854687
0.282001,0.854299
0.282059,0.853910
0.282117,0.853521
0.282174,0.853133
0.282231,0.852744
0.282288,0.852355
0.282345,0.851967
0.282402,0.851578
0.282459,0.851189
0.282515,0.850800
0.282572,0.850411
0.282628,0.850023
0.282684,0.849634
0.282740,0.849245
0.282796,0.848856
0.282851,0.848467
0.282907,0.848078
0.282962,0.847689
0.283017,0.847300
0.283072,0.846911
0.283127,0.846522
0.283182,0.846133
0.283236,0.845744
0.283291,0.845355
0.283345,0.844966
0.283399,0.844576
0.283453,0.844187
0.283507,0.843798
0.283561,0.843409
0.283614,0.843020
0.283667,0.842630
0.283721,0.842241
0.283774,0.841852
0.283826,0.841462
0.283879,0.841073
0.283932,0.840684
0.283984,0.840294
0.284036,0.839905
0.284088,0.839515
0.284140,0.839126
0.284192,0.838737
0.284244,0.838347
0.284295,0.837958
0.284347,0.837568
0.284398,0.837179
0.284449,0.836789
0.284500,0.836399
0.284550,0.836010
0.284601,0.835620
0.284651,0.835230
0.284702,0.834841
0.284752,0.834451
0.284802,0.834061
0.284852,0.833672
0.284901,0.833282
0.284951,0.832892
0.285000,0.832502
0.285049,0.832113
0.285098,0.831723
0.285147,0.831333
0.285196,0.830943
0.285244,0.830553
0.285293,0.830163
0.285341,0.829773
0.285389,0.829383
0.285437,0.828993
0.285485,0.828603
0.285533,0.828213
0.285580,0.827823
0.285628,0.827433
0.285675,0.827043
0.285722,0.826653
0.285769,0.826263
0.285815,0.825873
0.285862,0.825483
0.285908,0.825093
0.285955,0.824703
0.286001,0.824313
0.286047,0.823922
0.286093,0.823532
0.286138,0.823142
0.286184,0.822752
0.286229,0.822361
0.286274,0.821971
0.286319,0.821581
0.286364,0.821190
0.286409,0.820800
0.286454,0.820410
0.286498,0.820019
0.286542,0.819629
0.286587,0.819239
0.286631,0.818848
0.286674,0.818458
0.286718,0.818067
0.286762,0.817677
0.286805,0.817286
0.286848,0.816896
0.286891,0.816505
0.286934,0.816115
0.286977,0.815724
0.287019,0.815334
0.287062,0.814943
0.287104,0.814552
0.287146,0.814162
0.287188,0.813771
0.287230,0.813380
0.287272,0.812990
0.287313,0.812599
0.287355,0.812208
0.287396,0.811818
0.287437,0.811427
0.287478,0.811036
0.287519,0.810645
0.287559,0.810255
0.287600,0.809864
0.287640,0.809473
0.287680,0.809082
0.287720,0.808691
0.287760,0.808300
0.287800,0.807909
0.287839,0.807519
0.287879,0.807128
0.287918,0.806737
0.287957,0.806346
0.287996,0.805955
0.288035,0.805564
0.288073,0.805173
0.288112,0.804782
0.288150,0.804391
0.288188,0.804000
0.288226,0.803609
0.288264,0.803218
0.288302,0.802827
0.288339,0.802435
0.288376,0.802044
0.288414,0.801653
0.288451,0.801262
0.288488,0.800871
0.288524,0.800480
0.288561,0.800089
0.288597,0.799697
0.288634,0.799306
0.288670,0.798915
0.288706,0.798524
0.288742,0.798132
0.288777,0.797741
0.288813,0.797350
0.288848,0.796959
0.288884,0.796567
0.288919,0.796176
0.288954,0.795785
0.288988,0.795393
0.289023,0.795002
0.289057,0.794610
0.289092,0.794219
0.289126,0.793828
0.289160,0.793436
0.289194,0.793045
0.289227,0.792653
0.289261,0.792262
0.289294,0.791870
0.289328,0.791479
0.289361,0.791087
0.289394,0.790696
0.289426,0.790304
0.289459,0.789913
0.289491,0.789521
0.289524,0.789130
0.289556,0.788738
0.289588,0.788347
0.289620,0.787955
0.289651,0.787563
0.289683,0.787172
0.289714,0.786780
0.289745,0.786388
0.289777,0.785997
0.289807,0.785605
0.289838,0.785213
0.289869,0.784822
0.289899,0.784430
0.289930,0.784038
0.289960,0.783646
0.289990,0.783255
0.290020,0.782863
0.290049,0.782471
0.290079,0.782079
0.290108,0.781688
0.290137,0.781296
0.290166,0.780904
0.290195,0.780512
0.290224,0.780120
0.290253,0.779728
0.290281,0.779337
0.290310,0.778945
0.290338,0.778553
0.290366,0.778161
0.290394,0.777769
0.290421,0.777377
0.290449,0.776985
0.290476,0.776593
0.290503,0.776201
0.290530,0.775809
0.290557,0.775417
0.290584,0.775025
0.290611,0.774633
0.290637,0.774241
0.290663,0.773849
0.290690,0.773457
0.290716,0.773065
0.290741,0.772673
0.290767,0.772281
0.290793,0.771889
0.290818,0.771497
0.290843,0.771105
0.290868,0.770713
0.290893,0.770321
0.290918,0.769929
0.290943,0.769537
0.290967,0.769144
0.290991,0.768752
0.291015,0.768360
0.291039,0.767968
0.291063,0.767576
0.291087,0.767184
0.291111,0.766791
0.291134,0.766399
0.291157,0.766007
0.291180,0.765615
0.291203,0.765223
0.291226,0.764830
0.291248,0.764438
0.291271,0.764046
0.291293,0.763654
0.291315,0.763261
0.291337,0.762869
0.291359,0.762477
0.291381,0.762084
0.291402,0.761692
0.291424,0.761300
0.291445,0.760907
0.291466,0.760515
0.291487,0.760123
0.291508,0.759730
0.291528,0.759338
0.291549,0.758946
0.291569,0.758553
0.291589,0.758161
0.291609,0.757769
0.291629,0.757376
0.291649,0.756984
0.291668,0.756591
0.291687,0.756199
0.291707,0.755807
0.291726,0.755414
0.291745,0.755022
0.291763,0.754629
0.291782,0.754237
0.291800,0.753844
0.291819,0.753452
0.291837,0.753059
0.291855,0.752667
0.291873,0.752274
0.291890,0.751882
0.291908,0.751489
0.291925,0.751097
0.291942,0.750704
0.291959,0.750312
0.291976,0.749919
0.291993,0.749527
0.292010,0.749134
0.292026,0.748742
0.292042,0.748349
0.292059,0.747957
0.292074,0.747564
0.292090,0.747171
0.292106,0.746779
0.292121,0.746386
0.292137,0.745994
0.292152,0.745601
0.292167,0.745208
0.292182,0.744816
0.292197,0.744423
0.292211,0.744031
0.292226,0.743638
0.292240,0.743245
0.292254,0.742853
0.292268,0.742460
0.292282,0.742067
0.292296,0.741675
0.292309,0.741282
0.292322,0.740889
0.292336,0.740497
0.292349,0.740104
0.292362,0.739711
0.292374,0.739319
0.292387,0.738926
0.292399,0.738533
0.292412,0.738141
0.292424,0.737748
0.292436,0.737355
0.292447,0.736962
0.292459,0.736570
0.292471,0.736177
0.292482,0.735784
0.292493,0.735391
0.292504,0.734999
0.292515,0.734606
0.292526,0.734213
0.292536,0.733820
0.292547,0.733428
0.292557,0.733035
0.292567,0.732642
0.292577,0.732249
0.292587,0.731857
0.292597,0.731464
0.292606,0.731071
0.292615,0.730678
0.292625,0.730286
0.292634,0.729893
0.292642,0.729500
0.292651,0.729107
0.292660,0.728714
0.292668,0.728322
0.292676,0.727929
0.292685,0.727536
0.292692,0.727143
0.292700,0.726750
0.292708,0.726357
0.292715,0.725965
0.292723,0.725572
0.292730,0.725179
0.292737,0.724786
0.292744,0.724393
0.292751,0.724000
0.292757,0.723608
0.292763,0.723215
0.292770,0.722822
0.292776,0.722429
0.292782,0.722036
0.292788,0.721643
0.292793,0.721251
0.292799,0.720858
0.292804,0.720465
0.292809,0.720072
0.292814,0.719679
0.292819,0.719286
0.292824,0.718893
0.292828,0.718501
0.292833,0.718108
0.292837,0.717715
0.292841,0.717322
0.292845,0.716929
0.292849,0.716536
0.292852,0.716143
0.292856,0.715750
0.292859,0.715357
0.292862,0.714965
0.292865,0.714572
0.292868,0.714179
0.292871,0.713786
0.292873,0.713393
0.292876,0.713000
0.292878,0.712607
0.292880,0.712214
0.292882,0.711822
0.292884,0.711429
0.292886,0.711036
0.292887,0.710643
0.292888,0.710250
0.292889,0.709857
0.292890,0.709464
0.292891,0.709071
0.292892,0.708678
0.292893,0.708285
0.292893,0.707893
0.292893,0.707500
0.292893,0.707107
0.292893,0.706714
0.292893,0.706321
0.292893,0.705928
0.292892,0.705535
0.292891,0.705142
0.292890,0.704749
0.292889,0.704357
0.292888,0.703964
0.292887,0.703571
0.292886,0.703178
0.292884,0.702785
0.292882,0.702392
0.292880,0.701999
0.292878,0.701606
0.292876,0.701213
0.292873,0.700820
0.292871,0.700428
0.292868,0.700035
0.292865,0.699642
0.292862,0.699249
0.292859,0.698856
0.292856,0.698463
0.292852,0.698070
0.292849,0.697677
0.292845,0.697285
0.292841,0.696892
0.292837,0.696499
0.292833,0.696106
0.292828,0.695713
0.292824,0.695320
0.292819,0.694927
0.292814,0.694534
0.292809,0.694142
0.292804,0.693749
0.292799,0.693356
0.292793,0.692963
0.292788,0.692570
0.292782,0.692177
0.292776,0.691784
0.292770,0.691392
0.292763,0.690999
0.292757,0.690606
0.292751,0.690213
0.292744,0.689820
0.292737,0.689427
0.292730,0.689035
0.292723,0.688642
0.292715,0.688249
0.292708,0.687856
0.292700,0.687463
0.292692,0.687070
0.292685,0.686678
0.292676,0.686285
0.292668,0.685892
0.292660,0.685499
0.292651,0.685106
0.292642,0.684714
0.292634,0.684321
0.292625,0.683928
0.292615,0.683535
0.292606,0.683142
0.292597,0.682750
0.292587,0.682357
0.292577,0.681964
0.292567,0.681571
0.292557,0.681179
0.292547,0.680786
0.292536,0.680393
0.292526,0.680000
0.292515,0.679608
0.292504,0.679215
0.292493,0.678822
0.292482,0.678429
0.292471,0.678037
0.292459,0.677644
0.292447,0.677251
0.292436,0.676858
0.292424,0.676466
0.292412,0.676073
0.292399,0.675680
0.292387,0.675288
0.292374,0.674895
0.292362,0.674502
0.292349,0.674110
0.292336,0.673717
0.292322,0.673324
0.292309,0.672932
0.292296,0.672539
0.292282,0.672146
0.292268,0.671754
0.292254,0.671361
0.292240,0.670968
0.292226,0.670576
0.292211,0.670183
0.292197,0.669790
0.292182,0.669398
0.292167,0.669005
0.292152,0.668613
0.292137,0.668220
0.292121,0.667827
0.292106,0.667435
0.292090,0.667042
0.292074,0.666650
0.292059,0.666257
0.292042,0.665864
0.292026,0.665472
0.292010,0.665079
0.291993,0.664687
0.291976,0.664294
0.291959,0.663902
0.291942,0.663509
0.291925,0.663117
0.291908,0.662724
0.291890,0.662332
0.291873,0.661939
0.291855,0.661547
0.291837,0.661154
0.291819,0.660762
0.291800,0.660369
0.291782,0.659977
0.291763,0.659584
0.291745,0.659192
0.291726,0.658799
0.291707,0.658407
0.291687,0.658015
0.291668,0.657622
0.291649,0.657230
0.291629,0.656837
0.291609,0.656445
0.291589,0.656053
0.291569,0.655660
0.291549,0.655268
0.291528,0.654875
0.291508,0.654483
0.291487,0.654091
0.291466,0.653698
0.291445,0.653306
0.291424,0.652914
0.291402,0.652521
0.291381,0.652129
0.291359,0.651737
0.291337,0.651345
0.291315,0.650952
0.291293,0.650560
0.291271,0.650168
0.291248,0.649775
0.291226,0.649383
0.291203,0.648991
0.291180,0.648599
0.291157,0.648207
0.291134,0.647814
0.291111,0.647422
0.291087,0.647030
0.291063,0.646638
0.291039,0.646246
0.291015,0.645853
0.290991,0.645461
0.290967,0.645069
0.290943,0.644677
0.290918,0.644285
0.290893,0.643893
0.290868,0.643501
0.290843,0.643109
0.290818,0.642716
0.290793,0.642324
0.290767,0.641932
0.290741,0.641540
0.290716,0.641148
0.290690,0.640756
0.290663,0.640364
0.290637,0.639972
0.290611,0.639580
0.290584,0.639188
0.290557,0.638796
0.290530,0.638404
0.290503,0.638012
0.290476,0.637620
0.290449,0.637228
0.290421,0.636836
0.290394,0.636445
0.290366,0.636053
0.290338,0.635661
0.290310,0.635269
0.290281,0.634877
0.290253,0.634485
0.290224,0.634093
0.290195,0.633701
0.290166,0.633310
0.290137,0.632918
0.290108,0.632526
0.290079,0.632134
0.290049,0.631742
0.290020,0.631351
0.289990,0.630959
0.289960,0.630567
0.289930,0.630175
0.289899,0.629784
0.289869,0.629392
0.289838,0.629000
0.289807,0.628609
0.289777,0.628217
0.289745,0.627825
0.289714,0.627434
0.289683,0.627042
0.289651,0.626650
0.289620,0.626259
0.289588,0.625867
0.289556,0.625475
0.289524,0.625084
0.289491,0.624692
0.289459,0.624301
0.289426,0.623909
0.289394,0.623518
0.289361,0.623126
0.289328,0.622735
0.289294,0.622343
0.289261,0.621952
0.289227,0.621560
0.289194,0.621169
0.289160,0.620777
0.289126,0.620386
0.289092,0.619995
0.289057,0.619603
0.289023,0.619212
0.288988,0.618820
0.288954,0.618429
0.288919,0.618038
0.288884,0.617646
0.288848,0.617255
0.288813,0.616864
0.288777,0.616472
0.288742,0.616081
0.288706,0.615690
0.288670,0.615299
0.288634,0.614907
0.288597,0.614516
0.288561,0.614125
0.288524,0.613734
0.288488,0.613343
0.288451,0.612952
0.288414,0.612560
0.288376,0.612169
0.288339,0.611778
0.288302,0.611387
0.288264,0.610996
0.288226,0.610605
0.288188,0.610214
0.288150,0.609823
0.288112,0.609432
0.288073,0.609041
0.288035,0.608650
0.287996,0.608259
0.287957,0.607868
0.287918,0.607477
0.287879,0.607086
0.287839,0.606695
0.287800,0.606304
0.287760,0.605913
0.287720,0.605522
0.287680,0.605132
0.287640,0.604741
0.287600,0.604350
0.287559,0.603959
0.287519,0.603568
0.287478,0.603177
0.287437,0.602787
0.287396,0.602396
0.287355,0.602005
0.287313,0.601615
0.287272,0.601224
0.287230,0.600833
0.287188,0.600442
0.287146,0.600052
0.287104,0.599661
0.287062,0.599271
0.287019,0.598880
0.286977,0.598489
0.286934,0.598099
0.286891,0.597708
0.286848,0.597318
0.286805,0.596927
0.286762,0.596537
0.286718,0.596146
0.286674,0.595756
0.286631,0.595365
0.286587,0.594975
0.286542,0.594585
0.286498,0.594194
0.286454,0.593804
0.286409,0.593413
0.286364,0.593023
0.286319,0.592633
0.286274,0.592242
0.286229,0.591852
0.286184,0.591462
0.286138,0.591072
0.286093,0.590681
0.286047,0.590291
0.286001,0.589901
0.285955,0.589511
0.285908,0.589121
0.285862,0.588731
0.285815,0.588340
0.285769,0.587950
0.285722,0.587560
0.285675,0.587170
0.285628,0.586780
0.285580,0.586390
0.285533,0.586000
0.285485,0.585610
0.285437,0.585220
0.285389,0.584830
0.285341,0.584440
0.285293,0.584050
0.285244,0.583660
0.285196,0.583271
0.285147,0.582881
0.285098,0.582491
0.285049,0.582101
0.285000,0.581711
0.284951,0.581321
0.284901,0.580932
0.284852,0.580542
0.284802,0.580152
0.284752,0.579762
0.284702,0.579373
0.284651,0.578983
0.284601,0.578593
0.284550,0.578204
0.284500,0.577814
0.284449,0.577425
0.284398,0.577035
0.284347,0.576646
0.284295,0.576256
0.284244,0.575866
0.284192,0.575477
0.284140,0.575088
0.284088,0.574698
0.284036,0.574309
0.283984,0.573919
0.283932,0.573530
0.283879,0.573140
0.283826,0.572751
0.283774,0.572362
0.283721,0.571973
0.283667,0.571583
0.283614,0.571194
0.283561,0.570805
0.283507,0.570416
0.283453,0.570026
0.283399,0.569637
0.283345,0.569248
0.283291,0.568859
0.283236,0.568470
0.283182,0.568081
0.283127,0.567692
0.283072,0.567303
0.283017,0.566914
0.282962,0.566525
0.282907,0.566136
0.282851,0.565747
0.282796,0.565358
0.282740,0.564969
0.282684,0.564580
0.282628,0.564191
0.282572,0.563802
0.282515,0.563413
0.282459,0.563024
0.282402,0.562636
0.282345,0.562247
0.282288,0.561858
0.282231,0.561469
0.282174,0.561081
0.282117,0.560692
0.282059,0.560303
0.282001,0.559915
0.281943,0.559526
0.281885,0.559138
0.281827,0.558749
0.281769,0.558361
0.281710,0.557972
0.281651,0.557584
0.281593,0.557195
0.281534,0.556807
0.281474,0.556418
0.281415,0.556030
0.281356,0.555641
0.281296,0.555253
0.281236,0.554865
0.281177,0.554476
0.281117,0.554088
0.281056,0.553700
0.280996,0.553312
0.280935,0.552923
0.280875,0.552535
0.280814,0.552147
0.280753,0.551759
0.280692,0.551371
0.280631,0.550983
0.280569,0.550595
0.280508,0.550207
0.280446,0.549819
0.280384,0.549431
0.280322,0.549043
0.280260,0.548655
0.280198,0.548267
0.280135,0.547879
0.280072,0.547491
0.280010,0.547103
0.279947,0.546715
0.279884,0.546328
0.279820,0.545940
0.279757,0.545552
0.279693,0.545164
0.279630,0.544777
0.279566,0.544389
0.279502,0.544001
0.279438,0.543614
0.279373,0.543226
0.279309,0.542839
0.279244,0.542451
0.279180,0.542063
0.279115,0.541676
0.279050,0.541289
0.278984,0.540901
0.278919,0.540514
0.278853,0.540126
0.278788,0.539739
0.278722,0.539352
0.278656,0.538964
0.278590,0.538577
0.278523,0.538190
0.278457,0.537802
0.278390,0.537415
0.278324,0.537028
0.278257,0.536641
0.278190,0.536254
0.278123,0.535867
0.278055,0.535480
0.277988,0.535093
0.277920,0.534706
0.277852,0.534319
0.277784,0.533932
0.277716,0.533545
0.277648,0.533158
0.277579,0.532771
0.277511,0.532384
0.277442,0.531997
0.277373,0.531610
0.277304,0.531223
0.277235,0.530837
0.277166,0.530450
0.277096,0.530063
0.277027,0.529677
0.276957,0.529290
0.276887,0.528903
0.276817,0.528517
0.276747,0.528130
0.276676,0.527744
0.276606,0.527357
0.276535,0.526971
0.276464,0.526584
0.276393,0.526198
0.276322,0.525811
0.276251,0.525425
0.276179,0.525039
0.276108,0.524652
0.276036,0.524266
0.275964,0.523880
0.275892,0.523494
0.275820,0.523107
0.275747,0.522721
0.275675,0.522335
0.275602,0.521949
0.275529,0.521563
0.275456,0.521177
0.275383,0.520791
0.275310,0.520405
0.275236,0.520019
0.275163,0.519633
0.275089,0.519247
0.275015,0.518861
0.274941,0.518475
0.274867,0.518089
0.274793,0.517704
0.274718,0.517318
0.274643,0.516932
0.274569,0.516546
0.274494,0.516161
0.274419,0.515775
0.274343,0.515389
0.274268,0.515004
0.274192,0.514618
0.274117,0.514233
0.274041,0.513847
0.273965,0.513462
0.273889,0.513076
0.273812,0.512691
0.273736,0.512305
0.273659,0.511920
0.273583,0.511535
0.273506,0.511150
0.273429,0.510764
0.273351,0.510379
0.273274,0.509994
0.273196,0.509609
0.273119,0.509223
0.273041,0.508838
0.272963,0.508453
0.272885,0.508068
0.272807,0.507683
0.272728,0.507298
0.272650,0.506913
0.272571,0.506528
0.272492,0.506143
0.272413,0.505759
0.272334,0.505374
0.272254,0.504989
0.272175,0.504604
0.272095,0.504219
0.272016,0.503835
0.271936,0.503450
0.271855,0.503065
0.271775,0.502681
0.271695,0.502296
0.271614,0.501912
0.271534,0.501527
0.271453,0.501143
0.271372,0.500758
0.271291,0.500374
0.271209,0.499989
0.271128,0.499605
0.271046,0.499221
0.270965,0.498836
0.270883,0.498452
0.270801,0.498068
0.270718,0.497684
0.270636,0.497300
0.270553,0.496915
0.270471,0.496531
0.270388,0.496147
0.270305,0.495763
0.270222,0.495379
0.270139,0.494995
0.270055,0.494611
0.269972,0.494227
0.269888,0.493844
0.269804,0.493460
0.269720,0.493076
0.269636,0.492692
0.269552,0.492308
0.269467,0.491925
0.269383,0.491541
0.269298,0.491157
0.269213,0.490774
0.269128,0.490390
0.269043,0.490007
0.268957,0.489623
0.268872,0.489240
0.268786,0.488856
0.268700,0.488473
0.268614,0.488089
0.268528,0.487706
0.268442,0.487323
0.268355,0.486939
0.268269,0.486556
0.268182,0.486173
0.268095,0.485790
0.268008,0.485407
0.267921,0.485024
0.267834,0.484641
0.267746,0.484258
0.267659,0.483875
0.267571,0.483492
0.267483,0.483109
0.267395,0.482726
0.267306,0.482343
0.267218,0.481960
0.267130,0.481577
0.267041,0.481195
0.266952,0.480812
0.266863,0.480429
0.266774,0.480046
0.266685,0.479664
0.266595,0.479281
0.266506,0.478899
0.266416,0.478516
0.266326,0.478134
0.266236,0.477751
0.266146,0.477369
0.266055,0.476987
0.265965,0.476604
0.265874,0.476222
0.265784,0.475840
0.265693,0.475457
0.265601,0.475075
0.265510,0.474693
0.265419,0.474311
0.265327,0.473929
0.265236,0.473547
0.265144,0.473165
0.265052,0.472783
0.264960,0.472401
0.264867,0.472019
0.264775,0.471637
0.264682,0.471255
0.264590,0.470873
0.264497,0.470492
0.264404,0.470110
0.264310,0.469728
0.264217,0.469347
0.264124,0.468965
0.264030,0.468583
0.263936,0.468202
0.263842,0.467820
0.263748,0.467439
0.263654,0.467058
0.263560,0.466676
0.263465,0.466295
0.263370,0.465914
0.263275,0.465532
0.263180,0.465151
0.263085,0.464770
0.262990,0.464389
0.262895,0.464008
0.262799,0.463626
0.262703,0.463245
0.262607,0.462864
0.262511,0.462483
0.262415,0.462102
0.262319,0.461722
0.262222,0.461341
0.262126,0.460960
0.262029,0.460579
0.261932,0.460198
0.261835,0.459818
0.261738,0.459437
0.261640,0.459056
0.261543,0.458676
0.261445,0.458295
0.261347,0.457915
0.261249,0.457534
0.261151,0.457154
0.261053,0.456773
0.260954,0.456393
0.260856,0.456013
0.260757,0.455632
0.260658,0.455252
0.260559,0.454872
0.260460,0.454492
0.260361,0.454112
0.260261,0.453731
0.260162,0.453351
0.260062,0.452971
0.259962,0.452591
0.259862,0.452211
0.259762,0.451832
0.259661,0.451452
0.259561,0.451072
0.259460,0.450692
0.259359,0.450312
0.259258,0.449933
0.259157,0.449553
0.259056,0.449173
0.258954,0.448794
0.258853,0.448414
0.258751,0.448035
0.258649,0.447655
0.258547,0.447276
0.258445,0.446896
0.258343,0.446517
0.258240,0.446138
0.258138,0.445759
0.258035,0.445379
0.257932,0.445000
0.257829,0.444621
0.257726,0.444242
0.257623,0.443863
0.257519,0.443484
0.257415,0.443105
0.257312,0.442726
0.257208,0.442347
0.257104,0.441968
0.256999,0.441589
0.256895,0.441211
0.256790,0.440832
0.256686,0.440453
0.256581,0.440075
0.256476,0.439696
0.256371,0.439317
0.256265,0.438939
0.256160,0.438560
0.256054,0.438182
0.255949,0.437804
0.255843,0.437425
0.255737,0.437047
0.255631,0.436669
0.255524,0.436290
0.255418,0.435912
0.255311,0.435534
0.255204,0.435156
0.255097,0.434778
0.254990,0.434400
0.254883,0.434022
0.254776,0.433644
0.254668,0.433266
0.254561,0.432888
0.254453,0.432510
0.254345,0.432133
0.254237,0.431755
0.254128,0.431377
0.254020,0.430999
0.253911,0.430622
0.253803,0.430244
0.253694,0.429867
0.253585,0.429489
0.253476,0.429112
0.253366,0.428734
0.253257,0.428357
0.253147,0.427980
0.253038,0.427603
0.252928,0.427225
0.252818,0.426848
0.252708,0.426471
0.252597,0.426094
0.252487,0.425717
0.252376,0.425340
0.252265,0.424963
0.252154,0.424586
0.252043,0.424209
0.251932,0.423832
0.251821,0.423456
0.251709,0.423079
0.251598,0.422702
0.251486,0.422326
0.251374,0.421949
0.251262,0.421572
0.251149,0.421196
0.251037,0.420819
0.250924,0.420443
0.250812,0.420067
0.250699,0.419690
0.250586,0.419314
0.250473,0.418938
0.250359,0.418561
0.250246,0.418185
0.250132,0.417809
0.250019,0.417433
0.249905,0.417057
0.249791,0.416681
0.249677,0.416305
0.249562,0.415929
0.249448,0.415553
0.249333,0.415178
0.249218,0.414802
0.249103,0.414426
0.248988,0.414050
0.248873,0.413675
0.248758,0.413299
0.248642,0.412924
0.248527,0.412548
0.248411,0.412173
0.248295,0.411797
0.248179,0.411422
0.248063,0.411047
0.247946,0.410672
0.247830,0.410296
0.247713,0.409921
0.247596,0.409546
0.247479,0.409171
0.247362,0.408796
0.247245,0.408421
0.247127,0.408046
0.247010,0.407671
0.246892,0.407296
0.246774,0.406921
0.246656,0.406547
0.246538,0.406172
0.246420,0.405797
0.246301,0.405423
0.246183,0.405048
0.246064,0.404674
0.245945,0.404299
0.245826,0.403925
0.245707,0.403550
0.245587,0.403176
0.245468,0.402802
0.245348,0.402428
0.245228,0.402053
0.245109,0.401679
0.244988,0.401305
0.244868,0.400931
0.244748,0.400557
0.244627,0.400183
0.244507,0.399809
0.244386,0.399435
0.244265,0.399061
0.244144,0.398688
0.244023,0.398314
0.243901,0.397940
0.243780,0.397567
0.243658,0.397193
0.243536,0.396820
0.243414,0.396446
0.243292,0.396073
0.243170,0.395699
0.243047,0.395326
0.242925,0.394953
0.242802,0.394579
0.242679,0.394206
0.242556,0.393833
0.242433,0.393460
0.242310,0.393087
0.242186,0.392714
0.242063,0.392341
0.241939,0.391968
0.241815,0.391595
0.241691,0.391222
0.241567,0.390850
0.241442,0.390477
0.241318,0.390104
0.241193,0.389732
0.241069,0.389359
0.240944,0.388987
0.240819,0.388614
0.240693,0.388242
0.240568,0.387869
0.240443,0.387497
0.240317,0.387125
0.240191,0.386753
0.240065,0.386380
0.239939,0.386008
0.239813,0.385636
0.239686,0.385264
0.239560,0.384892
0.239433,0.384520
0.239306,0.384149
0.239179,0.383777
0.239052,0.383405
0.238925,0.383033
0.238798,0.382662
0.238670,0.382290
0.238542,0.381918
0.238415,0.381547
0.238287,0.381175
0.238159,0.380804
0.238030,0.380433
0.237902,0.380061
0.237773,0.379690
0.237645,0.379319
0.237516,0.378948
0.237387,0.378577
0.237258,0.378206
0.237128,0.377834
0.236999,0.377464
0.236869,0.377093
0.236739,0.376722
0.236610,0.376351
0.236480,0.375980
0.236349,0.375609
0.236219,0.375239
0.236089,0.374868
0.235958,0.374498
0.235827,0.374127
0.235696,0.373757
0.235565,0.373386
0.235434,0.373016
0.235303,0.372646
0.235171,0.372275
0.235040,0.371905
0.234908,0.371535
0.234776,0.371165
0.234644,0.370795
0.234512,0.370425
0.234379,0.370055
0.234247,0.369685
0.234114,0.369315
0.233981,0.368946
0.233848,0.368576
0.233715,0.368206
0.233582,0.367837
0.233449,0.367467
0.233315,0.367098
0.233182,0.366728
0.233048,0.366359
0.232914,0.365989
0.232780,0.365620
0.232646,0.365251
0.232511,0.364882
0.232377,0.364512
0.232242,0.364143
0.232107,0.363774
0.231972,0.363405
0.231837,0.363036
0.231702,0.362667
0.231566,0.362299
0.231431,0.361930
0.231295,0.361561
0.231159,0.361192
0.231023,0.360824
0.230887,0.360455
0.230751,0.360087
0.230615,0.359718
0.230478,0.359350
0.230341,0.358982
0.230204,0.358613
0.230067,0.358245
0.229930,0.357877
0.229793,0.357509
0.229656,0.357141
0.229518,0.356773
0.229380,0.356405
0.229242,0.356037
0.229104,0.355669
0.228966,0.355301
0.228828,0.354933
0.228690,0.354566
0.228551,0.354198
0.228412,0.353830
0.228273,0.353463
0.228134,0.353095
0.227995,0.352728
0.227856,0.352361
0.227716,0.351993
0.227577,0.351626
0.227437,0.351259
0.227297,0.350892
0.227157,0.350525
0.227017,0.350158
0.226877,0.349791
0.226736,0.349424
0.226596,0.349057
0.226455,0.348690
0.226314,0.348323
0.226173,0.347956
0.226032,0.347590
0.225890,0.347223
0.225749,0.346857
0.225607,0.346490
0.225466,0.346124
0.225324,0.345757
0.225182,0.345391
0.225039,0.345025
0.224897,0.344659
0.224755,0.344292
0.224612,0.343926
0.224469,0.343560
0.224326,0.343194
0.224183,0.342828
0.224040,0.342462
0.223897,0.342097
0.223753,0.341731
0.223610,0.341365
0.223466,0.341000
0.223322,0.340634
0.223178,0.340268
0.223034,0.339903
0.222889,0.339538
0.222745,0.339172
0.222600,0.338807
0.222455,0.338442
0.222311,0.338076
0.222166,0.337711
0.222020,0.337346
0.221875,0.336981
0.221729,0.336616
0.221584,0.336251
0.221438,0.335886
0.221292,0.335522
0.221146,0.335157
0.221000,0.334792
0.220853,0.334428
0.220707,0.334063
0.220560,0.333699
0.220414,0.333334
0.220267,0.332970
0.220120,0.332605
0.219972,0.332241
0.219825,0.331877
0.219678,0.331513
0.219530,0.331149
0.219382,0.330785
0.219234,0.330421
0.219086,0.330057
0.218938,0.329693
0.218790,0.329329
0.218641,0.328965
0.218492,0.328602
0.218344,0.328238
0.218195,0.327874
0.218046,0.327511
0.217896,0.327147
0.217747,0.326784
0.217598,0.326421
0.217448,0.326057
0.217298,0.325694
0.217148,0.325331
0.216998,0.324968
0.216848,0.324605
0.216698,0.324242
0.216547,0.323879
0.216396,0.323516
0.216246,0.323153
0.216095,0.322791
0.215944,0.322428
0.215792,0.322065
0.215641,0.321703
0.215490,0.321340
0.215338,0.320978
0.215186,0.320615
0.215034,0.320253
0.214882,0.319891
0.214730,0.319528
0.214578,0.319166
0.214425,0.318804
0.214273,0.318442
0.214120,0.318080
0.213967,0.317718
0.213814,0.317356
0.213661,0.316995
0.213507,0.316633
0.213354,0.316271
0.213200,0.315910
0.213046,0.315548
0.212892,0.315187
0.212738,0.314825
0.212584,0.314464
0.212430,0.314102
0.212275,0.313741
0.212121,0.313380
0.211966,0.313019
0.211811,0.312658
0.211656,0.312297
0.211501,0.311936
0.211345,0.311575
0.211190,0.311214
0.211034,0.310853
0.210879,0.310493
0.210723,0.310132
0.210567,0.309771
0.210411,0.309411
0.210254,0.309050
0.210098,0.308690
0.209941,0.308330
0.209784,0.307969
0.209627,0.307609
0.209470,0.307249
0.209313,0.306889
0.209156,0.306529
0.208998,0.306169
0.208841,0.305809
0.208683,0.305449
0.208525,0.305089
0.208367,0.304730
0.208209,0.304370
0.208051,0.304010
0.207892,0.303651
0.207734,0.303291
0.207575,0.302932
0.207416,0.302573
0.207257,0.302213
0.207098,0.301854
0.206939,0.301495
0.206779,0.301136
0.206620,0.300777
0.206460,0.300418
0.206300,0.300059
0.206140,0.299700
0.205980,0.299341
0.205820,0.298983
0.205659,0.298624
0.205499,0.298266
0.205338,0.297907
0.205177,0.297549
0.205016,0.297190
0.204855,0.296832
0.204694,0.296474
0.204532,0.296115
0.204371,0.295757
0.204209,0.295399
0.204047,0.295041
0.203885,0.294683
0.203723,0.294325
0.203561,0.293967
0.203399,0.293610
0.203236,0.293252
0.203073,0.292894
0.202911,0.292537
0.202748,0.292179
0.202585,0.291822
0.202421,0.291464
0.202258,0.291107
0.202094,0.290750
0.201931,0.290393
0.201767,0.290035
0.201603,0.289678
0.201439,0.289321
0.201275,0.288964
0.201110,0.288608
0.200946,0.288251
0.200781,0.287894
0.200616,0.287537
0.200452,0.287181
0.200287,0.286824
0.200121,0.286468
0.199956,0.286111
0.199791,0.285755
0.199625,0.285399
0.199459,0.285043
0.199293,0.284686
0.199127,0.284330
0.198961,0.283974
0.198795,0.283618
0.198628,0.283262
0.198462,0.282907
0.198295,0.282551
0.198128,0.282195
0.197961,0.281839
0.197794,0.281484
0.197627,0.281128
0.197459,0.280773
0.197292,0.280418
0.197124,0.280062
0.196956,0.279707
0.196788,0.279352
0.196620,0.278997
0.196452,0.278642
0.196283,0.278287
0.196115,0.277932
0.195946,0.277577
0.195777,0.277222
0.195608,0.276868
0.195439,0.276513
0.195270,0.276158
0.195100,0.275804
0.194931,0.275449
0.194761,0.275095
0.194591,0.274741
0.194421,0.274387
0.194251,0.274032
0.194081,0.273678
0.193911,0.273324
0.193740,0.272970
0.193570,0.272616
0.193399,0.272262
0.193228,0.271909
0.193057,0.271555
0.192886,0.271201
0.192714,0.270848
0.192543,0.270494
0.192371,0.270141
0.192200,0.269787
0.192028,0.269434
0.191856,0.269081
0.191683,0.268728
0.191511,0.268375
0.191339,0.268022
0.191166,0.267669
0.190993,0.267316
0.190821,0.266963
0.190648,0.266610
0.190474,0.266258
0.190301,0.265905
0.190128,0.265552
0.189954,0.265200
0.189780,0.264847
0.189607,0.264495
0.189433,0.264143
0.189259,0.263791
0.189084,0.263438
0.188910,0.263086
0.188735,0.262734
0.188561,0.262382
0.188386,0.262031
0.188211,0.261679
0.188036,0.261327
0.187861,0.260975
0.187685,0.260624
0.187510,0.260272
0.187334,0.259921
0.187158,0.259569
0.186983,0.259218
0.186807,0.258867
0.186630,0.258516
0.186454,0.258165
0.186278,0.257814
0.186101,0.257463
0.185924,0.257112
0.185747,0.256761
0.185570,0.256410
0.185393,0.256059
0.185216,0.255709
0.185038,0.255358
0.184861,0.255008
0.184683,0.254657
0.184505,0.254307
0.184327,0.253957
0.184149,0.253606
0.183971,0.253256
0.183793,0.252906
0.183614,0.252556
0.183436,0.252206
0.183257,0.251856
0.183078,0.251507
0.182899,0.251157
0.182720,0.250807
0.182540,0.250458
0.182361,0.250108
0.182181,0.249759
0.182001,0.249409
0.181821,0.249060
0.181641,0.248711
0.181461,0.248362
0.181281,0.248013
0.181100,0.247664
0.180920,0.247315
0.180739,0.246966
0.180558,0.246617
0.180377,0.246268
0.180196,0.245920
0.180015,0.245571
0.179833,0.245223
0.179652,0.244874
0.179470,0.244526
0.179288,0.244178
0.179107,0.243829
0.178924,0.243481
0.178742,0.243133
0.178560,0.242785
0.178377,0.242437
0.178195,0.242089
0.178012,0.241741
0.177829,0.241394
0.177646,0.241046
0.177463,0.240699
0.177279,0.240351
0.177096,0.240004
0.176912,0.239656
0.176729,0.239309
0.176545,0.238962
0.176361,0.238615
0.176177,0.238267
0.175992,0.237920
0.175808,0.237574
0.175623,0.237227
0.175439,0.236880
0.175254,0.236533
0.175069,0.236187
0.174884,0.235840
0.174699,0.235493
0.174513,0.235147
0.174328,0.234801
0.174142,0.234454
0.173956,0.234108
0.173771,0.233762
0.173584,0.233416
0.173398,0.233070
0.173212,0.232724
0.173026,0.232378
0.172839,0.232033
0.172652,0.231687
0.172465,0.231341
0.172278,0.230996
0.172091,0.230650
0.171904,0.230305
0.171717,0.229960
0.171529,0.229614
0.171341,0.229269
0.171154,0.228924
0.170966,0.228579
0.170778,0.228234
0.170589,0.227889
0.170401,0.227544
0.170212,0.227200
0.170024,0.226855
0.169835,0.226510
0.169646,0.226166
0.169457,0.225821
0.169268,0.225477
0.169079,0.225133
0.168889,0.224789
0.168700,0.224444
0.168510,0.224100
0.168320,0.223756
0.168130,0.223412
0.167940,0.223069
0.167750,0.222725
0.167559,0.222381
0.167369,0.222038
0.167178,0.221694
0.166988,0.221351
0.166797,0.221007
0.166606,0.220664
0.166414,0.220321
0.166223,0.219977
0.166032,0.219634
0.165840,0.219291
0.165648,0.218948
0.165456,0.218606
0.165264,0.218263
0.165072,0.217920
0.164880,0.217577
0.164688,0.217235
0.164495,0.216892
0.164302,0.216550
0.164110,0.216208
0.163917,0.215865
0.163724,0.215523
0.163530,0.215181
0.163337,0.214839
0.163144,0.214497
0.162950,0.214155
0.162756,0.213813
0.162562,0.213472
0.162368,0.213130
0.162174,0.212788
0.161980,0.212447
0.161785,0.212105
0.161591,0.211764
0.161396,0.211423
0.161201,0.211082
0.161006,0.210741
0.160811,0.210400
0.160616,0.210059
0.160421,0.209718
0.160225,0.209377
0.160030,0.209036
0.159834,0.208695
0.159638,0.208355
0.159442,0.208014
0.159246,0.207674
0.159050,0.207334
0.158853,0.206993
0.158657,0.206653
0.158460,0.206313
0.158263,0.205973
0.158066,0.205633
0.157869,0.205293
0.157672,0.204953
0.157474,0.204614
0.157277,0.204274
0.157079,0.203934
0.156882,0.203595
0.156684,0.203255
0.156486,0.202916
0.156287,0.202577
0.156089,0.202238
0.155891,0.201899
0.155692,0.201560
0.155493,0.201221
0.155295,0.200882
0.155096,0.200543
0.154897,0.200204
0.154697,0.199866
0.154498,0.199527
0.154299,0.199189
0.154099,0.198850
0.153899,0.198512
0.153699,0.198174
0.153499,0.197835
0.153299,0.197497
0.153099,0.197159
0.152898,0.196821
0.152698,0.196484
0.152497,0.196146
0.152296,0.195808
0.152095,0.195470
0.151894,0.195133
0.151693,0.194795
0.151492,0.194458
0.151290,0.194121
0.151089,0.193784
0.150887,0.193446
0.150685,0.193109
0.150483,0.192772
0.150281,0.192435
0.150079,0.192099
0.149876,0.191762
0.149674,0.191425
0.149471,0.191089
0.149268,0.190752
0.149065,0.190416
0.148862,0.190079
0.148659,0.189743
0.148456,0.189407
0.148252,0.189071
0.148048,0.188735
0.147845,0.188399
0.147641,0.188063
0.147437,0.187727
0.147233,0.187391
0.147028,0.187056
0.146824,0.186720
0.146620,0.186385
0.146415,0.186049
0.146210,0.185714
0.146005,0.185379
0.145800,0.185044
0.145595,0.184709
0.145390,0.184374
0.145184,0.184039
0.144979,0.183704
0.144773,0.183369
0.144567,0.183035
0.144361,0.182700
0.144155,0.182366
0.143949,0.182031
0.143742,0.181697
0.143536,0.181363
0.143329,0.181028
0.143123,0.180694
0.142916,0.180360
0.142709,0.180026
0.142501,0.179692
0.142294,0.179359
0.142087,0.179025
0.141879,0.178691
0.141672,0.178358
0.141464,0.178024
0.141256,0.177691
0.141048,0.177358
0.140840,0.177025
0.140631,0.176692
0.140423,0.176358
0.140214,0.176026
0.140005,0.175693
0.139797,0.175360
0.139588,0.175027
0.139378,0.174695
0.139169,0.174362
0.138960,0.174030
0.138750,0.173697
0.138541,0.173365
0.138331,0.173033
0.138121,0.172701
0.137911,0.172369
0.137701,0.172037
0.137491,0.171705
0.137280,0.171373
0.137070,0.171041
0.136859,0.170710
0.136648,0.170378
0.136437,0.170047
0.136226,0.169715
0.136015,0.169384
0.135803,0.169053
0.135592,0.168721
0.135380,0.168390
0.135169,0.168059
0.134957,0.167729
0.134745,0.167398
0.134533,0.167067
0.134321,0.166736
0.134108,0.166406
0.133896,0.166075
0.133683,0.165745
0.133470,0.165415
0.133257,0.165084
0.133044,0.164754
0.132831,0.164424
0.132618,0.164094
0.132404,0.163764
0.132191,0.163435
0.131977,0.163105
0.131763,0.162775
0.131550,0.162446
0.131335,0.162116
0.131121,0.161787
0.130907,0.161458
0.130693,0.161128
0.130478,0.160799
0.130263,0.160470
0.130048,0.160141
0.129833,0.159812
0.129618,0.159484
0.129403,0.159155
0.129188,0.158826
0.128972,0.158498
0.128757,0.158169
0.128541,0.157841
0.128325,0.157513
0.128109,0.157185
0.127893,0.156856
0.127677,0.156528
0.127460,0.156200
0.127244,0.155873
0.127027,0.155545
0.126810,0.155217
0.126593,0.154890
0.126376,0.154562
0.126159,0.154235
0.125942,0.153907
0.125725,0.153580
0.125507,0.153253
0.125289,0.152926
0.125072,0.152599
0.124854,0.152272
0.124636,0.151945
0.124417,0.151618
0.124199,0.151292
0.123981,0.150965
0.123762,0.150639
0.123543,0.150312
0.123325,0.149986
0.123106,0.149660
0.122887,0.149333
0.122667,0.149007
0.122448,0.148681
0.122228,0.148355
0.122009,0.148030
0.121789,0.147704
0.121569,0.147378
0.121349,0.147053
0.121129,0.146727
0.120909,0.146402
0.120689,0.146077
0.120468,0.145752
0.120248,0.145426
0.120027,0.145101
0.119806,0.144776
0.119585,0.144452
0.119364,0.144127
0.119143,0.143802
0.118921,0.143478
0.118700,0.143153
0.118478,0.142829
0.118256,0.142504
0.118034,0.142180
0.117812,0.141856
0.117590,0.141532
0.117368,0.141208
0.117145,0.140884
0.116923,0.140560
0.116700,0.140237
0.116478,0.139913
0.116255,0.139589
0.116032,0.139266
0.115808,0.138943
0.115585,0.138619
0.115362,0.138296
0.115138,0.137973
0.114914,0.137650
0.114691,0.137327
0.114467,0.137004
0.114243,0.136681
0.114019,0.136359
0.113794,0.136036
0.113570,0.135714
0.113345,0.135391
0.113121,0.135069
0.112896,0.134747
0.112671,0.134425
0.112446,0.134103
0.112221,0.133781
0.111995,0.133459
0.111770,0.133137
0.111544,0.132815
0.111318,0.132494
0.111093,0.132172
0.110867,0.131851
0.110641,0.131529
0.110414,0.131208
0.110188,0.130887
0.109962,0.130566
0.109735,0.130245
0.109508,0.129924
0.109281,0.129603
0.109055,0.129283
0.108827,0.128962
0.108600,0.128641
0.108373,0.128321
0.108145,0.128001
0.107918,0.127680
0.107690,0.127360
0.107462,0.127040
0.107234,0.126720
0.107006,0.126400
0.106778,0.126080
0.106550,0.125761
0.106321,0.125441
0.106093,0.125122
0.105864,0.124802
0.105635,0.124483
0.105406,0.124163
0.105177,0.123844
0.104948,0.123525
0.104718,0.123206
0.104489,0.122887
0.104259,0.122568
0.104030,0.122250
0.103800,0.121931
0.103570,0.121612
0.103340,0.121294
0.103109,0.120976
0.102879,0.120657
0.102649,0.120339
0.102418,0.120021
0.102187,0.119703
0.101956,0.119385
0.101725,0.119067
0.101494,0.118750
0.101263,0.118432
0.101032,0.118114
0.100800,0.117797
0.100569,0.117479
0.100337,0.117162
0.100105,0.116845
0.099873,0.116528
0.099641,0.116211
0.099409,0.115894
0.099176,0.115577
0.098944,0.115260
0.098711,0.114944
0.098479,0.114627
0.098246,0.114311
0.098013,0.113994
0.097780,0.113678
0.097547,0.113362
0.097313,0.113046
0.097080,0.112730
0.096846,0.112414
0.096612,0.112098
0.096379,0.111782
0.096145,0.111467
0.095911,0.111151
0.095676,0.110836
0.095442,0.110520
0.095208,0.110205
0.094973,0.109890
0.094738,0.109575
0.094503,0.109260
0.094268,0.108945
0.094033,0.108630
0.093798,0.108315
0.093563,0.108001
0.093327,0.107686
0.093092,0.107372
0.092856,0.107057
0.092620,0.106743
0.092384,0.106429
0.092148,0.106115
0.091912,0.105801
0.091676,0.105487
0.091439,0.105173
0.091203,0.104860
0.090966,0.104546
0.090729,0.104232
0.090492,0.103919
0.090255,0.103606
0.090018,0.103292
0.089781,0.102979
0.089543,0.102666
0.089306,0.102353
0.089068,0.102040
0.088830,0.101728
0.088593,0.101415
0.088355,0.101102
0.088116,0.100790
0.087878,0.100478
0.087640,0.100165
0.087401,0.099853
0.087163,0.099541
0.086924,0.099229
0.086685,0.098917
0.086446,0.098605
0.086207,0.098293
0.085967,0.097982
0.085728,0.097670
0.085489,0.097359
0.085249,0.097047
0.085009,0.096736
0.084769,0.096425
0.084529,0.096114
0.084289,0.095803
0.084049,0.095492
0.083809,0.095181
0.083568,0.094871
0.083327,0.094560
0.083087,0.094249
0.082846,0.093939
0.082605,0.093629
0.082364,0.093318
0.082123,0.093008
0.081881,0.092698
0.081640,0.092388
0.081398,0.092078
0.081157,0.091769
0.080915,0.091459
0.080673,0.091150
0.080431,0.090840
0.080189,0.090531
0.079946,0.090221
0.079704,0.089912
0.079461,0.089603
0.079219,0.089294
0.078976,0.088985
0.078733,0.088676
0.078490,0.088368
0.078247,0.088059
0.078003,0.087751
0.077760,0.087442
0.077516,0.087134
0.077273,0.086826
0.077029,0.086518
0.076785,0.086209
0.076541,0.085902
0.076297,0.085594
0.076053,0.085286
0.075808,0.084978
0.075564,0.084671
0.075319,0.084363
0.075075,0.084056
0.074830,0.083749
0.074585,0.083441
0.074340,0.083134
0.074094,0.082827
0.073849,0.082521
0.073604,0.082214
0.073358,0.081907
0.073112,0.081600
0.072866,0.081294
0.072621,0.080988
0.072375,0.080681
0.072128,0.080375
0.071882,0.080069
0.071636,0.079763
0.071389,0.079457
0.071142,0.079151
0.070896,0.078845
0.070649,0.078540
0.070402,0.078234
0.070155,0.077929
0.069907,0.077624
0.069660,0.077318
0.069412,0.077013
0.069165,0.076708
0.068917,0.076403
0.068669,0.076098
0.068421,0.075794
0.068173,0.075489
0.067925,0.075184
0.067677,0.074880
0.067428,0.074576
0.067180,0.074271
0.066931,0.073967
0.066682,0.073663
0.066433,0.073359
0.066184,0.073055
0.065935,0.072751
0.065686,0.072448
0.065436,0.072144
0.065187,0.071841
0.064937,0.071537
0.064687,0.071234
0.064437,0.070931
0.064187,0.070628
0.063937,0.070325
0.063687,0.070022
0.063437,0.069719
0.063186,0.069416
0.062935,0.069114
0.062685,0.068811
0.062434,0.068509
0.062183,0.068207
0.061932,0.067904
0.061681,0.067602
0.061429,0.067300
0.061178,0.066998
0.060926,0.066697
0.060675,0.066395
0.060423,0.066093
0.060171,0.065792
0.059919,0.065490
0.059667,0.065189
0.059414,0.064888
0.059162,0.064587
0.058910,0.064286
0.058657,0.063985
0.058404,0.063684
0.058151,0.063383
0.057898,0.063083
0.057645,0.062782
0.057392,0.062482
0.057139,0.062181
0.056885,0.061881
0.056632,0.061581
0.056378,0.061281
0.056124,0.060981
0.055870,0.060681
0.055616,0.060382
0.055362,0.060082
0.055108,0.059782
0.054854,0.059483
0.054599,0.059184
0.054344,0.058884
0.054090,0.058585
0.053835,0.058286
0.053580,0.057987
0.053325,0.057689
0.053069,0.057390
0.052814,0.057091
0.052559,0.056793
0.052303,0.056494
0.052047,0.056196
0.051792,0.055898
0.051536,0.055600
0.051280,0.055302
0.051024,0.055004
0.050767,0.054706
0.050511,0.054408
0.050254,0.054111
0.049998,0.053813
0.049741,0.053516
0.049484,0.053218
0.049227,0.052921
0.048970,0.052624
0.048713,0.052327
0.048456,0.052030
0.048198,0.051733
0.047941,0.051437
0.047683,0.051140
0.047425,0.050844
0.047167,0.050547
0.046909,0.050251
0.046651,0.049955
0.046393,0.049659
0.046135,0.049363
0.045876,0.049067
0.045617,0.048771
0.045359,0.048475
0.045100,0.048180
0.044841,0.047884
0.044582,0.047589
0.044323,0.047293
0.044063,0.046998
0.043804,0.046703
0.043544,0.046408
0.043285,0.046113
0.043025,0.045818
0.042765,0.045524
0.042505,0.045229
0.042245,0.044935
0.041985,0.044640
0.041725,0.044346
0.041464,0.044052
0.041204,0.043758
0.040943,0.043464
0.040682,0.043170
0.040421,0.042876
0.040160,0.042583
0.039899,0.042289
0.039638,0.041996
0.039376,0.041702
0.039115,0.041409
0.038853,0.041116
0.038591,0.040823
0.038330,0.040530
0.038068,0.040237
0.037806,0.039945
0.037543,0.039652
0.037281,0.039359
0.037019,0.039067
0.036756,0.038775
0.036494,0.038482
0.036231,0.038190
0.035968,0.037898
0.035705,0.037606
0.035442,0.037315
0.035179,0.037023
0.034915,0.036731
0.034652,0.036440
0.034388,0.036148
0.034125,0.035857
0.033861,0.035566
0.033597,0.035275
0.033333,0.034984
0.033069,0.034693
0.032805,0.034402
0.032540,0.034112
0.032276,0.033821
0.032011,0.033531
0.031746,0.033240
0.031482,0.032950
0.031217,0.032660
0.030952,0.032370
0.030686,0.032080
0.030421,0.031790
0.030156,0.031500
0.029890,0.031211
0.029625,0.030921
0.029359,0.030632
0.029093,0.030343
0.028827,0.030053
0.028561,0.029764
0.028295,0.029475
0.028029,0.029186
0.027762,0.028898
0.027496,0.028609
0.027229,0.028320
0.026962,0.028032
0.026695,0.027744
0.026428,0.027455
0.026161,0.027167
0.025894,0.026879
0.025627,0.026591
0.025359,0.026303
0.025092,0.026016
0.024824,0.025728
0.024556,0.025441
0.024289,0.025153
0.024021,0.024866
0.023753,0.024579
0.023484,0.024292
0.023216,0.024005
0.022948,0.023718
0.022679,0.023431
0.022410,0.023144
0.022141,0.022858
0.021873,0.022571
0.021604,0.022285
0.021334,0.021999
0.021065,0.021712
0.020796,0.021426
0.020526,0.021140
0.020257,0.020855
0.019987,0.020569
0.019717,0.020283
0.019447,0.019998
0.019177,0.019712
0.018907,0.019427
0.018637,0.019142
0.018367,0.018857
0.018096,0.018572
0.017826,0.018287
0.017555,0.018002
0.017284,0.017717
0.017013,0.017433
0.016742,0.017148
0.016471,0.016864
0.016200,0.016580
0.015929,0.016296
0.015657,0.016012
0.015385,0.015728
0.015114,0.015444
0.014842,0.015160
0.014570,0.014877
0.014298,0.014593
0.014026,0.014310
0.013754,0.014026
0.013481,0.013743
0.013209,0.013460
0.012936,0.013177
0.012664,0.012894
0.012391,0.012612
0.012118,0.012329
0.011845,0.012047
0.011572,0.011764
0.011298,0.011482
0.011025,0.011200
0.010752,0.010918
0.010478,0.010636
0.010204,0.010354
0.009930,0.010072
0.009657,0.009790
0.009382,0.009509
0.009108,0.009227
0.008834,0.008946
0.008560,0.008665
0.008285,0.008383
0.008011,0.008102
0.007736,0.007822
0.007461,0.007541
0.007186,0.007260
0.006911,0.006979
0.006636,0.006699
0.006361,0.006419
0.006086,0.006138
0.005810,0.005858
0.005534,0.005578
0.005259,0.005298
0.004983,0.005018
0.004707,0.004739
0.004431,0.004459
0.004155,0.004180
0.003879,0.003900
0.003602,0.003621
0.003326,0.003342
0.003049,0.003063
0.002773,0.002784
0.002496,0.002505
0.002219,0.002226
0.001942,0.001947
0.001665,0.001669
0.001388,0.001390
0.001110,0.001112
0.000833,0.000834
0.000555,0.000556
0.000278,0.000278
-0.000000,-0.000000
0.707107,0.707107
